0.023148148148148154	0.012066011554961741	0.012956150915154728	0.016086675414759236	0.008204690243064992	0.013776265017821346	2.876080962178483	2.631360415496575	2.2377727219191272	1.6961818949031624	1.5111829995817494	1.3754077266348905
0.0011111111111111115	0.003236810256051783	0.0030162761313137793	0.0012481919968510623	0.0034010735236513507	0.0019243475384774715	10.314716632208752	6.621919654211105	0.849852882523249	0.849852882523249	0.849852882523249	0.7679787000169767
0.0011111111111111115	0.003236810256051783	0.0030162761313137793	0.0012481919968510623	0.0034010735236513507	0.0019243475384774715	10.314716632208754	6.621919654211107	0.8498528825232491	0.8498528825232491	0.8498528825232491	0.7679787000169765
0.0011111111111111115	0.003236810256051783	0.0030162761313137793	0.0012481919968510623	0.0034010735236513507	0.0019243475384774715	10.314716632208754	6.621919654211107	0.8498528825232491	0.8498528825232491	0.8498528825232491	0.7679787000169765
0.0011111111111111115	0.003236810256051783	0.0030162761313137793	0.0012481919968510623	0.0034010735236513507	0.0019243475384774715	10.314716632208754	6.621919654211106	0.8498528825232491	0.8498528825232491	0.8498528825232491	0.7679787000169767
0.02425925925925925	0.021867993755395197	0.008561637449579534	0.032550802821595365	0.00816187097598611	0.021511191991259556	3.8375074002313156	3.1149239984684107	2.3263978031301833	2.3011147426408476	1.523719296260425	1.0593437056851873
0.0009259259259259255	0.0021251474137434683	0.005410404708443039	0.0003337533157101491	0.00523541371051389	0.0019952618035749712	10.956941592474308	6.7190756419329105	0.8973417137086694	0.8973417137086694	0.8973417137086694	0.8091542383778613
0.0009259259259259255	0.0021251474137434683	0.005410404708443039	0.0003337533157101491	0.00523541371051389	0.0019952618035749712	10.956941592474308	6.7190756419329105	0.8973417137086694	0.8973417137086694	0.8973417137086694	0.8091542383778613
0.0009259259259259255	0.0021251474137434683	0.005410404708443039	0.0003337533157101491	0.00523541371051389	0.0019952618035749712	10.956941592474308	6.7190756419329105	0.8973417137086696	0.8973417137086696	0.8973417137086696	0.8091542383778616
0.0009259259259259255	0.0021251474137434683	0.005410404708443039	0.0003337533157101491	0.00523541371051389	0.0019952618035749712	10.956941592474308	6.7190756419329105	0.8973417137086696	0.8973417137086696	0.8973417137086696	0.8091542383778614
0.02407407407407408	0.01855837863068978	0.008503876698333777	0.02311492130223942	0.014781767003267776	0.012130593331547002	3.0512087253646767	2.991302225730221	2.563797611360936	2.030108874340551	1.4692553560838522	1.1425755182014952
0.0009259259259259255	0.0020368270546432823	0.004560558354296622	0.0005707660005457436	0.0030243319049562635	0.003582815124118685	10.710742367665707	6.639476278735213	0.8808357087293467	0.8808357087293467	0.8808357087293467	0.789334911662535
0.0009259259259259255	0.0020368270546432823	0.004560558354296622	0.0005707660005457436	0.0030243319049562635	0.003582815124118685	10.710742367665706	6.639476278735209	0.8808357087293467	0.8808357087293467	0.8808357087293467	0.7893349116625346
0.0009259259259259255	0.0020368270546432823	0.004560558354296622	0.0005707660005457436	0.0030243319049562635	0.003582815124118685	10.710742367665702	6.6394762787352075	0.8808357087293465	0.8808357087293465	0.8808357087293465	0.7893349116625346
0.0009259259259259255	0.0020368270546432823	0.004560558354296622	0.0005707660005457436	0.0030243319049562635	0.003582815124118685	10.710742367665697	6.639476278735202	0.8808357087293457	0.8808357087293457	0.8808357087293457	0.7893349116625339
0.02129629629629629	0.01981565474438983	0.0054391974644298294	0.02286612521798003	0.014508145234431065	0.008793362877994699	2.725448941150843	2.407542447826865	2.13964990452681	2.078340644628407	1.4019246108424774	1.346078157201708
0.0009259259259259255	0.0014329427191641464	0.004984779405061752	0.000360338762485081	0.0025671979964086286	0.0033368669511911093	9.946802924167246	5.041489445939685	1.6336292632563016	1.6336292632563016	0.7184775759602553	0.6522445842597127
0.002037037037037037	0.004200906044753962	0.006092742851487658	0.0010972649051977578	0.007371937564315791	0.005687384139952701	5.1841804704014045	4.323957213577692	4.022950488047073	1.4734642036635408	1.100268484583361	1.1002684845833608
0.0009259259259259255	0.0014329427191641464	0.004984779405061752	0.000360338762485081	0.0025671979964086286	0.0033368669511911093	9.946802924167235	5.04148944593968	1.6336292632563003	1.6336292632563003	0.718477575960256	0.6522445842597133
0.0009259259259259255	0.0014329427191641464	0.004984779405061752	0.000360338762485081	0.0025671979964086286	0.0033368669511911093	9.946802924167235	5.041489445939679	1.6336292632562996	1.6336292632562996	0.7184775759602561	0.6522445842597133
0.02407407407407408	0.01838465906467216	0.008403616363023532	0.02314770822284986	0.011753585370065444	0.012460448320104988	2.0847782996946167	1.7709152004178452	1.6439983502033775	1.6332922992519707	1.6156341273230383	1.4962486159370398
0.0009259259259259255	0.0020368270546432823	0.004517077362068726	0.0005100302004454137	0.003082172587162952	0.002905548740564489	10.432378570218924	6.567829295587288	0.8664229726195081	0.8664229726195081	0.8664229726195081	0.5889667633050206
0.0009259259259259255	0.0020368270546432823	0.004517077362068726	0.0005100302004454137	0.003082172587162952	0.002905548740564489	10.432378570218924	6.5678292955872895	0.8664229726195081	0.8664229726195081	0.8664229726195081	0.5889667633050204
0.0009259259259259255	0.0020368270546432823	0.004517077362068726	0.0005100302004454137	0.003082172587162952	0.002905548740564489	10.432378570218928	6.56782929558729	0.8664229726195084	0.8664229726195084	0.8664229726195084	0.5889667633050204
0.0009259259259259255	0.0020368270546432823	0.004517077362068726	0.0005100302004454137	0.003082172587162952	0.002905548740564489	10.432378570218926	6.5678292955872895	0.8664229726195084	0.8664229726195084	0.8664229726195084	0.5889667633050205
0.02407407407407408	0.019630469559204642	0.008335080444388557	0.025832154971274356	0.011561411639910153	0.014924778890468011	2.1257591929994653	2.018996551890523	1.6684728840992755	1.6609193829137785	1.6428911579694574	1.516514362882298
0.0009259259259259255	0.0020368270546432823	0.004849015042118549	0.0004602137659531512	0.0037246642745752097	0.0028631724755693254	10.495740968778913	6.615413938153467	0.8627862146805779	0.8627862146805779	0.8627862146805779	0.5826087394477059
0.0009259259259259255	0.0020368270546432823	0.004849015042118549	0.0004602137659531512	0.0037246642745752097	0.0028631724755693254	10.495740968778913	6.615413938153467	0.8627862146805779	0.8627862146805779	0.8627862146805779	0.5826087394477059
0.0009259259259259255	0.0020368270546432823	0.004849015042118549	0.0004602137659531512	0.0037246642745752097	0.0028631724755693254	10.495740968778918	6.615413938153469	0.8627862146805784	0.8627862146805784	0.8627862146805784	0.5826087394477059
0.0009259259259259255	0.0020368270546432823	0.004849015042118549	0.0004602137659531512	0.0037246642745752097	0.0028631724755693254	10.49574096877891	6.615413938153463	0.8627862146805776	0.8627862146805776	0.8627862146805776	0.5826087394477061
0.02407407407407408	0.019630469559204635	0.008381717609303571	0.02570472290149026	0.012678565211234309	0.01474121822846917	2.2251536403295984	2.130585416285431	2.050131776528214	1.9547358607010306	1.7965342076280781	1.371610280153965
0.0009259259259259255	0.0020368270546432823	0.004849015042118549	0.0004955587084151074	0.003678779461212336	0.003155086761224174	10.543765934761435	6.6522067638091436	0.8638887099691273	0.8638887099691273	0.8638887099691273	0.5835323926818816
0.0009259259259259255	0.0020368270546432823	0.004849015042118549	0.0004955587084151074	0.003678779461212336	0.003155086761224174	10.543765934761446	6.652206763809152	0.8638887099691283	0.8638887099691283	0.8638887099691283	0.5835323926818817
0.0009259259259259255	0.0020368270546432823	0.004849015042118549	0.0004955587084151074	0.003678779461212336	0.003155086761224174	10.54376593476145	6.652206763809152	0.8638887099691285	0.8638887099691285	0.8638887099691285	0.5835323926818818
0.0009259259259259255	0.0020368270546432823	0.004849015042118549	0.0004955587084151074	0.003678779461212336	0.003155086761224174	10.543765934761435	6.652206763809145	0.8638887099691271	0.8638887099691271	0.8638887099691271	0.5835323926818816
0.024074074074074067	0.019630469559204642	0.008381717609303566	0.02520140390448609	0.012844432620016817	0.014309648502352279	2.7030218752614674	2.224633037244377	2.1923013226081234	1.9385948981914356	1.6651277349756237	1.4763380004903761
0.0009259259259259255	0.0020368270546432823	0.004849015042118549	0.0004955587084151074	0.0034906916721020613	0.0031980200656071957	10.559076404073473	6.587431531834473	0.8735831160648544	0.8735831160648544	0.8735831160648544	0.7400183077125876
0.0009259259259259255	0.0020368270546432823	0.004849015042118549	0.0004955587084151074	0.0034906916721020613	0.0031980200656071957	10.559076404073473	6.587431531834473	0.8735831160648544	0.8735831160648544	0.8735831160648544	0.7400183077125876
0.0009259259259259255	0.0020368270546432823	0.004849015042118549	0.0004955587084151074	0.0034906916721020613	0.0031980200656071957	10.559076404073473	6.587431531834473	0.8735831160648544	0.8735831160648544	0.8735831160648544	0.7400183077125874
0.0009259259259259255	0.0020368270546432823	0.004849015042118549	0.0004955587084151074	0.0034906916721020613	0.0031980200656071957	10.559076404073473	6.587431531834473	0.8735831160648544	0.8735831160648544	0.8735831160648544	0.7400183077125875
0.02407407407407408	0.019630469559204642	0.008297430153602549	0.025687637535089385	0.008434189840535898	0.01521792011749995	2.9605453187146686	2.707019301855371	2.5420637333609646	1.7742827042145362	1.4277002356779471	1.119873000463408
0.0009259259259259255	0.0020368270546432823	0.004849015042118549	0.0002802273474992831	0.0036725784169552283	0.0018833871593297161	10.796056343195971	6.702865360680453	0.8755777583067962	0.8755777583067962	0.8755777583067962	0.74426001024155
0.0009259259259259255	0.0020368270546432823	0.004849015042118549	0.0002802273474992831	0.0036725784169552283	0.0018833871593297161	10.796056343195975	6.702865360680456	0.8755777583067963	0.8755777583067963	0.8755777583067963	0.7442600102415495
0.0009259259259259255	0.0020368270546432823	0.004849015042118549	0.0002802273474992831	0.0036725784169552283	0.0018833871593297161	10.796056343195973	6.7028653606804545	0.8755777583067962	0.8755777583067962	0.8755777583067962	0.7442600102415498
0.0009259259259259255	0.0020368270546432823	0.004849015042118549	0.0002802273474992831	0.0036725784169552283	0.0018833871593297161	10.796056343195978	6.702865360680457	0.8755777583067965	0.8755777583067965	0.8755777583067965	0.74426001024155
0.02407407407407408	0.013231082622078377	0.008327559412755271	0.01675397652764867	0.00739417493310102	0.011293663315439443	2.670089541970919	2.3842877455947575	2.2730266763084117	2.223866210244186	1.7597075915226785	1.5928795111625624
0.0009259259259259255	0.0020368270546432823	0.0028165738101668734	0.000453654709134605	0.002532037414845036	0.0009576811571353574	10.476105905470217	6.660155600486384	0.8450745307551495	0.8450745307551495	0.8450745307551495	0.7260660708040138
0.0009259259259259255	0.0020368270546432823	0.0028165738101668734	0.000453654709134605	0.002532037414845036	0.0009576811571353574	10.476105905470217	6.660155600486384	0.8450745307551495	0.8450745307551495	0.8450745307551495	0.7260660708040138
0.0009259259259259255	0.0020368270546432823	0.0028165738101668734	0.000453654709134605	0.002532037414845036	0.0009576811571353574	10.476105905470217	6.660155600486382	0.8450745307551495	0.8450745307551495	0.8450745307551495	0.7260660708040141
0.0009259259259259255	0.0020368270546432823	0.0028165738101668734	0.000453654709134605	0.002532037414845036	0.0009576811571353574	10.476105905470217	6.660155600486382	0.8450745307551495	0.8450745307551495	0.8450745307551495	0.7260660708040138
0.007407407407407408	0.016149166669902886	0.008356859113504268	0.005741462123680459	0.015141868784240247	0.012622163654900691	2.3103997318666396	2.1427244889094483	2.0037559847125532	1.8364873731356037	1.5104952148115587	0.9846975827705643
0.005092592592592596	0.0045069995112502915	0.006513588309183845	0.007628957094732704	0.006517658674138828	0.006802125516692398	6.96243684408029	3.2327778231644526	3.2327778231644526	3.2327778231644526	3.120125664382209	0.45549896573420706
0.005092592592592596	0.0045069995112502915	0.006513588309183846	0.007628957094732703	0.006517658674138829	0.0068021255166924	6.96243684408029	3.232777823164453	3.232777823164453	3.2327778231644526	3.120125664382209	0.45549896573420695
0.005092592592592596	0.0045069995112502915	0.006513588309183846	0.007628957094732703	0.006517658674138829	0.0068021255166924	6.96243684408029	3.232777823164453	3.232777823164453	3.2327778231644526	3.120125664382209	0.45549896573420695
0.005092592592592596	0.0045069995112502915	0.006513588309183846	0.007628957094732703	0.006517658674138829	0.0068021255166924	6.962436844080291	3.2327778231644544	3.232777823164453	3.232777823164453	3.120125664382209	0.45549896573420706
0.007407407407407408	0.009749779732776624	0.009710558029397316	0.005677789036942407	0.006114599392713258	0.01412478862675946	2.9741984626420184	2.6379802724204566	2.145473216700286	1.7508411948458176	0.8867633698904309	0.8265209852083861
0.005092592592592596	0.0045069995112502915	0.0049165702067485995	0.005975285171870364	0.005893647129509795	0.004827738839676105	7.009713511782234	3.4904864548853545	3.350718143439299	3.350718143439299	3.350718143439299	0.598169610278316
0.005092592592592596	0.0045069995112502915	0.0049165702067485995	0.005975285171870364	0.005893647129509795	0.004827738839676105	7.009713511782234	3.4904864548853545	3.350718143439299	3.350718143439299	3.350718143439299	0.598169610278316
0.005092592592592596	0.0045069995112502915	0.0049165702067485995	0.005975285171870364	0.005893647129509795	0.004827738839676105	7.009713511782232	3.4904864548853536	3.350718143439299	3.350718143439299	3.350718143439299	0.5981696102783158
0.005092592592592596	0.0045069995112502915	0.0049165702067485995	0.005975285171870364	0.005893647129509795	0.004827738839676105	7.009713511782234	3.4904864548853554	3.3507181434393005	3.3507181434393005	3.3507181434393	0.5981696102783159
0.007407407407407408	0.009647767822464036	0.007930680860000212	0.006030070825244703	0.006748543308362716	0.008881550301213792	2.6364774578686867	2.438331058094386	1.9626992272805976	1.5246248041314263	1.0443762689966039	0.8749374060383102
0.005092592592592591	0.00450699951125029	0.004881851829795763	0.005422782464401642	0.0052473609553960136	0.004674470658091555	6.974099328302459	3.2942718329033265	3.2942718329033265	3.2942718329033265	3.284469687326014	0.636585373975529
0.005092592592592591	0.00450699951125029	0.004881851829795763	0.005422782464401642	0.0052473609553960136	0.004674470658091555	6.974099328302453	3.2942718329033234	3.294271832903323	3.294271832903322	3.284469687326011	0.6365853739755286
0.005092592592592591	0.00450699951125029	0.004881851829795763	0.005422782464401642	0.0052473609553960136	0.004674470658091555	6.974099328302453	3.2942718329033234	3.294271832903323	3.294271832903323	3.2844696873260117	0.6365853739755291
0.005092592592592596	0.00450699951125029	0.0048818518297957594	0.005422782464401645	0.0052473609553960136	0.004674470658091552	6.97409932830246	3.2942718329033265	3.294271832903326	3.294271832903326	3.284469687326014	0.6365853739755291
0.007129629629629625	0.009209518794063584	0.008017035674375898	0.005777521823207555	0.006783087136441644	0.009261386911087988	1.8584679795640362	1.642246887071673	1.5523831641316432	1.5273715128470151	1.481332404376822	1.3438773879350063
0.004814814814814818	0.004104862528161295	0.004941230922370707	0.005733164101962266	0.005003542846622415	0.004417735264308263	5.883930276911068	3.6680916380006816	3.668091638000681	3.2506777013381467	3.1188570886176596	0.765920941981002
0.004814814814814818	0.004104862528161295	0.004941230922370707	0.005733164101962266	0.005003542846622415	0.004417735264308263	5.883930276911068	3.6680916380006816	3.668091638000681	3.2506777013381467	3.1188570886176596	0.765920941981002
0.006203703703703708	0.006457695219855468	0.005611379016779995	0.005763199425056204	0.007237689022710305	0.006882549357634887	4.14544222529802	4.090695800640095	1.9432960236667978	1.6312452959138777	1.6312452959138777	1.6312452959138777
0.004814814814814814	0.004104862528161294	0.004941230922370711	0.005733164101962267	0.0050035428466224125	0.004417735264308262	5.883930276911069	3.668091638000681	3.668091638000681	3.2506777013381463	3.1188570886176588	0.7659209419810014
0.007407407407407408	0.009545755912151472	0.007716129200016559	0.005642028516836792	0.006816392412569199	0.009013136967675028	1.9104460448244571	1.6399037074467655	1.6233151533997052	1.3369409396923555	1.1377483756961344	1.053184421415349
0.005092592592592596	0.0045069995112502915	0.004847515675682439	0.00530741933701229	0.004993344610680583	0.004421305209897702	7.016974775792511	3.396734966597218	3.329665456835802	3.329665456835802	3.329665456835802	0.4812743453628527
0.005092592592592596	0.0045069995112502915	0.004847515675682439	0.005307419337012291	0.004993344610680583	0.004421305209897702	7.016974775792511	3.3967349665972177	3.3296654568358015	3.3296654568358015	3.3296654568358015	0.48127434536285246
0.005092592592592596	0.0045069995112502915	0.004847515675682439	0.005307419337012291	0.004993344610680583	0.004421305209897702	7.016974775792514	3.396734966597219	3.3296654568358033	3.3296654568358033	3.3296654568358024	0.4812743453628525
0.005092592592592596	0.0045069995112502915	0.004847515675682439	0.005307419337012291	0.004993344610680583	0.004421305209897702	7.01697477579251	3.396734966597217	3.3296654568358015	3.3296654568358015	3.329665456835801	0.4812743453628525
0.007129629629629632	0.009107506883751006	0.008043893501194449	0.005976687216071562	0.006834363472048546	0.009907275861743307	1.8051405900056205	1.5483180569370636	1.379617577279979	1.3480379440767378	0.9814542649684223	0.9147267229871955
0.006203703703703708	0.0064576952198554674	0.005577861928601096	0.005737563391529988	0.007293395928443287	0.006991131344859855	4.132476693657154	4.0851486390761735	1.8955755850017524	1.6025625239780967	1.6025625239780967	1.6025625239780967
0.004814814814814818	0.004104862528161296	0.004906771902419806	0.0056962586030727584	0.005053529074381116	0.004543867040508442	5.8537138753008024	3.6513687438910503	3.6513687438910503	3.2104866980038342	3.0794509844936084	0.7473300142549761
0.004814814814814819	0.004104862528161296	0.004906771902419806	0.0056962586030727584	0.005053529074381116	0.004543867040508442	5.853713875300809	3.651368743891053	3.651368743891051	3.2104866980038365	3.0794509844936107	0.7473300142549766
0.004814814814814819	0.004104862528161296	0.004906771902419806	0.0056962586030727584	0.005053529074381116	0.004543867040508442	5.8537138753008096	3.651368743891053	3.651368743891053	3.2104866980038373	3.079450984493611	0.7473300142549766
0.007129629629629632	0.00978428618222256	0.008490759854417945	0.0063936305317144745	0.008910272848193838	0.011188376097980162	1.6299029506421026	1.4790363108853997	1.3613918605577362	1.2952330576917321	1.1373414097038934	1.0440902913095254
0.004814814814814814	0.004675661186261571	0.0054648345053113934	0.006121079500699202	0.007048140148322659	0.005858515508779558	5.859357823746013	3.488294604856941	3.488294604856941	3.020707220284938	2.9554958080664813	0.49654255869307107
0.004814814814814814	0.004675661186261567	0.005464834505311392	0.006121079500699207	0.007048140148322659	0.005858515508779553	5.8593578237460155	3.4882946048569425	3.4882946048569425	3.02070722028494	2.955495808066483	0.4965425586930714
0.004814814814814814	0.004675661186261567	0.005464834505311392	0.006121079500699207	0.007048140148322659	0.005858515508779553	5.8593578237460155	3.4882946048569425	3.488294604856942	3.02070722028494	2.9554958080664826	0.49654255869307135
0.007870370370370371	0.006022529767289585	0.006871863831296404	0.01112269605414258	0.005611915649190705	0.010363459552759118	5.258126685757983	3.714425731054219	2.7754338457011314	2.015209473760573	1.6553293005470906	1.6553293005470906
0.007407407407407408	0.009647767822464043	0.008164791369038128	0.005917295028054706	0.00694894954013929	0.010335859128470105	2.1878551187055564	2.1320225176996503	1.5035454170678695	1.4988919970372754	0.955657450997792	0.7254690512151937
0.005092592592592596	0.00450699951125029	0.004881851829795762	0.005497513872770551	0.005328408377729847	0.004788721243567086	7.007651965178668	3.2995809985233038	3.286313320985947	3.286313320985947	3.2863133209859465	0.5026037791034006
0.005092592592592596	0.00450699951125029	0.004881851829795762	0.005497513872770551	0.005328408377729847	0.004788721243567086	7.007651965178668	3.2995809985233038	3.286313320985947	3.286313320985947	3.2863133209859465	0.5026037791034006
0.005092592592592591	0.004506999511250289	0.0048818518297957655	0.005497513872770548	0.005328408377729843	0.004788721243567092	7.0076519651786695	3.299580998523305	3.2863133209859474	3.2863133209859474	3.286313320985946	0.5026037791034005
0.005092592592592591	0.004506999511250289	0.0048818518297957655	0.005497513872770548	0.005328408377729843	0.004788721243567092	7.0076519651786695	3.299580998523305	3.2863133209859474	3.2863133209859474	3.286313320985946	0.5026037791034005
0.007407407407407408	0.00993527989155244	0.008560149680921	0.005984995277629993	0.0073978364873347295	0.011570699248167803	2.405628594247425	2.2050460840689103	1.7746599264944718	1.4344450793831776	0.8128924406822312	0.7451657739242793
0.005092592592592596	0.0045069995112502915	0.004977826200949398	0.005747250883898425	0.005613887018552883	0.005092321746897498	6.978962039784472	3.4288404853437706	3.350333736950469	3.350333736950469	3.350333736950469	0.5123044052721757
0.005092592592592596	0.0045069995112502915	0.004977826200949397	0.005747250883898425	0.005613887018552883	0.005092321746897497	6.9789620397844745	3.428840485343771	3.35033373695047	3.3503337369504695	3.3503337369504695	0.5123044052721751
0.005092592592592596	0.0045069995112502915	0.004977826200949397	0.005747250883898425	0.005613887018552883	0.005092321746897497	6.9789620397844745	3.428840485343771	3.35033373695047	3.3503337369504695	3.3503337369504695	0.5123044052721751
0.005092592592592596	0.0045069995112502915	0.004977826200949397	0.005747250883898425	0.005613887018552883	0.005092321746897497	6.978962039784473	3.4288404853437715	3.3503337369504695	3.3503337369504695	3.3503337369504695	0.5123044052721756
0.007870370370370371	0.011335688464647758	0.00978381784192541	0.008050573983779978	0.011315512068015742	0.015023250804367073	1.8342790129442788	1.7921198481577263	1.541551783918842	1.3056412430732325	1.0485524407686804	1.0043202460156733
0.005092592592592596	0.004661320498904613	0.005619823381958505	0.0067912571958720636	0.006978207838509506	0.007049814923868889	7.028292682651209	3.303628102216727	3.303628102216726	3.303628102216726	3.3005780710992063	0.5701371033402541
0.005092592592592596	0.004661320498904613	0.005619823381958505	0.0067912571958720636	0.006978207838509506	0.007049814923868889	7.028292682651209	3.303628102216727	3.303628102216726	3.303628102216726	3.3005780710992063	0.5701371033402541
0.005092592592592596	0.004661320498904613	0.005619823381958505	0.0067912571958720636	0.006978207838509506	0.007049814923868889	7.028292682651209	3.3036281022167264	3.303628102216726	3.303628102216726	3.3005780710992063	0.5701371033402541
0.005092592592592596	0.004661320498904613	0.005619823381958505	0.0067912571958720636	0.006978207838509506	0.007049814923868889	7.028292682651209	3.303628102216727	3.303628102216726	3.303628102216726	3.3005780710992063	0.5701371033402541
0.00787037037037037	0.009557508177527405	0.00891455344146197	0.00873447728736455	0.009549460836799903	0.01004594894072057	1.3849204558437336	1.3399313980003886	1.0089099055303605	0.9480306733780943	0.874073719571588	0.874073719571588
0.004166666666666667	0.003923492996014626	0.004700286225660891	0.004361603414532142	0.00401758648559374	0.003975423244889168	2.8271814435590352	2.161695879866837	2.1542053560476133	2.097463438148242	2.003231829678285	2.003231829678285
0.005555555555555556	0.004166666666666667	0.003923492996014626	0.00470028622566089	0.004361603414532142	0.0026286975967048506	2.6344627933981046	2.192213078927719	2.190894572129154	2.188096277439108	2.155803628477778	2.154485121679214
0.005555555555555556	0.005555555555555556	0.004166666666666667	0.003923492996014626	0.003311397336772001	0.0027295408549912114	2.824742608373603	2.3748390160739676	2.268518202560893	2.228275044516798	2.225396074070519	2.148495134946345
0.005555555555555556	0.005555555555555556	0.005555555555555556	0.002777777777777778	0.0022914304364736945	0.0038450168957662244	2.213035242064873	1.2864423937761762	1.2275135073347128	1.0507551669001012	1.0507551669001012	1.0501629596089153
0.005555555555555556	0.005555555555555556	0.004166666666666667	0.003923492996014626	0.003311397336772001	0.0027295408549912114	2.8247426083736036	2.3748390160739676	2.268518202560893	2.228275044516798	2.225396074070519	2.148495134946345
0.005555555555555556	0.004166666666666667	0.003923492996014626	0.00470028622566089	0.004361603414532142	0.0026286975967048506	2.6344627933981046	2.192213078927719	2.190894572129154	2.188096277439108	2.155803628477778	2.154485121679214
0.004166666666666667	0.003923492996014626	0.004700286225660891	0.004361603414532142	0.00401758648559374	0.003975423244889168	2.8271814435590357	2.161695879866838	2.1542053560476133	2.0974634381482424	2.003231829678285	2.003231829678285
0.008333333333333335	0.009836442618808741	0.009617771716518156	0.011353589688429068	0.010394200443843447	0.007958694927317654	1.2154561260173533	1.175532230135851	1.14652211556185	0.9629267875282347	0.9282349427282626	0.8312202152939674
0.003240740740740742	0.003528596601968386	0.00671699885195174	0.005916457683098367	0.004586912620231753	0.004428158904206607	2.3604485965680446	2.2601264367356704	1.814358337562828	1.1682754717325339	1.1638434465188303	1.13990655042
0.007407407407407404	0.00729465864791508	0.0068323255130833425	0.008399402540722403	0.007846157174596236	0.005421536043646678	1.4784451296260004	1.4223885419564883	1.1305702583540391	0.9980954291039988	0.9793932333261286	0.9011587436230541
0.004629629629629631	0.004917485490857276	0.004763605468407201	0.004516417844739011	0.004199581277084369	0.0038425626033159856	1.8873734387270698	1.7056076753547544	1.6987286926618483	1.6764497969433956	1.669908717205142	1.592822510565683
0.005555555555555556	0.00462962962962963	0.004917485490857275	0.0033747165795183125	0.003127528955850123	0.004941363746687152	1.6487202707510877	1.3445783141338374	1.1696096996030652	1.1631709740439338	1.1527550023054258	1.1527297763625404
0.005555555555555556	0.005555555555555556	0.003240740740740741	0.003528596601968387	0.0041164990491210935	0.0037682954525313315	1.9975682590526218	1.9320668796734464	1.784069062521185	1.7750583092208072	1.7535742808797086	1.6914805827492334
0.005555555555555556	0.004166666666666667	0.0041666666666666675	0.003982523210343523	0.004169363098649595	0.00480520007380935	1.606863427514302	1.5874894268808524	1.2994528616714733	1.2977183101252445	1.2958992137742555	1.279251482723859
0.004166666666666667	0.004166666666666668	0.004908449136269448	0.004807433163347876	0.00467122423503178	0.0043943399669457124	1.9126430773914096	1.8138200650888605	1.801355193759739	1.7810892202410116	1.7070645059180387	1.6135659854811433
0.008333333333333335	0.01111111111111111	0.010464004691825	0.010362988718903433	0.01099103354179154	0.010444556448679117	1.0579663779357589	0.9842497767184692	0.9302061530477975	0.809868632663683	0.7888416187813341	0.7652638260659501
0.004166666666666667	0.004166666666666668	0.0055555555555555575	0.005221291676379351	0.005166852521771416	0.00549041834451469	2.730126937102793	2.1469267819573434	2.143990995598251	2.0704756386224363	1.9855279567350077	1.9807870843902282
0.005555555555555556	0.004166666666666667	0.0041666666666666675	0.005555555555555557	0.005221291676379351	0.0037779636328825273	2.5076247431862644	2.1490966430128635	2.1450648004441897	2.1449993346751586	2.0890663913672096	2.0850345487985353
0.005555555555555556	0.005555555555555556	0.004166666666666667	0.0041666666666666675	0.004166666666666668	0.0038324027874904634	2.643154143660808	2.285100153435401	2.1905320109450943	2.1320494398100607	2.1293311319395203	2.045858578212408
0.005555555555555556	0.005555555555555556	0.005555555555555556	0.002777777777777778	0.00277777777777778	0.005555555555555558	1.9952482202142028	1.322266331898844	1.0699585324848295	0.9745150463617444	0.9745150463617444	0.9582865920134545
0.005555555555555556	0.005555555555555556	0.004166666666666667	0.0041666666666666675	0.004166666666666668	0.0038324027874904634	2.643154143660808	2.285100153435401	2.1905320109450943	2.1320494398100607	2.1293311319395203	2.045858578212408
0.005555555555555556	0.004166666666666667	0.0041666666666666675	0.005555555555555557	0.005221291676379351	0.0037779636328825273	2.5076247431862644	2.1490966430128635	2.1450648004441897	2.1449993346751586	2.0890663913672096	2.0850345487985353
0.004166666666666667	0.004166666666666668	0.0055555555555555575	0.005221291676379351	0.005166852521771416	0.00549041834451469	2.730126937102793	2.1469267819573434	2.143990995598251	2.0704756386224363	1.9855279567350077	1.9807870843902282
0.008333333333333335	0.01111111111111111	0.011111111111111106	0.010776847231934903	0.01072240807732697	0.010984430268005893	1.0136976510348366	0.9951154820905324	0.9691727164699621	0.8043023530411574	0.8042603688596826	0.8042603688596826
0.004166666666666667	0.004166666666666668	0.0055555555555555575	0.005555555555555554	0.005385745948584165	0.005357543579243412	2.7424927145179723	2.1302236046392626	2.1289457812735586	2.1032507314124054	2.006402977019648	1.9914231598064038
0.005555555555555556	0.004166666666666667	0.0041666666666666675	0.005555555555555557	0.005555555555555554	0.003996857059695276	2.5667729340907495	2.2531545884440325	2.252789546644864	2.2527321420890773	2.0550779488026354	2.054712907003467
0.005555555555555556	0.005555555555555556	0.004166666666666667	0.0041666666666666675	0.004166666666666668	0.004166666666666666	2.6774331464960395	2.2932280006844667	2.1874051302360193	2.182363848032574	2.165745787468601	2.0644323577027275
0.005555555555555556	0.005555555555555556	0.005555555555555556	0.002777777777777778	0.00277777777777778	0.005555555555555558	2.1539758454402436	1.2328934332947283	1.2084105978454827	1.0707877966554165	1.0707877966554165	0.9965043631461105
0.005555555555555556	0.005555555555555556	0.004166666666666667	0.0041666666666666675	0.004166666666666668	0.004166666666666666	2.6774331464960395	2.2932280006844667	2.1874051302360193	2.182363848032574	2.165745787468601	2.0644323577027275
0.005555555555555556	0.004166666666666667	0.0041666666666666675	0.005555555555555557	0.005555555555555554	0.003996857059695276	2.5667729340907495	2.2531545884440325	2.252789546644864	2.2527321420890773	2.0550779488026354	2.054712907003467
0.004166666666666667	0.004166666666666668	0.0055555555555555575	0.005555555555555554	0.005385745948584165	0.005357543579243412	2.7424927145179723	2.1302236046392626	2.1289457812735586	2.1032507314124054	2.006402977019648	1.9914231598064038
0.008333333333333335	0.01111111111111111	0.011111111111111106	0.011111111111111106	0.010979413914296025	0.01094710223983817	0.9791900536310518	0.962988216778098	0.9297338029174583	0.785258891557557	0.785258891557557	0.7840996195980799
0.004166666666666667	0.004166666666666668	0.0055555555555555575	0.005555555555555554	0.005555555555555554	0.005488710262158017	2.7478038653813996	2.144383920208367	2.142873409122476	2.1020366322809476	2.00985614278694	1.9973143393276458
0.005555555555555556	0.004166666666666667	0.0041666666666666675	0.005555555555555557	0.005555555555555554	0.004166666666666665	2.5596945138886023	2.2382312598618372	2.2372348448173778	2.236922290496131	2.071698463790124	2.070702048745665
0.005555555555555556	0.005555555555555556	0.004166666666666667	0.0041666666666666675	0.004166666666666668	0.004166666666666666	2.7021786941168413	2.3064019330980536	2.2052401954905925	2.188020112630755	2.172644943462535	2.0795242534639464
0.005555555555555556	0.005555555555555556	0.005555555555555556	0.002777777777777778	0.00277777777777778	0.005555555555555558	2.1396715580054115	1.2115946958969734	1.1956781977745796	1.0690338705766302	1.0690338705766302	1.0048903001131757
0.005555555555555556	0.005555555555555556	0.004166666666666667	0.0041666666666666675	0.004166666666666668	0.004166666666666666	2.7021786941168413	2.3064019330980536	2.2052401954905925	2.1880201126307552	2.1726449434625352	2.0795242534639464
0.005555555555555556	0.004166666666666667	0.0041666666666666675	0.005555555555555557	0.005555555555555554	0.004166666666666665	2.5596945138886023	2.238231259861837	2.2372348448173778	2.236922290496131	2.071698463790124	2.070702048745665
0.004166666666666667	0.004166666666666668	0.0055555555555555575	0.005555555555555554	0.005555555555555554	0.005488710262158017	2.7478038653813996	2.144383920208367	2.142873409122476	2.1020366322809476	2.00985614278694	1.9973143393276458
0.008333333333333335	0.01111111111111111	0.011111111111111106	0.01118759561302718	0.011179324175061112	0.011076944004091236	0.9798504972107354	0.9547892744453593	0.9384135856488666	0.7963476689603991	0.7963476689603991	0.7956902755832684
0.004166666666666667	0.004166666666666668	0.0055555555555555575	0.005555555555555554	0.0055936679657118595	0.005589558660594763	2.756228378838172	2.1445834248241438	2.142043888358488	2.113357881004555	2.0146902530424318	2.0034831765257426
0.005555555555555556	0.004166666666666667	0.0041666666666666675	0.005555555555555557	0.005555555555555554	0.004204779076822971	2.5648818443706265	2.237078270552195	2.2367211294979317	2.236164021425044	2.0817814620815773	2.0814243210273133
0.005555555555555556	0.005555555555555556	0.004166666666666667	0.0041666666666666675	0.004166666666666668	0.004166666666666666	2.703292222889703	2.313979318236042	2.2192750349103707	2.1820922091093395	2.169696734109388	2.0785435808774
0.005555555555555556	0.005555555555555556	0.005555555555555556	0.002777777777777778	0.00277777777777778	0.005555555555555558	2.1474960931491984	1.2086576914112448	1.2072820669146216	1.0737645102371312	1.0737645102371312	1.0133121361487976
0.005555555555555556	0.005555555555555556	0.004166666666666667	0.0041666666666666675	0.004166666666666668	0.004166666666666666	2.703292222889703	2.313979318236042	2.2192750349103707	2.1820922091093395	2.169696734109388	2.0785435808773998
0.005555555555555556	0.004166666666666667	0.0041666666666666675	0.005555555555555557	0.005555555555555554	0.004204779076822971	2.564881844370626	2.2370782705521948	2.2367211294979312	2.2361640214250444	2.0817814620815773	2.0814243210273133
0.004166666666666667	0.004166666666666668	0.0055555555555555575	0.005555555555555554	0.0055936679657118595	0.005589558660594763	2.7562283788381716	2.1445834248241438	2.142043888358488	2.1133578810045544	2.0146902530424318	2.003483176525742
0.008333333333333335	0.01111111111111111	0.011265118841357087	0.01124836465449749	0.01117546854653832	0.010998372414435562	0.9652895776799593	0.9573382932338167	0.9457873307853322	0.8028451612756333	0.8028451612756333	0.8028352412411603
0.004166666666666667	0.004166666666666668	0.0055555555555555575	0.005632040057471625	0.005623768619505559	0.005587297863907792	2.7648120395634335	2.1369444050501607	2.1345890108448105	2.1281414609791254	2.019209352276837	2.0075041886676233
0.005555555555555556	0.004166666666666667	0.0041666666666666675	0.005555555555555557	0.005632040057471625	0.00423487973061667	2.588346283032616	2.253684353942708	2.252551143268824	2.252369455465714	2.0887238701052144	2.0875906594313305
0.005555555555555556	0.005555555555555556	0.004166666666666667	0.0041666666666666675	0.004166666666666668	0.004243151168582737	2.7235029442558827	2.321948157963177	2.231188796917302	2.191863045498184	2.176512027801662	2.0957400531930004
0.005555555555555556	0.005555555555555556	0.005555555555555556	0.002777777777777778	0.00277777777777778	0.005555555555555558	2.184449615449303	1.1997819469649649	1.1913084539768652	1.0927429444164862	1.0927429444164862	1.021959808092862
0.005555555555555556	0.005555555555555556	0.004166666666666667	0.0041666666666666675	0.004166666666666668	0.004243151168582737	2.7235029442558827	2.321948157963177	2.231188796917302	2.191863045498184	2.176512027801662	2.0957400531930004
0.005555555555555556	0.004166666666666667	0.0041666666666666675	0.005555555555555557	0.005632040057471625	0.00423487973061667	2.588346283032615	2.253684353942708	2.2525511432688243	2.2523694554657143	2.0887238701052144	2.0875906594313305
0.004166666666666667	0.004166666666666668	0.0055555555555555575	0.005632040057471625	0.005623768619505559	0.005587297863907792	2.7648120395634335	2.1369444050501607	2.1345890108448105	2.1281414609791254	2.019209352276837	2.0075041886676233
0.008333333333333335	0.011423281477258424	0.011388927859829348	0.0111637165756989	0.010821533591958688	0.010889266977687391	0.9809969455055114	0.9791390532803955	0.890998882573998	0.7988065073015681	0.7325439409102018	0.7325439409102018
0.004166666666666667	0.004166666666666668	0.005709563285801538	0.005692809098941932	0.005580934975481596	0.005410197809881301	2.7433243154766824	2.1557665254828287	2.15468788844706	2.0712815596294556	1.9936923542896519	1.9849551878414542
0.005555555555555556	0.004166666666666667	0.0041666666666666675	0.005709563285801538	0.005692809098941932	0.004192046086592707	2.568103162765005	2.2322857037096435	2.2258211275176416	2.2257901593063836	2.078818720943991	2.0723541447519884
0.005555555555555556	0.005555555555555556	0.004166666666666667	0.0041666666666666675	0.004320674396912649	0.004303920210053044	2.730596179364953	2.31549089442831	2.2213767402031994	2.2046394725785787	2.192230054649782	2.106954587907223
0.005555555555555556	0.005555555555555556	0.005555555555555556	0.002777777777777778	0.00277777777777778	0.005863571016047519	2.120374935501837	1.2630486773946958	1.1453943802628452	1.0540058381997237	1.0540058381997237	1.0067951619364572
0.005555555555555556	0.005555555555555556	0.004166666666666667	0.0041666666666666675	0.004320674396912649	0.004303920210053044	2.730596179364953	2.31549089442831	2.2213767402031994	2.2046394725785787	2.192230054649782	2.106954587907223
0.005555555555555556	0.004166666666666667	0.0041666666666666675	0.005709563285801538	0.005692809098941932	0.004192046086592707	2.568103162765005	2.2322857037096435	2.2258211275176416	2.2257901593063836	2.078818720943991	2.0723541447519884
0.004166666666666667	0.004166666666666668	0.005709563285801538	0.005692809098941932	0.005580934975481596	0.005410197809881301	2.7433243154766824	2.1557665254828287	2.15468788844706	2.0712815596294556	1.9936923542896519	1.9849551878414542
0.008796296296296297	0.011679983256329511	0.01106346845050054	0.010419172752635715	0.010615050466530874	0.010619830603913798	1.248571198665246	1.157510769069018	1.0000418973317284	0.937547219999776	0.937547219999776	0.9368954987512602
0.004166666666666667	0.004389838336837442	0.0058333723042737935	0.005530291549675494	0.005204956027587871	0.005305368487839022	2.759513449604338	2.1330211103163954	2.1303078935372723	2.0936545403721216	2.0056659626433926	1.9875629619296697
0.005555555555555556	0.004166666666666667	0.004389838336837443	0.005833372304273793	0.005530291549675494	0.003816067138698983	2.5478104944027664	2.223662508219781	2.2226976321816747	2.219714348053221	2.01955037747389	2.0185855014357834
0.005555555555555556	0.005555555555555556	0.004166666666666667	0.004389838336837443	0.0044444834153849035	0.004364574330957382	2.5127456991738817	2.209040005985304	2.1166149059088295	2.053202388539842	2.0503231736212744	2.0158067149389374
0.005555555555555556	0.005555555555555556	0.005555555555555556	0.002777777777777778	0.0032241211181193302	0.0061111890529920295	2.134919399961948	1.2625406244794468	1.1646143915312746	1.0225597219820366	1.0225597219820366	0.9656953739158162
0.005555555555555556	0.005555555555555556	0.004166666666666667	0.004389838336837443	0.0044444834153849035	0.004364574330957382	2.5127456991738817	2.209040005985304	2.1166149059088295	2.053202388539842	2.0503231736212744	2.0158067149389374
0.005555555555555556	0.004166666666666667	0.004389838336837443	0.005833372304273793	0.005530291549675494	0.003816067138698983	2.5478104944027664	2.223662508219781	2.2226976321816747	2.219714348053221	2.01955037747389	2.0185855014357834
0.004166666666666667	0.004389838336837442	0.0058333723042737935	0.005530291549675494	0.005204956027587871	0.005305368487839022	2.7595134496043383	2.1330211103163954	2.130307893537273	2.093654540372122	2.0056659626433926	1.98756296192967
0.006944444444444442	0.008037782589807427	0.0071428293064711	0.0075700973796945705	0.007870026542972034	0.007412286815930593	1.4648869872053882	1.2183939730727564	1.0567000802046222	0.9628927131205488	0.9558593423569424	0.9355131319192046
0.004629629629629631	0.003650749112575986	0.004718605037104291	0.0059480209305755516	0.0052595798851766285	0.0046582012482930465	1.534925927224556	1.4466020035474945	1.3316623248635053	1.0568968688071005	0.9426409623258436	0.942197576836821
0.004629629629629631	0.003991559564931348	0.004807841605917779	0.0049167393259435845	0.005390616071325917	0.005310779377794742	1.6122214752495458	1.5271585717061609	1.2459775211320856	1.104698427343368	1.0350347859311968	1.0285060594408604
0.007407407407407404	0.008683547536803969	0.006338526027747953	0.006406085824146028	0.007530455610289709	0.007555925045845674	1.4750091544694839	1.2367779434319	1.2225115854360817	1.0666213424387123	1.0579299930880943	1.055880996125872
0.004629629629629631	0.004917485490857276	0.005786722122971424	0.003347975407520792	0.003337247224728063	0.005785573187137702	1.4639860737419925	1.4243505055574355	1.3144367669099013	1.0920666268644332	1.0697638730272476	1.0575894271777824
0.005555555555555556	0.00462962962962963	0.0039915595649313495	0.004807841605917778	0.004075020879693735	0.003522319384349856	1.6452104385750947	1.561056423810074	1.415594869055788	1.4060006947662789	1.3462038754202998	1.0229228057843456
0.005555555555555556	0.00462962962962963	0.003650749112575984	0.004718605037104293	0.004992913765539571	0.003762402379663782	1.733378041240584	1.665612448072602	1.5162413272083703	1.5157625851202297	1.513477381158075	1.0352164990046961
0.004629629629629631	0.004576675038501909	0.005356675101802573	0.003835821272197778	0.0044059865370743405	0.006465892272940203	1.5622140949145724	1.4615332858701806	1.314075790129078	1.282233255848506	1.2228585091584863	1.2228446796110173
