0.36467499942337755	0.6789247836265893	0.302684185282696	0.696764027116691	0.34103161373874263	0.3916379770104663	0.31856544864948494	0.11409983592500224	0.13965796317372395	0.11735273088509046	0.1277272074314594	0.11117172374613934
0.14115933581241505	0.08688236874145568	0.10869507653620654	0.1022051525444325	0.10494924125528254	0.17133903758372457	0.13302498776209412	0.3014987539884037	0.2868016235596631	0.29737946601320936	0.29950148624191053	0.272299397457055
0.20671758576835111	0.32941494582014746	0.18323685496213946	0.17604440491871726	0.1396639518981266	0.17331444344283456	0.13970860172782795	0.17485193253742962	0.21547088398157316	0.15422192649330263	0.21727580085180973	0.16323695796388066
0.04876017211332465	0.018703441439636325	0.08406875622427631	0.07854660978349544	0.08820725168241299	0.10453133002403774	0.09073960862741641	0.30149875375241947	0.4188326343226818	0.2566364374397323	0.3911227489233503	0.2650265281193171
0.04876017211332465	0.018703441439636325	0.08406875622427631	0.07854660978349544	0.08820725168241299	0.10453133002403774	0.09073960862741641	0.30149875375241947	0.4188326343226818	0.2566364374397323	0.3911227489233503	0.2650265281193171
0.14115933581241505	0.13715085622227913	0.13250013145825665	0.11214335183366828	0.11652947312169194	0.16225460931246974	0.12251293089633265	0.22283735336024832	0.28121904962557415	0.19072768625027936	0.288482232327775	0.19760702054305104
0.39151591316653195	0.4147174331341926	0.35707628671194913	0.4628166800733229	0.4210146962985388	0.45499577456068047	0.42356075920509206	0.037687344273337565	0.14237317420764814	0.0664248995437859	0.13024828009144349	0.08201239243954876
0.04876017211332465	0.10756620926521322	0.08406875622427631	0.09547701571390906	0.08820725168241299	0.08325420508652982	0.09073960862741641	0.32823183096944025	0.2657264274891756	0.3122989535804326	0.2741996025036773	0.3326268363202524
0.04876017211332465	0.10756620926521322	0.08406875622427631	0.09547701571390906	0.08820725168241299	0.08325420508652982	0.09073960862741641	0.32823183096944025	0.2657264274891756	0.3122989535804326	0.2741996025036773	0.3326268363202524
0.04876017211332465	0.10756620926521322	0.08406875622427631	0.09547701571390906	0.08820725168241299	0.08325420508652982	0.09073960862741641	0.32823183096944025	0.2657264274891756	0.3122989535804326	0.2741996025036773	0.3326268363202524
0.14115933581241505	0.2905035113052032	0.12741483535463805	0.12869084713488801	0.12567388209795463	0.11561628750632051	0.12976823261546905	0.23620389197544195	0.19763053732341576	0.21846940643451693	0.19153983479571712	0.22815864299532737
0.04876017211332465	0.10756620926521322	0.08406875622427631	0.09547701571390906	0.08820725168241299	0.08325420508652982	0.09073960862741641	0.32823183096944025	0.2657264274891756	0.3122989535804326	0.2741996025036773	0.3326268363202524
0.04876017211332465	0.10756620926521322	0.08406875622427631	0.09547701571390906	0.08820725168241299	0.08325420508652982	0.09073960862741641	0.32823183096944025	0.2657264274891756	0.3122989535804326	0.2741996025036773	0.3326268363202524
0.04876017211332465	0.10756620926521322	0.08406875622427631	0.09547701571390906	0.08820725168241299	0.08325420508652982	0.09073960862741641	0.32823183096944025	0.2657264274891756	0.3122989535804326	0.2741996025036773	0.3326268363202524
0.36467499942337755	0.6052390201185838	0.2792928918655348	0.7903669079843515	0.34290967175954146	0.7521090140617124	0.3581160837756384	0.07965749033738381	0.17573157733449662	0.09968615676442565	0.15555587840540888	0.12753069799281638
0.04876017211332465	0.07350421626965699	0.08406875622427631	0.07457607878793569	0.08820725168241299	0.07806653243407388	0.09073960862741641	0.30149875375241947	0.37613227898693513	0.23269880287199807	0.4379039733454587	0.26661383004570044
0.04876017211332465	0.07350421626965699	0.08406875622427631	0.07457607878793569	0.08820725168241299	0.07806653243407388	0.09073960862741641	0.30149875375241947	0.37613227898693513	0.23269880287199807	0.4379039733454587	0.26661383004570044
0.04876017211332465	0.07350421626965699	0.08406875622427631	0.07457607878793569	0.08820725168241299	0.07806653243407388	0.09073960862741641	0.30149875375241947	0.37613227898693513	0.23269880287199807	0.4379039733454587	0.26661383004570044
0.04876017211332465	0.07350421626965699	0.08406875622427631	0.07457607878793569	0.08820725168241299	0.07806653243407388	0.09073960862741641	0.30149875375241947	0.37613227898693513	0.23269880287199807	0.4379039733454587	0.26661383004570044
0.04876017211332465	0.07350421626965699	0.08406875622427631	0.07457607878793569	0.08820725168241299	0.07806653243407388	0.09073960862741641	0.30149875375241947	0.37613227898693513	0.23269880287199807	0.4379039733454587	0.26661383004570044
0.49220269481325224	0.8757680960142479	0.40100461040825675	0.9721112718641255	0.6017594095679132	0.9999999998875245	0.6470366720852839	0.03526016733399444	0.14749894264235378	0.06341875274054164	0.14719231444818778	0.08585081155511856
0.04876017211332465	0.11927838032340703	0.08406875622427631	0.09405628731518355	0.08820725168241299	0.08894267926155171	0.09073960862741641	0.42851409163508436	0.5329018789672765	0.35725329368733233	0.5287369027948614	0.4853891196889233
0.04876017211332465	0.11927838032340703	0.08406875622427631	0.09405628731518355	0.08820725168241299	0.08894267926155171	0.09073960862741641	0.42851409163508436	0.5329018789672765	0.35725329368733233	0.5287369027948614	0.4853891196889233
0.04876017211332465	0.11927838032340703	0.08406875622427631	0.09405628731518355	0.08820725168241299	0.08894267926155171	0.09073960862741641	0.42851409163508436	0.5329018789672765	0.35725329368733233	0.5287369027948614	0.4853891196889233
0.04876017211332465	0.11927838032340703	0.08406875622427631	0.09405628731518355	0.08820725168241299	0.08894267926155171	0.09073960862741641	0.42851409163508436	0.5329018789672765	0.35725329368733233	0.5287369027948614	0.4853891196889233
0.04876017211332465	0.11927838032340703	0.08406875622427631	0.09405628731518355	0.08820725168241299	0.08894267926155171	0.09073960862741641	0.42851409163508436	0.5329018789672765	0.35725329368733233	0.5287369027948614	0.4853891196889233
0.04876017211332465	0.11927838032340703	0.08406875622427631	0.09405628731518355	0.08820725168241299	0.08894267926155171	0.09073960862741641	0.42851409163508436	0.5329018789672765	0.35725329368733233	0.5287369027948614	0.4853891196889233
0.04876017211332465	0.11927838032340703	0.08406875622427631	0.09405628731518355	0.08820725168241299	0.08894267926155171	0.09073960862741641	0.42851409163508436	0.5329018789672765	0.35725329368733233	0.5287369027948614	0.4853891196889233
0.04876017211332465	0.11927838032340703	0.08406875622427631	0.09405628731518355	0.08820725168241299	0.08894267926155171	0.09073960862741641	0.42851409163508436	0.5329018789672765	0.35725329368733233	0.5287369027948614	0.4853891196889233
0.04876017211332465	0.11927838032340703	0.08406875622427631	0.09405628731518355	0.08820725168241299	0.08894267926155171	0.09073960862741641	0.42851409163508436	0.5329018789672765	0.35725329368733233	0.5287369027948614	0.4853891196889233
0.04876017211332465	0.11927838032340703	0.08406875622427631	0.09405628731518355	0.08820725168241299	0.08894267926155171	0.09073960862741641	0.42851409163508436	0.5329018789672765	0.35725329368733233	0.5287369027948614	0.4853891196889233
0.04876017211332465	0.11927838032340703	0.08406875622427631	0.09405628731518355	0.08820725168241299	0.08894267926155171	0.09073960862741641	0.42851409163508436	0.5329018789672765	0.35725329368733233	0.5287369027948614	0.4853891196889233
0.36467499942337755	0.8217788222251878	0.276344104147403	0.8880142750371607	0.36426753916355087	0.7303079698818025	0.25326161649300105	0.10213217623916916	0.19939796774542073	0.1149292954729641	0.20601506799201594	0.15542751591553844
0.04876017211332465	0.06164072236190379	0.08406875622427631	0.06557064747298638	0.08820725168241299	0.08478858146705809	0.09073960862741641	0.30149875375241947	0.5016154938453891	0.22968114149023475	0.4867065673466409	0.28466512755535
0.04876017211332465	0.06164072236190379	0.08406875622427631	0.06557064747298638	0.08820725168241299	0.08478858146705809	0.09073960862741641	0.30149875375241947	0.5016154938453891	0.22968114149023475	0.4867065673466409	0.28466512755535
0.04876017211332465	0.06164072236190379	0.08406875622427631	0.06557064747298638	0.08820725168241299	0.08478858146705809	0.09073960862741641	0.30149875375241947	0.5016154938453891	0.22968114149023475	0.4867065673466409	0.28466512755535
0.04876017211332465	0.06164072236190379	0.08406875622427631	0.06557064747298638	0.08820725168241299	0.08478858146705809	0.09073960862741641	0.30149875375241947	0.5016154938453891	0.22968114149023475	0.4867065673466409	0.28466512755535
0.04876017211332465	0.06164072236190379	0.08406875622427631	0.06557064747298638	0.08820725168241299	0.08478858146705809	0.09073960862741641	0.30149875375241947	0.5016154938453891	0.22968114149023475	0.4867065673466409	0.28466512755535
0.4155259286746754	0.9178335145514214	0.3281307045929605	0.9847562533843273	0.43670095098228995	0.7148271440022587	0.33045278933910943	0.0828524530412663	0.15484213279955386	0.09244027194819307	0.15735839840861782	0.11132745040691873
0.04876017211332465	0.05701758119242074	0.08406875622427631	0.06863906850803847	0.08820725168241299	0.09453745525484913	0.09073960862741641	0.35214538341788343	0.5572784781008265	0.28267730099552907	0.5350566625375804	0.34588458554924945
0.14115933581241505	0.24107400332480985	0.13274648853687665	0.12481629549864784	0.09721368946288633	0.16845939423580394	0.08802976922261012	0.248160668205642	0.34260843967806665	0.20293149121054913	0.342204696194849	0.23928744074309935
0.04876017211332465	0.05701758119242074	0.08406875622427631	0.06863906850803847	0.08820725168241299	0.09453745525484913	0.09073960862741641	0.35214538341788343	0.5572784781008265	0.28267730099552907	0.5350566625375804	0.34588458554924945
0.04876017211332465	0.05701758119242074	0.08406875622427631	0.06863906850803847	0.08820725168241299	0.09453745525484913	0.09073960862741641	0.35214538341788343	0.5572784781008265	0.28267730099552907	0.5350566625375804	0.34588458554924945
0.04876017211332465	0.05701758119242074	0.08406875622427631	0.06863906850803847	0.08820725168241299	0.09453745525484913	0.09073960862741641	0.35214538341788343	0.5572784781008265	0.28267730099552907	0.5350566625375804	0.34588458554924945
0.04876017211332465	0.05701758119242074	0.08406875622427631	0.06863906850803847	0.08820725168241299	0.09453745525484913	0.09073960862741641	0.35214538341788343	0.5572784781008265	0.28267730099552907	0.5350566625375804	0.34588458554924945
0.4155259286746754	0.518921849153178	0.3567151714080686	0.5822264484719448	0.4533406932119071	0.6122421758801643	0.4731589933509772	0.03766650393969729	0.15573263939450363	0.06585727712042627	0.14313858184320163	0.08802293202562832
0.04876017211332465	0.11236046325787753	0.08406875622427631	0.09923243154791404	0.08820725168241299	0.08615443503940597	0.09073960862741641	0.35214538341788343	0.3261121163893283	0.31192940384981505	0.3338786970130207	0.3599482058437697
0.04876017211332465	0.11236046325787753	0.08406875622427631	0.09923243154791404	0.08820725168241299	0.08615443503940597	0.09073960862741641	0.35214538341788343	0.3261121163893283	0.31192940384981505	0.3338786970130207	0.3599482058437697
0.04876017211332465	0.11236046325787753	0.08406875622427631	0.09923243154791404	0.08820725168241299	0.08615443503940597	0.09073960862741641	0.35214538341788343	0.3261121163893283	0.31192940384981505	0.3338786970130207	0.3599482058437697
0.04876017211332465	0.11236046325787753	0.08406875622427631	0.09923243154791404	0.08820725168241299	0.08615443503940597	0.09073960862741641	0.35214538341788343	0.3261121163893283	0.31192940384981505	0.3338786970130207	0.3599482058437697
0.04876017211332465	0.11236046325787753	0.08406875622427631	0.09923243154791404	0.08820725168241299	0.08615443503940597	0.09073960862741641	0.35214538341788343	0.3261121163893283	0.31192940384981505	0.3338786970130207	0.3599482058437697
0.04876017211332465	0.11236046325787753	0.08406875622427631	0.09923243154791404	0.08820725168241299	0.08615443503940597	0.09073960862741641	0.35214538341788343	0.3261121163893283	0.31192940384981505	0.3338786970130207	0.3599482058437697
0.04876017211332465	0.11236046325787753	0.08406875622427631	0.09923243154791404	0.08820725168241299	0.08615443503940597	0.09073960862741641	0.35214538341788343	0.3261121163893283	0.31192940384981505	0.3338786970130207	0.3599482058437697
0.14115933581241505	0.31980554191948035	0.12972149904844876	0.125849014031731	0.1302946707671217	0.13995962732900452	0.1390962900386836	0.248160668205642	0.227025258764526	0.21755754264500513	0.23345799545978235	0.24015423262810415
0.36467499942337755	0.2257192346543758	0.3729059261646751	0.2502672257990961	0.37435673027474176	0.30826298878755165	0.37178734517164075	0.0	0.13140844599442156	0.038525031875934694	0.12536723014084292	0.05603676578321319
0.04876017211332465	0.15615295713626345	0.08406875622427631	0.14692965186616133	0.08820725168241299	0.13469618288867546	0.09073960862741641	0.30149875375241947	0.15620336837033527	0.32849831963516907	0.16797078102907387	0.29319233614480067
0.04876017211332465	0.15615295713626345	0.08406875622427631	0.14692965186616133	0.08820725168241299	0.13469618288867546	0.09073960862741641	0.30149875375241947	0.15620336837033527	0.32849831963516907	0.16797078102907387	0.29319233614480067
0.04876017211332465	0.15615295713626345	0.08406875622427631	0.14692965186616133	0.08820725168241299	0.13469618288867546	0.09073960862741641	0.30149875375241947	0.15620336837033527	0.32849831963516907	0.16797078102907387	0.29319233614480067
0.04876017211332465	0.15615295713626345	0.08406875622427631	0.14692965186616133	0.08820725168241299	0.13469618288867546	0.09073960862741641	0.30149875375241947	0.15620336837033527	0.32849831963516907	0.16797078102907387	0.29319233614480067
0.04876017211332465	0.15615295713626345	0.08406875622427631	0.14692965186616133	0.08820725168241299	0.13469618288867546	0.09073960862741641	0.30149875375241947	0.15620336837033527	0.32849831963516907	0.16797078102907387	0.29319233614480067
0.04876017211332465	0.15615295713626345	0.08406875622427631	0.14692965186616133	0.08820725168241299	0.13469618288867546	0.09073960862741641	0.30149875375241947	0.15620336837033527	0.32849831963516907	0.16797078102907387	0.29319233614480067
0.457074163122468	0.3734346984315993	0.5678893471974871	0.4154229102270722	0.5176043626184005	0.550199605030439	0.486290219045759	0.2953531076270677	0.15380579269903	0.330026542699452	0.1715756546412906	0.2838976607805213
0.4155259286746754	0.3255055632199488	0.44385385724050974	0.3160165525567588	0.4014142773155928	0.5049492555974977	0.4198151608370839	0.32791855088260996	0.1729054741674859	0.3825941693176591	0.19465712508735017	0.3264331979898839
0.39151591316653195	0.19177329975553095	0.42816916486861684	0.2871759957828345	0.42663401674257917	0.34344843467966285	0.4308874416742435	0.34237207727782687	0.1703760842370596	0.40540141414523106	0.19535393432985543	0.3446420925933149
0.39151591316653195	0.19177329975553095	0.42816916486861684	0.2871759957828345	0.42663401674257917	0.34344843467966285	0.4308874416742435	0.34237207727782687	0.1703760842370596	0.40540141414523106	0.19535393432985543	0.3446420925933149
0.39151591316653195	0.19177329975553095	0.42816916486861684	0.2871759957828345	0.42663401674257917	0.34344843467966285	0.4308874416742435	0.34237207727782687	0.1703760842370596	0.40540141414523106	0.19535393432985543	0.3446420925933149
0.39151591316653195	0.19177329975553095	0.42816916486861684	0.2871759957828345	0.42663401674257917	0.34344843467966285	0.4308874416742435	0.34237207727782687	0.1703760842370596	0.40540141414523106	0.19535393432985543	0.3446420925933149
0.4155259286746754	0.34360401411523156	0.43184153776386736	0.27313814926620184	0.4296581760317422	0.4399953057839244	0.47104407774991863	0.3176932242960391	0.15693510004716887	0.37166158343081834	0.1873466072946452	0.31442665477886356
0.39151591316653195	0.19177329975553095	0.42816916486861684	0.2871759957828345	0.42663401674257917	0.34344843467966274	0.4308874416742435	0.34237207727782676	0.1703760842370596	0.40540141414523106	0.19535393432985543	0.3446420925933149
0.39151591316653195	0.19177329975553095	0.42816916486861684	0.2871759957828345	0.42663401674257917	0.34344843467966274	0.4308874416742435	0.34237207727782676	0.1703760842370596	0.40540141414523106	0.19535393432985543	0.3446420925933149
0.36467499942337755	0.24253669385040408	0.3828546453335002	0.18113909364067846	0.38010087831121114	0.23447687685367538	0.3790797790866676	0.28866777692131285	0.14330676176621457	0.3219743412564421	0.15122182502336756	0.27940788900154634
0.33424528115822577	0.17513582664427815	0.33297109779976036	0.1836434924984978	0.3314544549120561	0.18106454317520343	0.3339247738927642	0.2762425347121928	0.13340037478632435	0.29613885918720234	0.1344646938250129	0.26378459876052657
0.33424528115822577	0.17513582664427815	0.33297109779976036	0.1836434924984978	0.3314544549120561	0.18106454317520343	0.3339247738927642	0.2762425347121928	0.13340037478632435	0.29613885918720234	0.1344646938250129	0.26378459876052657
0.33424528115822577	0.17513582664427815	0.33297109779976036	0.1836434924984978	0.3314544549120561	0.18106454317520343	0.3339247738927642	0.2762425347121928	0.13340037478632435	0.29613885918720234	0.1344646938250129	0.26378459876052657
0.33424528115822577	0.17513582664427815	0.33297109779976036	0.1836434924984978	0.3314544549120561	0.18106454317520343	0.3339247738927642	0.2762425347121928	0.13340037478632435	0.29613885918720234	0.1344646938250129	0.26378459876052657
0.33424528115822577	0.17513582664427815	0.33297109779976036	0.1836434924984978	0.3314544549120561	0.18106454317520343	0.3339247738927642	0.2762425347121928	0.13340037478632435	0.29613885918720234	0.1344646938250129	0.26378459876052657
0.33424528115822577	0.17513582664427815	0.33297109779976036	0.1836434924984978	0.3314544549120561	0.18106454317520343	0.3339247738927642	0.2762425347121928	0.13340037478632435	0.29613885918720234	0.1344646938250129	0.26378459876052657
0.39151591316653195	0.3247384547296446	0.4312988585288942	0.2891672336145053	0.37045819519544954	0.4123570129603608	0.3632988091526971	0.26164520230838556	0.1454370195493482	0.27244624398815187	0.14787729677643668	0.23645070298233647
0.33424528115822577	0.17734887917605813	0.3326359878783294	0.21319440186620559	0.32884855866476453	0.23899020632153728	0.3344756201704433	0.2806980475854091	0.14240829992659954	0.304115695975459	0.1557707105738429	0.2605909123583142
0.33424528115822577	0.17734887917605813	0.3326359878783294	0.21319440186620559	0.32884855866476453	0.23899020632153728	0.3344756201704433	0.2806980475854091	0.14240829992659954	0.304115695975459	0.1557707105738429	0.2605909123583142
0.33424528115822577	0.17734887917605813	0.3326359878783294	0.21319440186620559	0.32884855866476453	0.23899020632153728	0.3344756201704433	0.2806980475854091	0.14240829992659954	0.304115695975459	0.1557707105738429	0.2605909123583142
0.33424528115822577	0.17734887917605813	0.3326359878783294	0.21319440186620559	0.32884855866476453	0.23899020632153728	0.3344756201704433	0.2806980475854091	0.14240829992659954	0.304115695975459	0.1557707105738429	0.2605909123583142
0.33424528115822577	0.17734887917605813	0.3326359878783294	0.21319440186620559	0.32884855866476453	0.23899020632153728	0.3344756201704433	0.2806980475854091	0.14240829992659954	0.304115695975459	0.1557707105738429	0.2605909123583142
0.33424528115822577	0.17734887917605813	0.3326359878783294	0.21319440186620559	0.32884855866476453	0.23899020632153728	0.3344756201704433	0.2806980475854091	0.14240829992659954	0.304115695975459	0.1557707105738429	0.2605909123583142
0.4155259286746754	0.27049978415742815	0.47139623114821383	0.2654643726378584	0.4309538094618374	0.3453086145325845	0.42114458429626384	0.3160656429262757	0.1464363969999397	0.36349526345743444	0.1586592644896353	0.31118438587498454
0.39151591316653195	0.19041557409008386	0.431338581648641	0.232109072280874	0.4282164798943507	0.2584325340249959	0.4311296011271941	0.33421021952314595	0.15058730802589015	0.39551420826013794	0.16172715597643259	0.3375068844416433
0.39151591316653195	0.19041557409008386	0.431338581648641	0.232109072280874	0.4282164798943507	0.2584325340249959	0.4311296011271941	0.33421021952314595	0.15058730802589015	0.39551420826013794	0.16172715597643259	0.3375068844416433
0.39151591316653195	0.19041557409008386	0.431338581648641	0.232109072280874	0.4282164798943507	0.2584325340249959	0.4311296011271941	0.33421021952314595	0.15058730802589015	0.39551420826013794	0.16172715597643259	0.3375068844416433
0.4155259286746754	0.31522992082222223	0.4477104854507439	0.24407782814727738	0.4140565374447312	0.3840188681150218	0.4178831851254068	0.3104382396251109	0.13900621400822313	0.3616622024819045	0.15607327723522071	0.31017767824734327
0.39151591316653195	0.19041557409008383	0.431338581648641	0.232109072280874	0.4282164798943507	0.2584325340249959	0.43112960112719423	0.33421021952314595	0.15058730802589013	0.39551420826013794	0.16172715597643259	0.3375068844416433
0.39151591316653195	0.19041557409008383	0.431338581648641	0.232109072280874	0.4282164798943507	0.2584325340249959	0.43112960112719423	0.33421021952314595	0.15058730802589013	0.39551420826013794	0.16172715597643259	0.3375068844416433
0.39151591316653195	0.19041557409008383	0.431338581648641	0.232109072280874	0.4282164798943507	0.2584325340249959	0.43112960112719423	0.33421021952314595	0.15058730802589013	0.39551420826013794	0.16172715597643259	0.3375068844416433
0.39151591316653195	0.19041557409008383	0.431338581648641	0.232109072280874	0.4282164798943507	0.2584325340249959	0.43112960112719423	0.33421021952314595	0.15058730802589013	0.39551420826013794	0.16172715597643259	0.3375068844416433
0.39151591316653195	0.34455416626543484	0.4287654758883807	0.3022099212349876	0.37159369477728244	0.4026147498390575	0.4034818353398662	0.27256370279381287	0.1654421010811511	0.28879196329584267	0.1672897258615141	0.2476409604217376
0.33424528115822577	0.18278717836105568	0.33069267816862674	0.2299724623998086	0.3280910551562238	0.28827713832353735	0.33416195198195053	0.2857492914721159	0.15085603039300718	0.3108302514452057	0.1721870440415993	0.2644644846578516
0.33424528115822577	0.18278717836105568	0.33069267816862674	0.2299724623998086	0.3280910551562238	0.28827713832353735	0.33416195198195053	0.2857492914721159	0.15085603039300718	0.3108302514452057	0.1721870440415993	0.2644644846578516
0.33424528115822577	0.18278717836105568	0.33069267816862674	0.2299724623998086	0.3280910551562238	0.28827713832353735	0.33416195198195053	0.2857492914721159	0.15085603039300718	0.3108302514452057	0.1721870440415993	0.2644644846578516
0.33424528115822577	0.18278717836105568	0.33069267816862674	0.2299724623998086	0.3280910551562238	0.28827713832353735	0.33416195198195053	0.2857492914721159	0.15085603039300718	0.3108302514452057	0.1721870440415993	0.2644644846578516
0.33424528115822577	0.18278717836105568	0.33069267816862674	0.2299724623998086	0.3280910551562238	0.28827713832353735	0.33416195198195053	0.2857492914721159	0.15085603039300718	0.3108302514452057	0.1721870440415993	0.2644644846578516
0.36467499942337755	0.22324680304917696	0.3823104432804269	0.3301206033002783	0.3582417867492407	0.3717792225182091	0.3201874074476883	0.25186705376929885	0.1367769370951985	0.26718207572256	0.15386307796183266	0.23239969341152547
0.39151591316653195	0.44727124855317996	0.4210413499218818	0.2525513446413067	0.37874503168344276	0.38894238185462654	0.41456580528197934	0.24690814568115993	0.14873474819833957	0.25374707464065804	0.15503411935759606	0.22010309532361172
0.2991167494674415	0.14763185928568975	0.28294457903927184	0.22021325502791797	0.28175024463851717	0.21920684454731845	0.2853414018248026	0.2616069596942995	0.1538852215381438	0.2749122316304634	0.15650347925814484	0.23952389077055453
0.33424528115822577	0.21842782394110488	0.33283921934599664	0.22342244617606918	0.3302917216665577	0.26179635111464034	0.3304108271522356	0.26687987186900813	0.15699744068780724	0.28529271022856656	0.16138764623097387	0.2410817342303951
0.2991167494674415	0.14763185928568978	0.2829445790392718	0.22021325502791797	0.28175024463851717	0.21920684454731845	0.2853414018248026	0.2616069596942995	0.1538852215381438	0.2749122316304634	0.15650347925814484	0.23952389077055453
0.2991167494674415	0.14763185928568978	0.2829445790392718	0.22021325502791797	0.28175024463851717	0.21920684454731845	0.2853414018248026	0.2616069596942995	0.1538852215381438	0.2749122316304634	0.15650347925814484	0.23952389077055453
0.2991167494674415	0.14763185928568978	0.2829445790392718	0.22021325502791797	0.28175024463851717	0.21920684454731845	0.2853414018248026	0.2616069596942995	0.1538852215381438	0.2749122316304634	0.15650347925814484	0.23952389077055453
0.2991167494674415	0.24561705677020615	0.281762558792126	0.17673407807164426	0.28106028013683304	0.22210634336531793	0.285587100385879	0.2215044322996546	0.15221744436843662	0.22405554166210936	0.13843715257819705	0.199137203431158
0.2575685150196488	0.16173335597184818	0.23329828773993203	0.17583021822088743	0.23415489980621762	0.15765652918071577	0.23674736868510537	0.20516790990493003	0.13127652083784894	0.19802897911420328	0.13088128759585385	0.18460709383606
0.2575685150196488	0.16173335597184818	0.23329828773993203	0.17583021822088743	0.23415489980621762	0.15765652918071577	0.23674736868510537	0.20516790990493003	0.13127652083784894	0.19802897911420328	0.13088128759585385	0.18460709383606
0.2575685150196488	0.16173335597184818	0.23329828773993203	0.17583021822088743	0.23415489980621762	0.15765652918071577	0.23674736868510537	0.20516790990493003	0.13127652083784894	0.19802897911420328	0.13088128759585385	0.18460709383606
0.2575685150196488	0.16173335597184818	0.23329828773993203	0.17583021822088743	0.23415489980621762	0.15765652918071577	0.23674736868510537	0.20516790990493003	0.13127652083784894	0.19802897911420328	0.13088128759585385	0.18460709383606
0.4155259286746754	0.26439079875269006	0.4734579211536826	0.271116825162526	0.40072374026705415	0.32019694886290295	0.36122242316278336	0.30778117823958867	0.13165976702330787	0.3578744095995239	0.14606525409503404	0.31075185479579764
0.39151591316653195	0.19049892339253352	0.43165395982959665	0.20457734425801538	0.42864620075076576	0.2320334524948563	0.42932438074727075	0.33122102546447496	0.14114593287065288	0.3939660530875468	0.14929262944591312	0.33612690404926565
0.39151591316653195	0.19049892339253352	0.43165395982959665	0.20457734425801538	0.42864620075076576	0.2320334524948563	0.42932438074727075	0.33122102546447496	0.14114593287065288	0.3939660530875468	0.14929262944591312	0.33612690404926565
0.39151591316653195	0.19049892339253352	0.43165395982959665	0.20457734425801538	0.42864620075076576	0.2320334524948563	0.42932438074727075	0.33122102546447496	0.14114593287065288	0.3939660530875468	0.14929262944591312	0.33612690404926565
0.39151591316653195	0.19049892339253352	0.43165395982959665	0.20457734425801538	0.42864620075076576	0.2320334524948563	0.42932438074727075	0.33122102546447496	0.14114593287065288	0.3939660530875468	0.14929262944591312	0.33612690404926565
0.39151591316653195	0.19049892339253352	0.43165395982959665	0.20457734425801538	0.42864620075076576	0.2320334524948563	0.42932438074727075	0.33122102546447496	0.14114593287065288	0.3939660530875468	0.14929262944591312	0.33612690404926565
0.39151591316653195	0.19049892339253352	0.43165395982959665	0.20457734425801538	0.42864620075076576	0.2320334524948563	0.42932438074727075	0.33122102546447496	0.14114593287065288	0.3939660530875468	0.14929262944591312	0.33612690404926565
0.39151591316653195	0.19049892339253352	0.43165395982959665	0.20457734425801538	0.42864620075076576	0.2320334524948563	0.42932438074727075	0.33122102546447496	0.14114593287065288	0.3939660530875468	0.14929262944591312	0.33612690404926565
0.39151591316653195	0.19049892339253352	0.43165395982959665	0.20457734425801538	0.42864620075076576	0.2320334524948563	0.42932438074727075	0.33122102546447496	0.14114593287065288	0.3939660530875468	0.14929262944591312	0.33612690404926565
0.33424528115822577	0.43378249977777084	0.3248972792848084	0.34058852586547556	0.32239586393941977	0.2961159355734773	0.29822971311071095	0.15463119860696	0.19200656509639763	0.13820704289172103	0.15787201520302577	0.11875886641619975
0.14115933581241505	0.12702339294579404	0.12871040541872086	0.17300125258852303	0.1363938454129452	0.13649132350957496	0.1238366279969207	0.17503619069869855	0.1863858511097163	0.17821048280034069	0.1672239638218506	0.16967809482387985
0.14115933581241505	0.12182462394016179	0.1271990950021349	0.15695736580262243	0.13403935029646208	0.1569974710739274	0.1365486893977437	0.07888109071913137	0.11666639293782168	0.08123998394686777	0.12361895251433232	0.0901373886370345
0.14115933581241505	0.18796130672916553	0.13387138805718699	0.15004922015757965	0.13182001197007057	0.13265207936824644	0.13566452110176394	0.07888109071913137	0.11516006882993728	0.08046667919959388	0.11880002378804043	0.08851845270514799
0.14115933581241505	0.18796130672916553	0.13387138805718699	0.14680906225147586	0.13034353383567843	0.12003431701701976	0.1391025131501257	0.07888109071913137	0.13432292826697922	0.08388074677833131	0.11707373337407413	0.08758057965662511
0.14115933581241505	0.18796130672916553	0.13387138805718699	0.14680906225147586	0.13034353383567843	0.12003431701701976	0.1391025131501257	0.07888109071913137	0.13432292826697922	0.08388074677833131	0.11707373337407413	0.08758057965662511
0.14115933581241505	0.18796130672916553	0.13387138805718699	0.15004922015757965	0.13182001197007057	0.13265207936824644	0.13566452110176394	0.07888109071913137	0.11516006882993728	0.08046667919959388	0.11880002378804043	0.08851845270514799
0.14115933581241505	0.12182462394016179	0.1271990950021349	0.15695736580262243	0.13403935029646208	0.1569974710739274	0.1365486893977437	0.07888109071913137	0.11666639293782168	0.08123998394686777	0.12361895251433232	0.0901373886370345
0.14115933581241505	0.12702339294579404	0.12871040541872086	0.17300125258852303	0.1363938454129452	0.13649132350957496	0.1238366279969207	0.17503619069869855	0.1863858511097163	0.17821048280034069	0.1672239638218506	0.16967809482387985
0.2991167494674415	0.4231921300102036	0.2631581849447986	0.32134976912290747	0.21611213020843795	0.3558105526125571	0.20681442971770533	0.18505496181221986	0.16489427012649888	0.19363734956429096	0.1584657244591445	0.17173231515003967
0.14115933581241505	0.11833964951560294	0.1259678473478931	0.1414467456938432	0.12697394638156487	0.14919111666903626	0.13380731269838014	0.15754249134728668	0.18523461842702016	0.14757509160826032	0.16447609936468346	0.1254220852764155
0.14115933581241505	0.12844174999626967	0.12906582209236786	0.16519991487968386	0.1355977607904375	0.1458808644411296	0.13209041004349426	0.07888109071913137	0.11415031036877339	0.0798366764909208	0.1143812714878815	0.08502435207914977
0.14115933581241505	0.18796130672916553	0.13387138805718699	0.1446370351000347	0.1291406636512617	0.14218263858082014	0.12958565481049297	0.07888109071913137	0.11707735665180952	0.08142184294682911	0.1218903645487782	0.08994770452220312
0.14115933581241505	0.18796130672916553	0.13387138805718699	0.1509332180435788	0.13216723709435954	0.165561911088924	0.13822712129096326	0.07888109071913137	0.13432292826697922	0.08388074677833131	0.1260218220815689	0.08920297671356504
0.14115933581241505	0.18796130672916553	0.13387138805718699	0.18802906940896055	0.13686204564763008	0.12501818676109971	0.13579965338676012	0.07888109071913137	0.13432292826697922	0.08388074677833131	0.1275951879048297	0.09048198029220006
0.14115933581241505	0.18796130672916553	0.13387138805718699	0.18802906940896055	0.13686204564763008	0.13753136888095752	0.13698908285211908	0.07888109071913137	0.13432292826697922	0.08388074677833131	0.131716365398893	0.09205054585935024
0.14115933581241505	0.18796130672916553	0.13387138805718699	0.16742505170478192	0.13587901630170224	0.19309290231890858	0.13945507733811113	0.07888109071913137	0.13432292826697922	0.08388074677833131	0.13331736063436544	0.09229214205482242
0.14115933581241505	0.18796130672916553	0.13387138805718699	0.1738318000561513	0.1364507180868919	0.17052250484490003	0.13880027627588232	0.07888109071913137	0.12474428133479873	0.0833658856082209	0.13300134270778052	0.09203413360662696
0.14115933581241505	0.15490256955151213	0.13286516760887535	0.19317119979939404	0.1368232084707344	0.15020508471328875	0.13425529119761434	0.07888109071913137	0.12772272861251832	0.08366531415661194	0.12887197473352074	0.09199958182270854
0.14115933581241505	0.16518207003302887	0.13345035667670643	0.1702398417083343	0.13616974498185136	0.14912387231409546	0.13377642587723396	0.11152852172561217	0.15706207783115916	0.10878781754034285	0.13917990045929532	0.10972265692336441
0.20671758576835111	0.29949955927136	0.18355481580568947	0.19214996269221307	0.17773629943392694	0.18311844140751732	0.18297796648875847	0.10064604476863784	0.14830164786401104	0.0974261794187593	0.12845372019666174	0.10269402115250031
0.14115933581241505	0.10563867256073227	0.13131261991300705	0.19410381649723518	0.13282405925893595	0.13375338367538084	0.13875483317816134	0.11152852172561217	0.13687773130449307	0.107371721971296	0.13087894938852465	0.10800928999922257
0.14115933581241505	0.08524043338006904	0.13009761705144446	0.15995304685981737	0.1327687781958605	0.15500385583610565	0.1308475053580442	0.15754249134728668	0.17862751100641877	0.14872472930134908	0.17169895349260839	0.12424994316536041
0.20671758576835111	0.24071519292463653	0.18079819110537548	0.1982396165547812	0.16968769356559105	0.19793933512525347	0.17221483563452322	0.1313220245215335	0.16328368538483679	0.12668354515955976	0.15104534347500184	0.11397696562333494
0.14115933581241505	0.14530998427655606	0.13196682115780745	0.16392769887591532	0.13541396164425107	0.15132977910361375	0.13471543037532738	0.11152852172561217	0.14002952491356502	0.10737731249530999	0.134349795658136	0.10593818718276488
0.14115933581241505	0.15490256955151213	0.13286516760887535	0.16775277762688362	0.13591642453059935	0.14940306170623865	0.13390368441858608	0.07888109071913137	0.12196486519975809	0.08290622122181594	0.12419961476388604	0.09106771447409848
0.14115933581241505	0.18796130672916553	0.13387138805718699	0.16144642657545785	0.13500137470170132	0.14401624084263479	0.13944612226451555	0.07888109071913137	0.12474428133479873	0.0833658856082209	0.12664948205092819	0.09165093461070423
0.14115933581241505	0.18796130672916553	0.13387138805718699	0.16742505170478192	0.13587901630170224	0.1418954151543322	0.13932932106896576	0.07888109071913137	0.13432292826697922	0.08388074677833131	0.12507357529873128	0.09126424252217787
0.14115933581241505	0.18796130672916553	0.13387138805718699	0.16742505170478192	0.13587901630170224	0.1418954151543322	0.13932932106896576	0.07888109071913137	0.13432292826697922	0.08388074677833131	0.12507357529873128	0.09126424252217787
0.14115933581241505	0.18796130672916553	0.13387138805718699	0.16144642657545785	0.13500137470170132	0.14401624084263479	0.13944612226451555	0.07888109071913137	0.12474428133479873	0.0833658856082209	0.12664948205092819	0.09165093461070423
0.14115933581241505	0.15490256955151213	0.13286516760887535	0.16775277762688362	0.13591642453059935	0.14940306170623865	0.13390368441858608	0.07888109071913137	0.12196486519975809	0.08290622122181594	0.12419961476388604	0.09106771447409848
0.14115933581241505	0.14530998427655606	0.13196682115780745	0.16392769887591532	0.13541396164425107	0.15132977910361375	0.13471543037532738	0.11152852172561217	0.14002952491356502	0.10737731249530999	0.134349795658136	0.10593818718276488
0.20671758576835111	0.23997658599086225	0.1806792606301786	0.23585342553275956	0.1850120422387367	0.21505011622439776	0.18381513881136896	0.11752825466838066	0.15893302636542012	0.11683081428765132	0.14485252016725775	0.11833054065659016
0.14115933581241505	0.15301133082426108	0.13271889866312617	0.1798477283486146	0.1367396617831554	0.16522783687786605	0.13817970634565088	0.11152852172561217	0.13981551628394723	0.10731645835174296	0.14366276901007263	0.11239743023584696
0.14115933581241505	0.15490256955151213	0.13286516760887535	0.16740696005005348	0.13587692244704336	0.1786905335794706	0.1393250879880327	0.07888109071913137	0.12419630190244917	0.08329104296247107	0.12937735999003475	0.09193844014764983
0.14115933581241505	0.18796130672916553	0.13387138805718699	0.16624632802850517	0.1357361185238737	0.17997915453373323	0.13937135963895403	0.07888109071913137	0.12474428133479873	0.0833658856082209	0.12656306500089226	0.09163424137421698
0.14115933581241505	0.18796130672916553	0.13387138805718699	0.16742505170478192	0.13587901630170224	0.1677342153432348	0.13850685436310708	0.07888109071913137	0.13432292826697922	0.08388074677833131	0.1314218117679151	0.09199015850293617
0.14115933581241505	0.18796130672916553	0.13387138805718699	0.18802906940896055	0.13686204564763008	0.14629969955325456	0.13948885754871193	0.07888109071913137	0.13432292826697922	0.08388074677833131	0.131716365398893	0.09205054585935024
0.14115933581241505	0.18796130672916553	0.13387138805718699	0.18802906940896055	0.13686204564763008	0.14629969955325456	0.13948885754871193	0.07888109071913137	0.13432292826697922	0.08388074677833131	0.131716365398893	0.09205054585935024
0.14115933581241505	0.18796130672916553	0.13387138805718699	0.16742505170478192	0.13587901630170224	0.1677342153432348	0.13850685436310708	0.07888109071913137	0.13432292826697922	0.08388074677833131	0.1314218117679151	0.09199015850293617
0.14115933581241505	0.18796130672916553	0.13387138805718699	0.16624632802850517	0.1357361185238737	0.17997915453373323	0.13937135963895403	0.07888109071913137	0.12474428133479873	0.0833658856082209	0.12656306500089226	0.09163424137421698
0.14115933581241505	0.15490256955151213	0.13286516760887535	0.16740696005005348	0.13587692244704336	0.1786905335794706	0.1393250879880327	0.07888109071913137	0.12419630190244917	0.08329104296247107	0.12937735999003475	0.09193844014764983
0.14115933581241505	0.15301133082426108	0.13271889866312617	0.1798477283486146	0.1367396617831554	0.16522783687786605	0.13817970634565088	0.11152852172561217	0.13981551628394723	0.10731645835174296	0.14366276901007263	0.11239743023584696
0.20671758576835111	0.20773781253930426	0.16980803398954364	0.21850476164864832	0.18206084509949627	0.1917822580497635	0.1615257979587659	0.11752825466838066	0.151897209371248	0.11112076581078556	0.14169043774769766	0.10580934204598443
0.14115933581241505	0.15301133082426108	0.13271889866312617	0.16717476165037773	0.1358497784243087	0.15141470578067726	0.13474869527556327	0.11152852172561217	0.13047445081131415	0.10175388756705665	0.13518440377420549	0.10956552900825271
0.14115933581241505	0.15490256955151213	0.13286516760887535	0.15082750766393133	0.13212684275478345	0.1662863656816718	0.13832580348789297	0.07888109071913137	0.12419630190244917	0.08329104296247107	0.12621048684465175	0.09156238319019246
0.14115933581241505	0.18796130672916553	0.13387138805718699	0.16624632802850517	0.1357361185238737	0.16750567195942387	0.13847965477931676	0.07888109071913137	0.12474428133479873	0.0833658856082209	0.12241999228737595	0.09004949035569959
0.14115933581241505	0.18796130672916553	0.13387138805718699	0.16742505170478192	0.13587901630170224	0.15141573875016856	0.1347490986388634	0.07888109071913137	0.13432292826697922	0.08388074677833131	0.1314218117679151	0.09199015850293617
0.14115933581241505	0.18796130672916553	0.13387138805718699	0.18802906940896055	0.13686204564763008	0.16659185273464508	0.1383657622286176	0.07888109071913137	0.13432292826697922	0.08388074677833131	0.131716365398893	0.09205054585935024
0.14115933581241505	0.18796130672916553	0.13387138805718699	0.18802906940896055	0.13686204564763008	0.147460543565696	0.1394939870388855	0.07888109071913137	0.13432292826697922	0.08388074677833131	0.1368651448368944	0.09246596549974001
0.14115933581241505	0.18796130672916553	0.13387138805718699	0.18802906940896055	0.13686204564763008	0.16659185273464508	0.1383657622286176	0.07888109071913137	0.13432292826697922	0.08388074677833131	0.131716365398893	0.09205054585935024
0.14115933581241505	0.18796130672916553	0.13387138805718699	0.16742505170478192	0.13587901630170224	0.15141573875016856	0.1347490986388634	0.07888109071913137	0.13432292826697922	0.08388074677833131	0.1314218117679151	0.09199015850293617
0.14115933581241505	0.18796130672916553	0.13387138805718699	0.16624632802850517	0.1357361185238737	0.16750567195942387	0.13847965477931676	0.07888109071913137	0.12474428133479873	0.0833658856082209	0.12241999228737595	0.09004949035569959
0.14115933581241505	0.15490256955151213	0.13286516760887535	0.15082750766393133	0.13212684275478345	0.1662863656816718	0.13832580348789297	0.07888109071913137	0.12419630190244917	0.08329104296247107	0.12621048684465175	0.09156238319019246
0.14115933581241505	0.15301133082426108	0.13271889866312617	0.16717476165037773	0.1358497784243087	0.15141470578067726	0.13474869527556327	0.11152852172561217	0.13047445081131415	0.10175388756705665	0.13518440377420549	0.10956552900825271
0.20671758576835111	0.16919615003527588	0.16701399135168637	0.2443649862361737	0.15125643282419785	0.15158234176425328	0.13055144495094928	0.144175952784534	0.11560377874940225	0.11472064425251034	0.12640190934598347	0.0958062083145818
0.20671758576835111	0.16097826204205884	0.15704972608953166	0.14792953915119558	0.12161128936221414	0.17020447938681924	0.15384311158714664	0.19173414243717238	0.14140550264848012	0.19924194638392212	0.14588649244062482	0.16716663393174264
0.14115933581241505	0.11612393056314227	0.12507443899488513	0.12979587024795342	0.11042534800032343	0.13874999945526437	0.12647581012074355	0.11152852172561217	0.11692604384967922	0.09522573824843532	0.1135757510498543	0.07900639182769954
0.14115933581241505	0.15490256955151213	0.13286516760887535	0.13493076750360908	0.12026270478578752	0.10684473879869676	0.09151415282307568	0.07888109071913137	0.11350831399025149	0.0793795388221447	0.1111247205226856	0.07766221352942758
0.14115933581241505	0.18796130672916553	0.13387138805718699	0.14325607755532718	0.12826784633734456	0.11671840213181012	0.11569582367954265	0.07888109071913137	0.12474428133479873	0.0833658856082209	0.1132957518608371	0.08545122567489478
0.14115933581241505	0.18796130672916553	0.13387138805718699	0.14680905840092565	0.13686203868999652	0.14083799812716305	0.12189863920305984	0.07888109071913137	0.13432292826697922	0.08388074677833131	0.12212894761979884	0.08866030827314919
0.14115933581241505	0.18796130672916553	0.13387138805718699	0.1738318000561513	0.1364507180868919	0.13292416368561064	0.133076757666958	0.07888109071913137	0.12474428133479873	0.0833658856082209	0.1278495706630815	0.09244955030678137
0.14115933581241505	0.15490256955151213	0.13286516760887535	0.19317119979939404	0.1368232084707344	0.13832964124418562	0.13910109995350706	0.07888109071913137	0.12772272861251832	0.08366531415661194	0.13051813942646395	0.09218979114600033
0.14115933581241505	0.16518207003302887	0.13345035667670643	0.17682734596751082	0.1366198473084757	0.15073831456932243	0.13447807382170723	0.11152852172561217	0.15706207783115916	0.10878781754034285	0.14196274869225675	0.11215575741271563
0.20671758576835111	0.29949955927136	0.18355481580568947	0.20328616593230292	0.1834938731017956	0.20199111212990903	0.17979366008935957	0.10064604476863784	0.14069460185651786	0.09999036262341254	0.13097648806956955	0.10421495676314049
0.14115933581241505	0.16518207003302887	0.13345035667670643	0.1626255913686508	0.13683941284298007	0.1537105054553795	0.13821116528944322	0.11152852172561217	0.14747786353620693	0.10930267506639584	0.13109117093121556	0.10849878623565247
0.14115933581241505	0.12182461776203041	0.13387138093541268	0.14966609662725364	0.12816952521952277	0.12296872487299389	0.12306139768697237	0.07888109071913137	0.12112252895805735	0.08344988153489256	0.12514016303432998	0.09240966356870696
0.14115933581241505	0.16518207003302887	0.13345035667670643	0.16651235295459543	0.13675144823142207	0.1283684931043349	0.12953728027708877	0.11152852172561217	0.11276592642355625	0.10426029931956285	0.11328600546036961	0.10440482408496396
0.20671758576835111	0.1796984209624523	0.17370023387354175	0.13203472682821477	0.173806115124179	0.1807685972572277	0.17707224052928416	0.10064604476863784	0.14610552187494685	0.09284024040417532	0.13278040637084113	0.0933380886246302
0.2991167494674415	0.3926848157570786	0.2768368809314436	0.30793910332762714	0.2747106153829225	0.35001392565590833	0.2410458792183852	0.1484459858370554	0.17122142052144346	0.13888048885893695	0.13808705845004116	0.11921613646363834
0.14115933581241505	0.09739301998238908	0.13257903869674298	0.1375838278677691	0.1293430169080518	0.13953295422681694	0.1386119895655848	0.15754249134728668	0.17639523685870986	0.1545741835399389	0.17528174737513444	0.14770093221505926
0.14115933581241505	0.12844174999626953	0.1290658220923679	0.2218518508814959	0.12971888298351186	0.14015852126025755	0.13933033569283115	0.11152852172561217	0.10488883822721176	0.10287194691357711	0.12234535640581988	0.10323563631678888
0.20671758576835111	0.17694386288397518	0.17227924548744114	0.18037005896243946	0.1698659129211023	0.21179038909980857	0.18775383135135335	0.07888109076068982	0.1438933340613761	0.08068225037736997	0.13075345519762338	0.08739426005420656
0.14115933581241505	0.16518207003302876	0.13345035667670643	0.17970035882807028	0.132570418123376	0.14688700760953355	0.1392961925404615	0.14417595273209302	0.15388857428948546	0.12812850303380136	0.13526558158750465	0.12414851459577925
0.20671758576835111	0.26650556873026743	0.18193926373886948	0.18928706192371078	0.17883026078697767	0.20018641373885174	0.17092660459498246	0.10064604476863784	0.13556620682379047	0.09981223557080694	0.13636263260482245	0.10359106660035815
0.14115933581241505	0.10563867256073227	0.13131261991300705	0.17808430708208414	0.13401071355085897	0.19167691349218544	0.1377195307237046	0.11152852172561217	0.13083901153042368	0.10781476864669048	0.13334705773379005	0.11018729934359915
0.14115933581241505	0.09739301998238908	0.13257903869674298	0.17269264727219055	0.1368287549166532	0.1274383620497286	0.11901737568469554	0.15754249134728668	0.1697881294381085	0.15572382123302764	0.1643445877977314	0.14951462243528188
0.2575685150196488	0.3035217428231584	0.22374057167877837	0.21184230586774508	0.19308750526303967	0.181520886809183	0.18970815503136104	0.18054947624587867	0.17722522847413205	0.1913025172847553	0.14500587971014348	0.1702915588938712
0.14115933581241505	0.12056204107430817	0.1267756051401852	0.14472620272793585	0.1291939515026081	0.1320908259261093	0.11640894022125098	0.13685183657100583	0.1534360809649059	0.1284074628259052	0.1357246028176642	0.11529286412300273
0.14115933581241505	0.13836600079925893	0.13102312344106448	0.15965169338281854	0.13465307692834858	0.13557991375838555	0.12259235275606309	0.07888109071913137	0.11479424011029675	0.0802499886262517	0.11554691109784825	0.08629599094070123
0.14115933581241505	0.18796130672916553	0.13387138805718699	0.14602215137882987	0.12992980445590085	0.14541047395212606	0.13181020405638466	0.07888109071913137	0.11995287164796312	0.08242335157681117	0.12204957469177659	0.09035656418400197
0.14115933581241505	0.18796130672916553	0.13387138805718699	0.15711855531604185	0.1340794270799848	0.16010102368919726	0.13728050375702336	0.07888109071913137	0.13432292826697922	0.08388074677833131	0.12636795157523825	0.0895364607449809
0.14115933581241505	0.18796130672916553	0.13387138805718699	0.18802906940896055	0.13686204564763008	0.14668602318215562	0.13254756322588307	0.07888109071913137	0.13432292826697922	0.08388074677833131	0.12914085428032998	0.09129005512686904
0.14115933581241505	0.18796130672916553	0.13387138805718699	0.18802906940896055	0.13686204564763008	0.13731038220215608	0.13899392611549283	0.07888109071913137	0.13432292826697922	0.08388074677833131	0.1368651448368944	0.09246596549974001
0.14115933581241505	0.18796130672916553	0.13387138805718699	0.18802906940896055	0.13686204564763008	0.15270030765152737	0.13522842585278708	0.07888109071913137	0.13432292826697922	0.08388074677833131	0.131716365398893	0.09205054585935024
0.14115933581241505	0.18796130672916553	0.13387138805718699	0.16742505170478192	0.13587901630170224	0.1416291797118855	0.1291432936928838	0.07888109071913137	0.13432292826697922	0.08388074677833131	0.12789490893147618	0.0906670557304616
0.14115933581241505	0.18796130672916553	0.13387138805718699	0.15213262023466115	0.13260519083879693	0.12843898823650124	0.104591074698233	0.07888109071913137	0.12474428133479873	0.0833658856082209	0.11993529799134373	0.08768536513051911
0.14115933581241505	0.15490256955151213	0.13286516760887535	0.1408844355472528	0.12653248888258775	0.12721888578490131	0.0876418283648289	0.07888109071913137	0.11763494936421197	0.08165122102007723	0.1127650042672102	0.07594751540140256
0.14115933581241505	0.1303661669898181	0.12951410780722783	0.1274832978685746	0.10203042312622765	0.1289537931796576	0.10700400943105504	0.11152852172561217	0.1262788188625401	0.09417605456892397	0.11478755479205262	0.07949736151042512
0.20671758576835111	0.19325744857237467	0.1549982736905152	0.14682518074664105	0.11650331265041694	0.16715801930473706	0.16943005616412996	0.16996918842922434	0.13254714713174323	0.1839722052078241	0.1278970086668423	0.16348527514400646
0.14115933581241505	0.08072062190082856	0.13367957458970026	0.10963369113418733	0.13098262970777452	0.109775821749174	0.13383623502014974	0.11152852172561217	0.1067387766885832	0.09307423585048578	0.10758297158927672	0.08228295038432185
0.14115933581241505	0.08746411783252238	0.1307118249425651	0.11205364921260974	0.1331241743555261	0.11478874424103933	0.1299411773039463	0.13685183657100583	0.13673354545144778	0.12976671123814187	0.12322550360288183	0.11374176509350087
0.20671758576835111	0.1463864751619963	0.16765810803787998	0.1982135245337385	0.18509689932110907	0.22973092036664153	0.18716123023689094	0.11752825466838066	0.15264487843376684	0.1115704968626113	0.12386718533277911	0.09728631100926605
0.14115933581241505	0.15301133082426108	0.13271889866312617	0.14961929391138173	0.13652572980976466	0.10180125871740855	0.12636344013185463	0.11152852172561217	0.10311391322862418	0.10116867463341911	0.12737979637562963	0.10531609041145244
0.14115933581241505	0.12182461776203041	0.13387138093541268	0.13988682448573966	0.11903511846313342	0.14248937295173025	0.13810027597511285	0.07888109071913137	0.11759610224798822	0.08307561034075173	0.11396057060691085	0.09212940164521065
0.14115933581241505	0.16518207003302887	0.13345035667670643	0.1347809561536975	0.13640193273342568	0.15685472048281845	0.1386800146757981	0.11152852172561217	0.14747786353620693	0.10930267506639584	0.12040455461862487	0.10516598432839556
0.20671758576835111	0.29949955927136	0.18355481580568947	0.17030050041164907	0.18474169540126367	0.1898860551340086	0.1706533697631989	0.10064604476863784	0.12792932505466836	0.09985447495339662	0.13192860326258696	0.10590252425467328
0.14115933581241505	0.13211009415739539	0.13374170844383484	0.1499268472326496	0.1364448773745994	0.1793152018408272	0.1394928266198111	0.11152852172561217	0.14169606666335305	0.10889801021606844	0.13147026648705182	0.11255549009582487
0.14115933581241505	0.10186993057212028	0.1330805229901046	0.18416879965904584	0.13652129464505483	0.18316083764652458	0.1373829063033253	0.11152852172561217	0.1298073180665742	0.10796715319275145	0.1356242016676351	0.11277161272695999
0.20671758576835111	0.22822781596351566	0.18107440717939938	0.22116537386881505	0.18532953502172067	0.17140415488650218	0.18373516883686955	0.1392932086763287	0.15889960160535588	0.13099336977178025	0.16326087907030554	0.13087734864840497
0.20671758576835111	0.2039796930107185	0.17387522253288845	0.2860245402493007	0.18149328647448973	0.2637384120764426	0.18693048650786578	0.12241099877658591	0.14277774502265544	0.11615420825608307	0.13760447655418495	0.11401110876885469
0.20671758576835111	0.28602402409490724	0.16357327339159225	0.1863979110015954	0.139497379334514	0.2014365015008272	0.14797342865879018	0.1392932086763287	0.140496025266615	0.12080528946269306	0.13491711897777023	0.1075212742089237
0.14115933581241505	0.1349594792147755	0.13044394105622464	0.12582307780808122	0.13394424872981925	0.11846443927830146	0.13429050140133833	0.11152852172561217	0.1531575913111879	0.09856369585289955	0.13748488328855463	0.09270594222643397
0.14115933581241505	0.15490256955151213	0.13286516760887535	0.19214025287541497	0.13479458151178264	0.0889793916095687	0.13597735638811378	0.07888109071913137	0.10938719767511644	0.08161213534766151	0.10721134027611381	0.09102093609775161
0.14115933581241505	0.15490256955151213	0.13286516760887535	0.1315685845130841	0.1363603934836634	0.12025859631950049	0.13780062416826883	0.07888109071913137	0.13425812754791425	0.08310729911522849	0.12124932061280899	0.0894521304956894
0.14115933581241505	0.22079639750293112	0.13336601878094037	0.12142759622380553	0.13179771348711922	0.12485714115859267	0.13213732647742782	0.11152852172561217	0.13670381630217632	0.10827834071389225	0.12841814528561046	0.1108439827489126
0.20671758576835111	0.2292371911054037	0.18255911826531054	0.21068695499027	0.18085256670319236	0.13384072701751204	0.16346846217167876	0.06997006501574222	0.13174491902993737	0.0768516119030545	0.110945710431971	0.07807425497347797
0.04876017211332465	0.04371729253899389	0.08406875622427631	0.10067788975588554	0.08820725168241299	0.08305995480988491	0.09073960862741641	0.14417595257477023	0.15824199813221937	0.13370565693927858	0.14818919402841943	0.12964598763014465
0.2991167494674415	0.3263787994618743	0.27828153554668567	0.28958790789535416	0.2765372535108722	0.30430086397367206	0.2763708469660215	0.10206938914164286	0.13208216345507984	0.1005305644464193	0.1276508600626604	0.09911806770715596
0.14115933581241505	0.14329830586608325	0.133870522164308	0.17467088115548426	0.134175096028729	0.10539033444223647	0.13574414886908615	0.1901899223537675	0.1733881938281268	0.18051480775548986	0.16866513868367403	0.17158938536437773
0.20671758576835111	0.18436957342834998	0.17831830302156837	0.21372517437109534	0.18442074806395398	0.23325889941137892	0.18430690264596292	0.10064604476863784	0.14861928168359484	0.10057632184785859	0.13205609564895665	0.09249244715934805
0.14115933581241505	0.16518207003302887	0.13345035667670643	0.18450515790370617	0.13684108640777118	0.1998837324711942	0.1184759342461498	0.11152852172561217	0.12370358988375556	0.10610840757222474	0.13319353861036826	0.10998330964524157
0.14115933581241505	0.15490256955151213	0.13286516760887535	0.14764019296475936	0.1307555560866932	0.1649741898839139	0.13814288070521055	0.07888109071913137	0.12772272861251832	0.08366531415661194	0.1478713513926543	0.09032043073921184
0.14115933581241505	0.18796130672916553	0.13387138805718699	0.2355968319786039	0.13180591312955356	0.18456327187419697	0.13947299186946793	0.07888109071913137	0.12474428133479873	0.0833658856082209	0.12162350780453608	0.08946999655229573
0.14115933581241505	0.18796130672916553	0.13387138805718699	0.1674250517047819	0.13587901630170224	0.14827859530888626	0.13337500508633682	0.07888109071913137	0.16302552837803128	0.08242335604873957	0.14875194872857633	0.09032928793144226
0.14115933581241505	0.2870224497178184	0.13102313218079092	0.18802906940896055	0.13686204564763008	0.1740579224725162	0.13908182450431164	0.07888109071913137	0.13432292826697922	0.08388074677833131	0.13171636539889298	0.09205054585935024
0.14115933581241505	0.18796130672916544	0.13387138805718699	0.1880290694089605	0.1368620456476301	0.16775202221871766	0.13850895250367365	0.032867121097456875	0.1342728808998083	0.056940429973154016	0.12140982623373993	0.0719048733044794
0.04876017211332465	0.08872743550765759	0.08406875622427631	0.1261810796168936	0.08820725168241299	0.1271572680949538	0.09073960862741641	0.078881090594456	0.13432292820942368	0.08388074675284837	0.13686514480595677	0.09246596547917892
0.14115933581241505	0.13112288525813132	0.1336584802064632	0.1241944428114307	0.1307999542372087	0.14582564837077233	0.1284659880077095	0.1901899223537675	0.15339205974286696	0.1791823813426162	0.17686955006702626	0.16556220357099355
0.20671758576835111	0.11535701393282641	0.1757142715265993	0.246557001686769	0.17015831075940221	0.1813399387610363	0.15431472207331384	0.11752825466838066	0.12062798840824059	0.10522980280113814	0.1242878040985756	0.09123600311467941
0.14115933581241505	0.13021809783223223	0.1336845815900396	0.14851214067776	0.1261918208238176	0.12153313569295576	0.1185849780627671	0.14417595273209302	0.1647070607841836	0.12713369003410846	0.14180102574333378	0.12387773873838069
0.20671758576835111	0.36543020706027596	0.17656002197584408	0.14925319270210677	0.1778971117946355	0.17854627758957184	0.178403991979248	0.10064604476863784	0.14031407191909326	0.10062135645264854	0.1258541540637992	0.10097108270230921
0.14115933581241505	0.16518207003302882	0.1334503566767064	0.1573306105007475	0.13684717595806462	0.128440723916136	0.13461553784492808	0.06551455210393774	0.1473958703848769	0.08024066840739275	0.10566936960199072	0.08924593488394816
0.04876017211332465	0.05561098741207231	0.08406875622427631	0.10196792154033	0.08820725168241299	0.0814719553429831	0.09073960862741641	0.078881090594456	0.12112252890710201	0.08344988150962505	0.1215225454939931	0.09245339787656462
0.20671758576835111	0.14777056683596115	0.17073539636304233	0.17088053615837873	0.16646156197679937	0.2840094646971557	0.16787208231644937	0.11752825466838066	0.22555269776449535	0.11067885430731297	0.17338093452200018	0.10501228052474687
0.14115933581241505	0.11993227945907846	0.13386614115834242	0.27669625116204394	0.12239102088283775	0.17569064358084316	0.13847571877189424	0.11152852172561217	0.1029666506460465	0.10274057521719326	0.12789169162700478	0.09626018911823599
0.14115933581241505	0.11993227945907846	0.13386614115834242	0.16926827870606737	0.11624100024124741	0.13872553604568683	0.13587901159457078	0.11152852172561217	0.12348808151306342	0.10500854350806825	0.16054372586264945	0.10530702203419666
0.20671758576835111	0.2185960805379951	0.17516780689015907	0.19411714150568263	0.18171953792331202	0.3045643509559192	0.1609449194751749	0.11752825466838066	0.18873666524411226	0.11418401557191528	0.13902939671911832	0.10558887321093542
0.14115933581241505	0.15301133082426108	0.13271889866312617	0.17481488476916132	0.13527230240236338	0.15888150764347744	0.12585131521186146	0.11152852172561217	0.1336205938383612	0.10449636706224776	0.12010671921094532	0.11095291771909582
0.14115933581241505	0.15490256955151213	0.13286516760887535	0.11487832693588895	0.13575120081341538	0.1222784023108791	0.13934123082698904	0.07888109071913137	0.11461765497026867	0.0827761817923607	0.13256956441923073	0.09063604994778349
0.14115933581241505	0.15490256955151213	0.13286516760887535	0.18405350722798297	0.13412156346962317	0.13939226467822852	0.11523943027708336	0.07888109071913137	0.10525205318091159	0.07975728779971647	0.10565128912261147	0.09177484599961726
0.14115933581241505	0.12068787530313418	0.12681891427309602	0.13627043413591466	0.13633745805615063	0.18500890474489198	0.1331900124295695	0.11152852172561217	0.16572995053454342	0.10862512387591364	0.1328768116831155	0.09249192277783207
0.14115933581241505	0.12844174999626967	0.12906582209236786	0.13669124513402628	0.13435343542452985	0.1383974568782987	0.13844500700363505	0.07888109071913137	0.11840607948260835	0.08316931728042302	0.11818851896519526	0.09188593605536309
0.14115933581241505	0.15490256955151213	0.13286516760887535	0.16945613531183448	0.13669503216958853	0.13251700851128345	0.13831606224247853	0.07888109071913137	0.11047715699734856	0.08120641032510977	0.11035117153629868	0.09057040260115559
0.14115933581241505	0.16518207003302887	0.13345035667670643	0.1332651696011779	0.13488508567811217	0.16528225795510385	0.13271687346343583	0.11152852172561217	0.1500455311869756	0.1087826370565937	0.14025264661544376	0.11168839926078973
0.20671758576835111	0.2752833862516071	0.18354469131197515	0.2201578661058758	0.1825161152252249	0.27860822846745387	0.17973755431072977	0.10064604476863784	0.1359082649819455	0.0999110563321378	0.1368504657848264	0.10536289101064068
0.14115933581241505	0.16518207003302887	0.13345035667670643	0.17037949390472656	0.1361824531856099	0.16050169731436498	0.13736364350031244	0.11152852172561217	0.1500455311869756	0.1087826370565937	0.15909063703387674	0.11030132248461744
0.14115933581241505	0.15490256955151213	0.13286516760887535	0.24484065950174658	0.13341271943455998	0.1675193013107679	0.13848129100196632	0.07888109071913137	0.12772272861251832	0.08366531415661194	0.12890687270184809	0.0920049521989412
0.14115933581241505	0.18796130672916553	0.13387138805718699	0.17383180005615126	0.13645071808689188	0.17065995878758283	0.1388130104920423	0.07888109071913137	0.15344688144585078	0.0819084948786292	0.14591312794829517	0.09059289064187741
0.14115933581241505	0.2870224497178184	0.13102313218079092	0.1674250517047819	0.13587901630170224	0.18317209867829004	0.13945177015943494	0.07888109071913137	0.13432292826697922	0.08388074677833131	0.13331736063436544	0.09229214205482242
0.14115933581241505	0.18796130672916544	0.13387138805718699	0.1880290694089605	0.1368620456476301	0.1740579224725161	0.13908182450431164	0.032867121097456875	0.1342728808998083	0.056940429973154016	0.11626104679573848	0.07148945366408961
0.04876017211332465	0.08872743550765759	0.08406875622427631	0.1261810796168936	0.08820725168241299	0.10684217410509095	0.09073960862741641	0.078881090594456	0.13432292820942368	0.08388074675284837	0.13686514480595677	0.09246596547917892
0.20671758576835111	0.19519246766441747	0.18200710040993306	0.22790950068531268	0.18159089720853544	0.24493693086989093	0.18700039257056641	0.1392932086763287	0.17258274198207835	0.13276547224268076	0.1735441553927762	0.1307943012512308
0.14115933581241505	0.1349594792147754	0.13044394105622464	0.27156522837077446	0.13242319412330716	0.10352760088773778	0.13347361582844058	0.14417595273209302	0.1332258667856301	0.12816321358644298	0.15307473843789482	0.13148015377092737
0.20671758576835111	0.17694386288397515	0.17227924548744117	0.21301503172242442	0.18445451992039594	0.3069569875349907	0.18175414899641124	0.07888109076068982	0.15347941096778417	0.08135626167556012	0.13670540806487236	0.07974573415247432
0.14115933581241505	0.2870224497178182	0.13102313218079092	0.16674684949271715	0.1357984245672553	0.1362770922911748	0.12355463815451609	0.11152852172561217	0.12155201769444585	0.10301835286939928	0.12676523955798955	0.11072799947598094
0.14115933581241505	0.15490256955151202	0.13286516760887535	0.12262602773078808	0.13248398294705718	0.12048857931630891	0.13582922282030754	0.032867121097456875	0.13427288089980824	0.056940429973154016	0.11609156948046816	0.07145539629898547
0.04876017211332465	0.08872743550765759	0.08406875622427631	0.1261810796168935	0.08820725168241299	0.1061734817608852	0.09073960862741641	0.078881090594456	0.11516563435464129	0.0828510244131425	0.10417774947930088	0.08876570314357207
0.20671758576835111	0.24172697726414366	0.1817067750120638	0.26035443228634236	0.18529660786000682	0.24639213802373747	0.1838233494528698	0.12241099877658591	0.13995546694948102	0.11705562051767503	0.1459722627752676	0.11780977754118098
0.14115933581241505	0.1225673958616899	0.1333154911071104	0.17068616223619132	0.13643771772880928	0.17056765449309438	0.13942255234016762	0.14417595273209302	0.16309380987845065	0.1325994554476361	0.17036158201617085	0.13345955918249472
0.20671758576835111	0.23349243879034443	0.18124955326800155	0.24974735570692844	0.18543278041009012	0.22079735343287885	0.18430563246228313	0.10064604476863784	0.1344343351484916	0.1006390730239179	0.1291864222698948	0.10561080423672274
0.14115933581241505	0.14239371199066697	0.13387138380969918	0.1770083004730459	0.1360647087540011	0.150775180600582	0.13809357472911812	0.14417595273209302	0.16325269864858102	0.13308219967502308	0.1640797859856099	0.1334196790628608
0.20671758576835111	0.24227534929720967	0.1826502276185151	0.2352163897296084	0.18520223743524197	0.17622061224293695	0.1751308606694163	0.10064604476863784	0.1433576665567089	0.09576137666829695	0.14363181182112453	0.102077681123517
0.14115933581241505	0.26428283700041644	0.12869597396590157	0.14167191418267344	0.12714520406263763	0.15126449993728747	0.1392309991080409	0.11152852172561217	0.14048157445712622	0.10832495939300738	0.13887748204716757	0.11288785414300749
0.14115933581241505	0.15490256955151202	0.13286516760887535	0.14889457636641013	0.13684724313811394	0.1601976402209665	0.13928758435966634	0.032867121097456875	0.12768416214675954	0.05574967361001282	0.10627156640758198	0.06779862067460288
0.04876017211332465	0.08872743550765759	0.08406875622427631	0.11195902821286405	0.08820725168241299	0.08145013582221206	0.09073960862741641	0.078881090594456	0.11516563435464129	0.0828510244131425	0.11730635041097025	0.09245345465597213
0.14115933581241505	0.1434694139200516	0.09397044692044018	0.12304723363539967	0.07674838761392135	0.14311236845167175	0.120327144541575	0.3728360384554718	0.399540933167022	0.4053565961820103	0.39278480818547634	0.38007366286639516
0.2575685150196488	0.5726371050856647	0.22386404859954484	0.2329951675259002	0.2056529744306533	0.2237627637144106	0.13588461757927683	0.21526048762914637	0.22900375425397473	0.1899536599749434	0.22980458635944653	0.19093786129167076
0.14115933581241505	0.34360581949731445	0.1224434152612737	0.273585206917093	0.12707564935837468	0.18519164462973542	0.09749894623328269	0.22283735336024832	0.13361802998945063	0.2250520464437979	0.14813268148054065	0.2053376487013494
0.2575685150196488	0.3488423036951449	0.21603128427051357	0.25870195350574277	0.18624928072691319	0.2556989642409852	0.16550827744749105	0.24495074175500298	0.21553998388949838	0.25433787213890213	0.1866904682788916	0.220329301474975
0.14115933581241505	0.16608630176301228	0.13348722416524259	0.13186321643072088	0.13565650494217235	0.15355693832753525	0.13749002614723083	0.15754249134728668	0.15718331366400023	0.15531338195998387	0.14941497511951443	0.1504313750790177
0.20671758576835111	0.1262992737195589	0.1612722712277458	0.22131639982216075	0.12702502083208503	0.20432171842324406	0.1052693297169319	0.25583754243423434	0.19294546852868627	0.2761882235501425	0.18550797923240572	0.22312834728329525
0.14115933581241505	0.13112288525813132	0.1336584802064632	0.15853218672929295	0.136782440595311	0.09767309787852871	0.13093638762111454	0.1901899223537675	0.16238273146794766	0.17506021729063126	0.1647889012974159	0.1718751209970524
0.2575685150196488	0.3746013891133159	0.21641010254090304	0.17791426896665075	0.15438792220120995	0.23010218319164996	0.18378713880741054	0.25252760758443177	0.24890155467999225	0.24838339705399287	0.22932114240911178	0.22428257249629885
0.2575685150196488	0.23164501886012634	0.19685648837018027	0.21588396930695616	0.14922857482746502	0.2604432555365623	0.1640437451972195	0.2585059957010263	0.17683889486207074	0.29957555510346523	0.18206135356202355	0.24264765861560855
0.2575685150196488	0.38526632471530714	0.23277045942354713	0.2523367133769689	0.2289138703237745	0.3545671663539168	0.20172227583866942	0.1671829376273434	0.1783986230893292	0.15682358358046256	0.16694603645787337	0.15145863367533835
