1 5
2 4
3 1
4 4
5 4
6 1
7 5
8 4
9 4
10 4
11 1
12 4
13 4
14 4
15 5
16 4
17 4
18 4
19 4
20 4
21 6
22 4
23 4
24 4
25 4
26 4
27 4
28 4
29 4
30 4
31 4
32 4
33 3
34 4
35 4
36 4
37 4
38 4
39 3
40 4
41 1
42 4
43 4
44 4
45 4
46 5
47 4
48 4
49 4
50 4
51 4
52 4
53 4
54 1
55 5
56 4
57 4
58 4
59 4
60 4
61 4
62 5
63 5
64 2
65 2
66 2
67 2
68 5
69 2
70 2
71 2
72 2
73 2
74 2
75 2
76 2
77 2
78 5
79 2
80 2
81 2
82 2
83 2
84 2
85 5
86 2
87 2
88 2
89 5
90 2
91 2
92 2
93 2
94 5
95 2
96 2
97 2
98 2
99 2
100 2
101 5
102 2
103 2
104 2
105 2
106 2
107 2
108 1
109 1
110 1
111 1
112 2
113 2
114 2
115 2
116 2
117 2
118 2
119 2
120 2
121 5
122 1
123 1
124 1
125 1
126 1
127 1
128 1
129 1
130 2
131 1
132 1
133 1
134 1
135 1
136 1
137 1
138 1
139 1
140 1
141 1
142 1
143 1
144 1
145 1
146 1
147 1
148 1
149 1
150 1
151 1
152 1
153 1
154 1
155 1
156 1
157 1
158 1
159 1
160 1
161 1
162 1
163 1
164 1
165 1
166 1
167 1
168 1
169 1
170 1
171 1
172 1
173 1
174 1
175 1
176 1
177 1
178 4
179 1
180 1
181 1
182 1
183 1
184 1
185 1
186 1
187 1
188 1
189 1
190 2
191 1
192 1
193 1
194 1
195 1
196 1
197 1
198 1
199 1
200 1
201 1
202 1
203 1
204 1
205 1
206 1
207 1
208 1
209 1
210 1
211 4
212 4
213 1
214 1
215 1
216 1
217 1
218 1
219 1
220 1
221 1
222 1
223 1
224 1
225 1
226 1
227 1
228 4
229 2
230 1
231 1
232 1
233 1
234 1
235 1
236 1
237 1
238 4
239 4
240 1
241 1
242 1
243 1
244 4
245 1
246 1
247 1
248 1
249 1
250 1
251 1
252 1
253 1
254 1
255 1
256 1
257 1
258 1
259 1
260 1
261 1
262 4
263 1
264 1
265 1
266 1
267 1
268 4
269 1
270 1
271 1
272 1
273 1
274 1
275 1
276 4
277 4
278 1
279 1
280 1
281 1
282 1
283 1
284 1
285 1
286 1
