1 5
2 3
3 2
4 3
5 3
6 2
7 5
8 3
9 3
10 3
11 2
12 3
13 3
14 3
15 5
16 3
17 3
18 3
19 3
20 3
21 4
22 3
23 3
24 3
25 3
26 3
27 3
28 3
29 3
30 3
31 3
32 3
33 5
34 3
35 3
36 3
37 3
38 3
39 4
40 3
41 3
42 3
43 3
44 3
45 3
46 5
47 3
48 3
49 3
50 3
51 3
52 3
53 3
54 2
55 6
56 3
57 3
58 3
59 3
60 3
61 3
62 1
63 1
64 1
65 1
66 1
67 1
68 1
69 1
70 1
71 1
72 6
73 6
74 6
75 6
76 6
77 6
78 1
79 6
80 6
81 6
82 6
83 6
84 6
85 1
86 1
87 1
88 1
89 1
90 1
91 1
92 1
93 1
94 1
95 6
96 6
97 6
98 6
99 6
100 6
101 1
102 6
103 6
104 6
105 6
106 6
107 6
108 6
109 6
110 6
111 6
112 1
113 1
114 1
115 1
116 1
117 1
118 1
119 1
120 1
121 6
122 2
123 2
124 2
125 2
126 2
127 2
128 2
129 2
130 6
131 2
132 2
133 2
134 2
135 2
136 2
137 2
138 2
139 2
140 2
141 2
142 2
143 2
144 2
145 2
146 2
147 2
148 2
149 2
150 2
151 2
152 2
153 2
154 2
155 2
156 2
157 2
158 2
159 2
160 2
161 2
162 2
163 2
164 2
165 2
166 2
167 2
168 2
169 2
170 2
171 2
172 2
173 2
174 2
175 2
176 2
177 2
178 2
179 2
180 2
181 2
182 2
183 2
184 2
185 2
186 2
187 2
188 2
189 2
190 6
191 2
192 2
193 2
194 2
195 2
196 2
197 2
198 6
199 2
200 2
201 2
202 2
203 2
204 2
205 2
206 2
207 2
208 2
209 2
210 2
211 2
212 2
213 2
214 2
215 2
216 2
217 2
218 2
219 2
220 2
221 2
222 2
223 2
224 2
225 2
226 2
227 2
228 2
229 6
230 2
231 2
232 2
233 2
234 2
235 2
236 2
237 2
238 2
239 2
240 2
241 2
242 2
243 2
244 2
245 2
246 2
247 2
248 2
249 2
250 2
251 2
252 2
253 2
254 2
255 2
256 2
257 2
258 2
259 2
260 2
261 2
262 2
263 2
264 2
265 2
266 2
267 2
268 2
269 2
270 2
271 2
272 2
273 2
274 2
275 2
276 2
277 3
278 6
279 2
280 6
281 2
282 2
283 2
284 6
285 6
286 6
