1 4
2 3
3 4
4 3
5 3
6 4
7 6
8 1
9 1
10 1
11 4
12 1
13 1
14 1
15 6
16 1
17 1
18 1
19 1
20 1
21 6
22 1
23 1
24 1
25 1
26 1
27 1
28 1
29 1
30 1
31 1
32 1
33 6
34 1
35 1
36 1
37 1
38 1
39 6
40 1
41 2
42 1
43 1
44 1
45 1
46 4
47 1
48 1
49 1
50 1
51 1
52 1
53 1
54 4
55 3
56 1
57 1
58 1
59 1
60 1
61 1
62 6
63 6
64 5
65 5
66 5
67 5
68 6
69 5
70 5
71 3
72 5
73 5
74 5
75 5
76 5
77 5
78 6
79 5
80 5
81 5
82 5
83 5
84 5
85 6
86 5
87 5
88 5
89 6
90 5
91 5
92 5
93 5
94 4
95 5
96 5
97 5
98 5
99 5
100 3
101 6
102 5
103 6
104 5
105 5
106 5
107 6
108 5
109 5
110 5
111 5
112 6
113 5
114 5
115 5
116 5
117 5
118 5
119 5
120 5
121 4
122 2
123 2
124 2
125 2
126 2
127 2
128 2
129 2
130 4
131 4
132 4
133 4
134 4
135 4
136 4
137 4
138 4
139 4
140 4
141 4
142 4
143 4
144 2
145 2
146 2
147 2
148 2
149 2
150 2
151 2
152 2
153 4
154 2
155 2
156 2
157 2
158 2
159 2
160 2
161 2
162 2
163 2
164 4
165 2
166 2
167 2
168 2
169 2
170 4
171 2
172 2
173 2
174 2
175 2
176 4
177 4
178 4
179 4
180 4
181 4
182 4
183 4
184 4
185 4
186 4
187 4
188 4
189 4
190 4
191 4
192 4
193 4
194 4
195 4
196 4
197 4
198 4
199 4
200 4
201 4
202 4
203 4
204 4
205 4
206 4
207 4
208 4
209 4
210 4
211 4
212 4
213 4
214 4
215 4
216 4
217 4
218 4
219 4
220 4
221 4
222 2
223 2
224 6
225 2
226 2
227 2
228 6
229 4
230 4
231 4
232 2
233 2
234 2
235 2
236 2
237 2
238 2
239 4
240 4
241 4
242 4
243 4
244 4
245 4
246 2
247 2
248 4
249 4
250 4
251 4
252 4
253 4
254 4
255 4
256 4
257 2
258 2
259 2
260 2
261 2
262 2
263 4
264 4
265 4
266 2
267 2
268 2
269 4
270 4
271 4
272 4
273 4
274 4
275 4
276 4
277 6
278 4
279 2
280 4
281 4
282 4
283 4
284 4
285 4
286 4
