id,x_0,x_1,x_2,x_3,x_4,x_5,x_6,x_7,x_8,x_9,x_10,x_11
1,0.6427809,0.3020998,-0.6438396,0.40334737,-0.78305554,1.671747,-0.40276363,-1.4002315,-0.15079084,1.5216457,-0.9748768,-0.48044404
10,1.0152905,0.03859614,-0.29415932,-0.12591982,-0.5082355,1.6127923,0.5598311,-0.5763683,-0.57713526,1.0167094,-0.6095852,-0.1348865
100,0.3779989,1.280619,-0.43807006,0.8719346,-1.1448108,0.34313336,0.56081176,0.5692685,-0.08009501,0.5119144,-0.2819361,-0.24643333
101,0.08315785,1.3858835,-0.29036447,0.8151802,-1.0577037,0.13692771,0.5565872,0.6246194,0.13718434,0.067306876,-0.17165004,-0.8251124
102,0.2574615,1.6542375,-0.45358077,0.31503534,-0.7620247,0.5884957,1.2053666,0.5896496,0.2612692,-0.13311054,-0.4001354,-1.9781945
103,0.1580945,1.0403445,-0.41919005,0.35509938,-0.13848063,1.0500311,0.5536367,1.042654,0.12105546,0.12672466,0.2683,-1.7866154
104,0.16993257,0.9964392,-0.47898155,0.50579387,-0.03250289,1.1902118,0.41842481,1.002205,-0.005875595,0.11681176,0.25035328,-1.9027653
105,0.22958018,0.99702835,-0.69204247,0.54817396,0.21834262,1.3838556,0.46038046,0.9004302,-0.16821778,0.24684536,0.17762262,-1.9306827
106,0.24098647,1.159157,-0.5982269,0.5368866,-0.2689225,0.9427157,0.5521082,0.9172835,0.054368522,0.25440353,0.02933344,-1.6349769
107,0.33895412,1.1861422,-0.5408978,0.63348037,-0.5965629,0.75442505,0.41259342,0.9612935,0.21303627,0.04259977,-0.017659567,-1.4381716
108,0.22465229,1.1913147,-0.40491065,0.45382816,-0.7401227,0.5023865,0.73145163,1.1865969,0.13677584,0.30124894,0.042532086,-1.7080046
109,-0.1399246,1.6757165,0.017137991,0.5025349,-1.0332465,0.2442414,1.2413167,0.0551159,0.014958316,-0.42618948,-0.43114555,-1.1641194
11,1.7981153,0.9897033,-0.029888783,0.07443049,0.21848936,0.31483185,0.44445002,-0.97470844,-1.2060032,0.8189207,-0.24247213,0.102549255
110,-0.52326643,1.4856683,-0.056400258,0.43773732,-0.33932132,0.5338931,1.2353489,-0.2696143,-0.06723058,-0.4796002,-0.6620376,-0.92867124
111,-0.6638026,1.1514404,-0.020534221,0.46967208,0.11522925,1.265719,1.1612928,-0.1982558,-0.3130908,-0.646461,-0.5211747,-0.98114115
112,-0.4466502,1.2635096,-0.34132835,0.6117692,0.34035286,1.04974,1.3695079,0.1991168,-0.7874509,-0.17718548,-0.059487123,-0.962664
113,-0.48752558,0.8725394,-0.23731646,0.7160123,0.47760308,1.2168425,1.0750401,-0.16711178,-0.60108,-0.26329243,-0.34496042,-0.9838977
114,-0.16750139,0.99825513,-0.30812502,0.71495134,0.35393634,0.77956325,1.2294002,-0.08363297,-0.66005397,-0.371678,-0.39802614,-1.0833077
115,0.22249612,1.3127532,-0.19144955,0.688658,-0.28594527,0.70438886,1.1274922,-0.084416,-0.42787224,-0.66989136,-0.6495537,-0.6583409
116,-0.25440076,1.378534,-0.13536458,0.5218058,-0.43629566,0.49785253,1.5548768,0.07151585,-0.41403392,-1.0716592,-0.5310896,-0.9228819
117,-0.03737855,0.9288397,0.67113316,0.75680035,-0.94620776,-0.08980322,0.8012824,-0.53629076,0.012454797,-0.12814292,0.092498206,-1.7522359
118,0.09179181,0.7996622,0.7229273,1.0811698,-0.8601736,-0.28360516,0.5219689,-0.89306355,-0.064533345,0.17910725,0.0680301,-1.6325585
119,-0.4281801,0.77683014,0.19905324,1.0043378,-0.09250913,0.5851873,0.8346457,-0.55990946,-0.2687612,0.1470748,0.015437787,-1.3094131
12,1.4308571,0.6761893,-0.023791634,-0.104781255,-0.27918532,0.5434466,0.23290646,-1.1823728,-1.1436018,0.8867311,-0.50183296,0.0809897
120,-0.5014509,0.5960183,0.33906266,0.9878517,0.135199,0.64220923,0.52293503,-0.5403153,-0.29789624,0.38048816,0.3677134,-1.4073542
121,-0.4166107,0.5483282,0.051559195,1.1291949,0.3588004,0.8524447,0.5702683,-0.33195573,-0.37946075,0.45959562,0.14255849,-1.2395308
122,-0.23113649,0.8536667,-0.17916048,0.9733177,0.18409991,0.7635473,0.8564873,-0.2911008,-0.35582528,0.2206695,-0.14814861,-1.385573
123,-0.0013713501,0.907109,0.24835347,1.1537616,-0.27989107,0.546051,0.7436008,-0.9418216,0.11173736,0.20595491,-0.3575991,-1.0507143
124,-0.17571653,1.1636229,0.16379976,0.7011499,-0.550961,-0.033597972,0.8053817,-0.39980823,0.2967542,-0.13589406,-0.27526444,-1.2820518
125,-0.026733415,0.542705,1.2293569,0.9316114,-0.8518487,0.23607643,0.42817873,-0.58961546,-0.65939456,-0.1359267,0.64663327,-1.4576931
126,0.003792386,0.8700453,0.82236695,0.7612623,-0.55763733,0.27102563,0.4802097,-0.2692411,-0.6674836,-0.3384039,0.2674209,-1.1785345
127,-0.5355886,0.6485425,0.48544812,0.8935273,0.058319163,0.6482282,0.51880765,-0.2998057,-0.5984365,0.0752642,0.3768229,-0.98566216
128,-0.49427253,0.696534,0.042691104,0.85144246,0.44529468,1.0254093,0.46474957,0.05671594,-0.5384114,0.37770447,0.4074513,-1.0906894
129,-0.37727842,0.59797716,-0.13661723,0.9896999,0.59494954,1.2483108,0.5034104,0.13762668,-0.5546363,0.37563086,0.23630552,-1.0320876
13,1.5255071,1.0047398,0.12058028,0.08307674,0.16204272,0.46203023,0.49702668,-1.0955154,-1.0808632,0.79458123,-0.05076725,0.33632782
130,-0.30700815,0.77627176,-0.048509434,0.93501145,0.49757662,1.1087384,0.4836413,0.019219624,-0.63871837,0.27749836,0.19589743,-1.0831155
131,-0.0742064,0.6332284,0.3206696,1.02272,0.13274042,0.3966256,0.506611,-0.43213883,-0.6311715,0.04147334,0.018572647,-1.1108321
132,-0.0033720583,0.77607864,0.76576775,0.82264686,-0.3963718,0.4110768,0.64480853,-0.5360279,-0.70097727,-0.24043515,0.20259519,-1.1140821
133,0.26107424,0.54593414,0.7485083,0.60588074,-1.0232512,0.60959417,0.3724236,-0.16010842,-0.2942666,-0.1649031,0.46328261,-1.1191694
134,0.12141493,0.589094,0.53241307,0.795617,-0.47522092,0.58031696,0.4034925,-0.44096917,-0.30740893,0.002652282,0.1720217,-1.0484507
135,-0.23647039,0.6456008,0.32942155,0.9971746,0.022352979,0.61161286,0.40589708,-0.2941741,-0.5674534,0.23819035,0.1353673,-0.7725871
136,-0.1082909,0.5250491,0.056167267,0.8974429,0.3360848,0.96982336,0.4417139,0.06414754,-0.6067527,0.13140188,0.27624202,-1.041682
137,-0.28617457,0.5171866,-0.5898386,1.0210415,0.85221004,1.496004,0.64584213,0.37580982,-0.5559719,0.17984414,0.018642446,-1.1269746
138,-0.34133232,0.5634362,-0.1864801,0.8489355,0.4819868,1.1368543,0.53388375,0.14390755,-0.4544626,0.12007621,0.21427797,-1.1543896
139,-0.16425025,0.758283,0.30137402,0.9897167,0.07407847,0.60996395,0.47908038,-0.37374955,-0.5841713,0.15703595,0.061270792,-0.95553577
14,1.1453778,1.0706514,-0.11678787,0.46450657,-0.17964944,0.40693134,0.3348968,-1.4571397,-0.94034404,0.6995034,-0.29018497,0.33300143
140,0.22984548,0.96126103,0.47366625,0.91785854,-0.3171905,0.28503847,0.23041326,-0.3926526,-0.32073522,0.25635484,-0.030902516,-1.0018632
141,0.5997585,0.70535564,0.61373353,0.7734089,-0.82795936,0.59290487,0.26399747,-0.44933447,-0.44595945,-0.08548727,0.059932847,-0.7181736
142,0.37691334,0.7219206,0.6416563,0.92950135,-0.3977501,0.89080507,0.16116557,-0.5087155,-0.6082847,0.2787614,0.1377543,-0.76246905
143,0.22614968,1.062095,0.14081135,0.9441056,-0.12879811,0.88125527,0.092000306,-0.32382473,-0.3845222,0.67293906,-0.1125872,-0.5638705
144,-0.073401496,0.65933174,-0.10603915,0.8254286,0.27785474,1.0113721,0.4024473,0.0035946558,-0.45884156,0.4213347,0.21727148,-0.9340882
145,-0.2144795,0.49700218,-0.36361834,0.93526995,0.65172535,1.2679378,0.5902598,0.20362633,-0.51434124,0.0031697322,-0.018915167,-1.1503513
146,-0.32273462,0.4738498,-0.197476,0.80022126,0.45373213,1.1087692,0.58555466,0.14443682,-0.46529394,0.055870216,0.22732805,-1.1595217
147,-0.1516778,0.6613176,0.13495737,0.8962745,0.06862003,0.72015744,0.4785654,-0.24664384,-0.45723793,0.073487654,0.030968798,-0.7573886
148,0.2587999,0.60933405,0.5837831,0.8123304,-0.36751992,0.8744085,0.10528488,-0.3284574,-0.48208344,0.14992668,0.3444181,-0.97047806
149,0.6707785,0.5725942,0.4080164,0.8560074,-0.4912687,1.097603,0.06355901,-0.32173198,-0.5276068,0.036921155,0.098245695,-0.7609642
15,1.0520012,0.6189962,-0.14020307,0.21980445,-0.17985167,0.5636784,0.13419531,-1.1239432,-0.82958734,0.9815113,-0.4599137,0.17073748
150,0.589759,0.80806303,0.34022057,0.9473626,-0.31559244,1.0101013,0.042118978,-0.3310973,-0.60036844,0.21205343,-0.027788026,-0.69180554
151,0.16595165,0.86082494,0.15645875,0.94014037,-0.122111216,0.7919422,0.19652213,-0.3286071,-0.42647097,0.38419333,-0.13259676,-0.4426416
152,-0.10785218,0.72667557,0.0028436952,0.82708186,0.14932676,0.96802926,0.31286415,0.08249058,-0.5039903,0.4130937,0.2787613,-0.9487236
153,-0.1741486,0.5609515,-0.28934452,0.9926869,0.60381025,1.0665922,0.4916552,0.120359935,-0.48871875,0.14386207,-0.11107093,-0.9468298
154,-0.081882946,0.6538505,-0.002596182,0.8586949,0.25500718,0.8807769,0.26164958,0.03338083,-0.46456045,0.308334,0.09089564,-0.8155958
155,0.14125164,0.6919119,0.25972688,0.895985,-0.19771838,0.8823887,0.27611616,-0.25178763,-0.4165453,0.23329608,0.09878265,-0.58028847
156,0.4303437,0.8319951,0.3672603,0.7933049,-0.34288773,0.88716567,0.05165519,-0.221952,-0.43158665,0.28976372,0.07433068,-0.6847141
157,0.84656084,0.5126714,0.4004126,0.7985717,-0.6343171,1.0547649,0.018017843,-0.29114634,-0.5091787,-0.07458401,0.013008689,-0.6679322
158,0.3894039,0.57580346,0.39138493,0.8309247,-0.32354534,0.86475044,0.11109277,-0.3180073,-0.44503605,0.14005032,0.06934145,-0.5613303
159,-0.052573517,0.78284055,0.109446816,0.9505845,0.020301614,0.8748696,0.3337791,-0.2840333,-0.42182565,0.28450686,-0.011553138,-0.6203649
16,1.9191808,1.0802525,0.26241684,0.122550055,0.3370284,0.4599208,0.10612857,-0.23932704,-0.9089496,0.56648433,0.49607167,-0.058988478
160,-0.15590882,0.6153735,-0.087450676,0.8939009,0.24938126,0.82420754,0.35584304,-0.024863146,-0.44322765,0.3442551,0.12748298,-0.7399781
161,-0.11898802,0.42419943,-0.2369824,1.047595,0.5083367,0.91388625,0.47426075,-0.04607425,-0.5276829,0.11843632,-0.03831083,-1.0272592
162,-0.046880245,0.6830746,-0.17277879,0.94416636,0.23180549,0.8557986,0.39212525,-0.052565068,-0.44178122,0.27285472,-0.05447885,-0.70809174
163,0.10434013,0.80967325,0.21506636,0.9322392,-0.18461439,0.8388856,0.26350573,-0.35942227,-0.40958995,0.24595973,-0.010847451,-0.53143704
164,0.29640886,0.6411996,0.5308163,0.8093576,-0.4373085,0.8518006,0.034801416,-0.33348182,-0.44139162,0.0888157,0.10401763,-0.6013689
165,0.35430995,0.7908515,0.68187714,0.53289074,-0.4354809,1.5726937,-0.22003864,-0.3932127,-0.19225377,-0.51108885,-0.23496722,-0.4689831
166,0.7018384,0.66812825,0.58602744,0.85421926,-0.6422901,1.2062663,-0.08379292,-0.44086182,-0.44101542,-0.14493482,-0.08003127,-0.610257
167,0.14827484,0.69574463,0.120909035,0.85644,-0.11885597,0.7756439,0.28627115,-0.1745745,-0.3628222,0.19148156,-0.059625737,-0.55958515
168,-0.23315495,0.580901,-0.2633453,0.9122715,0.37635136,0.71549124,0.45803478,-0.0066150525,-0.4298639,0.36823073,0.08087579,-0.7894901
169,-0.11876835,0.45625502,-0.31009376,1.0588214,0.46395856,0.6386136,0.41707867,-0.08542016,-0.4445372,0.4216994,-0.09448272,-0.87424326
17,1.7421726,0.7907242,0.1606335,0.0023310268,0.3038084,0.9828938,0.40043184,-0.12628032,-1.0846809,0.63127106,0.33921096,-0.24912295
170,-0.11015858,0.7108842,-0.08812791,0.87780094,0.21330969,0.92729187,0.34249365,-0.047240857,-0.5137837,0.25964153,0.123326264,-0.8299161
171,0.17529435,0.6908255,0.35394388,0.75934863,-0.34040144,0.80267596,0.11307132,-0.18613762,-0.39715773,0.17905182,0.20866019,-0.59787947
172,0.2997163,0.5686685,0.5853673,0.6836832,-0.4603127,1.1265063,-0.011827007,-0.39901122,-0.29190293,-0.20551692,0.0071668634,-0.5666207
173,0.22099334,0.99097854,0.5538185,0.59441745,-0.47590435,1.3819581,0.13334633,-0.26654541,-0.35893115,-0.47760022,-0.13042785,-0.385578
174,0.37575477,0.746005,0.40735933,0.50885034,-0.28146747,1.3369123,0.1313013,-0.27498093,-0.23504901,-0.7749614,-0.4503017,-0.44644496
175,-0.003206335,0.89883566,0.2768029,0.62694925,-0.22432709,0.9127468,0.51219225,-0.23702931,-0.24464574,-0.47562686,-0.33564085,-0.46332818
176,-0.5266771,0.8974127,0.37824067,0.63226116,0.1493808,1.5819578,0.66783845,-0.31129983,-0.4879225,-0.42161176,0.052086897,-1.2082651
177,-0.4848419,0.8604037,-0.6708771,0.8708105,0.8118381,0.68703955,1.0946591,-0.127022,-0.3263117,-0.57221437,-0.80683976,-0.8848338
178,-0.5618262,0.8074191,-0.46846986,0.9714694,0.6772519,0.79295826,0.8334125,-0.08926959,-0.39111575,-0.14692506,-0.41513047,-0.67421377
179,-0.57279813,0.84909827,0.0067861043,0.78610444,0.107234634,0.8299225,0.66324645,-0.11572466,-0.49965847,-0.05097101,0.011653166,-0.5592139
18,1.4518394,0.9948271,0.52990043,0.039666284,0.25338,0.968319,0.71580374,-0.20352228,0.06375928,0.8172805,-0.12931529,-0.06640862
180,-0.36399502,0.76950896,0.31856522,0.75266343,-0.06770499,1.005943,0.33706805,-0.26523507,-0.28721783,-0.004009379,0.11000972,-0.5421161
181,0.37921098,-0.12899643,-0.81237364,0.15443443,-0.47819296,2.0411055,-0.49218446,-1.1338739,0.20827618,1.4748963,-1.1011996,-1.1600716
182,0.28918165,-0.34908372,-0.86097157,0.036480382,-0.4883034,2.0273697,-0.55428535,-1.0882403,0.26118985,1.3965884,-1.2269579,-1.3218817
183,0.42093492,-0.08814468,-0.7834902,0.098461896,-0.24516353,1.8970848,-0.20090583,-0.96225446,-0.093780965,1.436388,-1.2660834,-1.3493378
184,0.48525262,0.15791404,-0.52575904,0.29470295,-0.5350856,2.0371783,-0.55087537,-1.2873995,0.19188014,1.6253679,-1.0691416,-1.334519
185,0.39726448,-0.117031224,-1.1001993,0.042635515,-0.28735057,2.0802507,-0.39869547,-1.1320436,0.27511495,1.4589368,-1.4175408,-1.4698292
186,0.6626194,-0.34962845,-0.9262887,-0.12728311,-0.27514914,1.9820886,0.5020236,-1.0612934,-0.5624781,1.3238707,-1.1554658,-1.1120238
187,0.8331147,-0.09441006,-0.85468554,0.24713042,-0.4490925,1.9089373,0.34419668,-1.0864469,-0.58055216,1.0564924,-1.2683579,-0.65667784
188,0.7232494,0.13002163,-0.9152704,-0.012450233,-0.04042475,1.8531327,0.46567467,-1.0498382,-0.7519097,1.2039824,-1.1006062,-0.3443352
189,1.2486951,-0.4295044,-1.0463017,-0.15784155,0.017086918,2.1361682,0.8300393,-0.48453125,-0.83952296,1.1041499,-1.3082539,-1.0313469
19,1.8323812,1.1451143,0.19508478,0.14298059,0.20700817,1.0519508,0.44029182,-0.65466297,-1.4579569,0.28708708,0.18983847,-0.14234166
190,1.0527128,-0.05337026,-0.73829997,-0.65175277,-0.03612215,1.6501957,0.41815522,-0.8736975,-0.698082,1.3448008,-0.72887945,-0.49762154
191,1.4127167,0.6226558,-0.6805584,-0.21130858,0.7677012,0.68017894,0.5669629,-1.5584284,-0.69573087,1.3602829,-0.50178146,-0.23556918
192,1.5851885,0.8784558,-0.23342702,-0.121218204,0.64471054,0.9567867,-0.004007797,-1.253676,-0.7556464,0.7637329,-0.6248763,-0.7101842
193,1.684143,0.35366392,-0.6845965,-0.38463855,0.7356187,1.2167083,0.6393993,-1.220742,-0.86381125,0.64367735,-1.0600494,-1.2344059
194,1.6168829,1.0395116,-0.4384616,-0.155018,0.38891095,0.97554,0.2777738,-1.7383746,-1.174202,0.6641909,-0.6210017,-0.46248126
195,1.0414989,0.3783171,-0.3923287,-0.11873177,0.30803302,1.1432637,0.70775354,-1.5929871,-0.88787913,1.0805852,-0.98012966,-0.36345482
196,1.9347776,0.9056229,0.27894366,-0.36453336,1.0400718,0.8469741,0.27712885,0.0063284975,-1.1779625,0.22445421,-0.08339559,-0.80954057
197,2.0217085,1.3011587,0.05806087,-0.6900153,1.5486629,1.0466669,0.32273024,-0.3970041,-0.90373904,0.5717877,-0.67970294,-0.8055996
198,1.7146043,1.0651057,0.7398656,-0.16612448,1.1440707,0.8582002,0.7066093,0.45058826,-0.53074044,0.76678693,-0.50365096,-0.211449
199,1.9698564,1.1999418,-0.18916006,-0.50164723,0.7713543,1.1530304,0.44565213,-0.38476658,-1.207354,0.6104793,0.09483985,-0.6287271
2,0.6311408,0.16085936,-0.57905537,0.4070011,-0.9349393,1.6134651,-0.16317987,-1.019104,-0.09017302,1.3199613,-0.910596,-0.33379355
20,1.7659435,0.9007275,0.3373815,0.09032635,0.26977155,1.1204636,0.45605186,-0.33954236,-0.9799274,0.40888226,0.32173017,-0.20456603
200,2.0951598,0.49748147,0.0406849,-0.47015536,1.0985367,1.064923,0.6009101,0.24056292,-0.65662557,1.0780154,-0.36962542,-0.89289194
201,1.974927,0.29846936,-0.552918,0.114280656,1.2018998,0.2520123,0.6614569,-0.8225895,-0.78690183,1.0352085,-0.025544547,-1.3770664
202,1.9767021,0.4241421,-0.21072505,0.5042474,1.1623504,-0.14497913,0.5658574,-0.48673394,-0.7934483,1.1302259,0.25944504,-0.8468644
203,2.0679584,0.21766317,-0.5494435,1.0953957,0.3963422,0.080713205,0.1994865,-0.6656682,-0.918567,0.9872836,0.55473447,-0.67139596
204,2.2083864,0.26837438,-0.64042056,1.014962,0.54305696,0.023252636,0.29243234,-0.4374744,-0.9462051,1.224267,0.47154,-1.0243958
205,1.9807305,0.44423154,-0.5249649,1.0001545,0.9926518,0.18233217,0.3026323,-0.5848115,-0.60297513,0.8036494,0.5339943,-0.79302967
206,2.236739,0.067424744,-0.36019236,0.78989416,0.8014475,0.10496665,0.52312654,-0.42666385,-0.7338951,0.64283895,0.50661993,-1.0099604
207,1.730977,0.086391956,-1.0273361,1.4100659,0.8005537,0.80216694,0.9081085,-0.94608444,-0.15254635,-0.18009047,0.719605,-0.65123504
208,1.9181446,-0.0011195727,-0.9050668,1.5294198,0.59703666,0.5236568,0.5739458,-0.9552492,-0.31092298,0.031112604,0.5897349,-0.485105
209,1.9988308,0.087583125,-0.55631614,1.2198875,0.71577376,0.33129975,0.48222512,-0.57807183,-0.30998707,0.19607243,0.66451985,-0.68402773
21,1.6190722,0.33648124,-0.09516924,0.72656727,0.32046118,-0.3425773,-0.07148892,-0.5548722,0.058510937,0.77828014,0.5831736,0.07840377
210,2.4189293,-0.039452907,-1.085666,1.2799819,1.0545914,0.30919665,0.9633694,-0.7924672,-0.24961224,-0.231824,0.1899499,-1.3578614
211,1.0898644,0.40462756,-1.2201593,1.1715219,0.94600487,1.1169958,0.014299919,-0.8696627,0.2251591,-0.3909671,0.6948564,-0.6962589
212,1.4327629,0.19327605,-0.92190725,1.1834577,0.7033216,1.0995512,0.38233274,-1.3477937,0.4336089,-0.5400217,0.3085016,-1.0025786
213,1.4548819,0.21412131,-0.83188146,1.9397948,-0.06649485,1.1701599,0.21765667,-1.0534161,0.30569354,-0.41064999,0.47946203,0.12115579
214,1.3713942,-0.17230086,-0.8531334,1.4778683,0.83869624,0.64412206,0.41568753,-0.9115787,0.17589569,-0.32444748,0.5110212,-0.58684415
215,1.4936743,0.30299324,-1.0743072,1.4582404,0.4719604,0.96856785,0.415508,-1.0138304,-0.2165949,-0.13321428,0.5369438,-0.10132022
216,1.2330028,0.45509556,-1.2482731,1.3275082,0.36856714,1.0984285,-0.713759,-0.83184093,-0.2498328,-0.7642514,0.51628286,-0.15144995
217,0.77743345,0.30031586,-1.1283182,1.4357744,0.3539886,1.0970463,-0.4420137,-1.1092491,0.021706086,-0.7641292,0.41946214,-0.53002745
218,1.1278421,0.41895372,-1.2006755,1.6262752,0.46730676,0.97745854,-0.29056087,-0.9683712,0.25828317,-0.45641124,0.6756871,-0.06855236
219,1.0961825,0.2859053,-1.3185464,1.6301987,0.3236351,0.96251875,-0.41818857,-0.98088926,-0.25657117,-0.4914667,0.3528579,-0.16524164
22,1.8617294,0.3413536,-0.25889438,1.4314036,0.1735801,-0.19268705,-0.05315445,-0.31790563,-0.83142704,0.72442645,0.6659289,-0.5551098
220,1.1631451,0.112184234,-1.373057,1.1841894,0.8515581,1.0553979,0.12704656,-1.1168119,0.12074837,-0.5617827,0.7592377,-0.7517264
221,0.8116634,0.40911433,-1.4832667,1.2784224,0.80414855,1.0639286,-0.5301867,-1.0582861,-0.31721553,-0.64621,0.38586652,-0.27050704
222,0.6932586,0.93785816,-1.6405972,1.1215645,0.48869818,1.4096155,-0.95646924,-1.1598977,-0.40841168,-0.4451666,0.32185656,0.020984035
223,0.785297,0.8279172,-1.352169,1.195441,0.29675186,1.072205,-0.86599356,-0.55169064,-0.8536223,-0.52250195,0.37886092,-0.09162817
224,0.67752165,0.7887468,-1.6403657,0.8362157,0.22487445,1.2261964,-0.8279447,-0.84637177,-0.79106367,-0.6618625,0.53341,-0.31594688
225,0.74272054,0.4544074,-1.7033033,0.90123314,0.5916501,1.2541702,-0.48297077,-0.9429606,-0.550086,-0.7691131,0.58550686,-0.8011777
226,0.79167664,0.31874695,-1.670129,1.01661,0.1918188,0.9081447,-1.1253022,-0.41529858,-1.2037442,-1.1282744,-0.08840728,-0.7409914
227,0.70164716,0.36303565,-1.8142288,1.1314348,0.33414376,0.90770036,-0.9538179,-0.83886033,-1.3078619,-0.8941828,0.14336182,-0.92794657
228,0.58593005,0.7728531,-1.2265283,1.0683941,-0.2162619,0.9074009,-1.4224943,-0.44445977,-1.5757533,-0.6910968,-0.27808025,-0.29145813
229,0.81090623,0.83003503,-1.189449,1.034222,-0.2871044,0.9140103,-1.2154227,-0.62493724,-1.5848733,-0.4649662,0.035381973,-0.28695703
23,1.8174977,0.36925915,-0.16943139,1.2255695,0.14073007,-0.27954525,-0.3598899,-0.5674117,-0.49003506,0.76253825,0.53993523,-0.3280975
230,0.8257239,0.74048334,-1.2636766,1.1599058,-0.16988885,0.8206647,-1.26297,-0.54008085,-1.3083714,-0.5742855,-0.011743448,-0.3119249
231,0.27890792,0.77234405,-0.50210667,1.1668047,0.16829938,1.0916575,-1.0315801,0.6088189,-1.780337,-0.6303134,-0.67406005,-0.4867947
232,0.62536377,0.60787696,-0.5930746,1.0368034,-0.06431542,0.87437236,-1.1080589,0.36713606,-1.5869994,-0.7003852,-0.87228554,-0.63823754
233,0.7021944,0.45797756,-0.8993158,0.85458827,0.0692431,0.7989583,-1.0513352,0.29436782,-1.663459,-0.7693796,-0.44577873,-0.6159821
234,0.6679399,0.7869561,-0.4087893,0.9728145,-0.13398823,1.0584143,-0.9624382,0.8504488,-1.859333,-0.4703583,-0.54493666,-0.45973483
235,0.58464944,0.6772267,-0.83871204,1.1349864,-0.015772482,1.1670095,-1.0263029,0.56332487,-1.4233295,-0.7835601,-0.43349496,-0.46305752
236,0.7345198,-0.1578306,-0.38267398,1.4079456,0.15165897,0.73407936,-0.63661784,0.56466323,-1.4533316,-0.78676593,-0.93521935,-0.84999835
237,0.56270957,0.073487125,-0.6144071,1.1705015,0.29130152,0.4091399,-0.99303615,0.26793808,-1.6264077,-0.2909538,-1.1323062,-0.6426657
238,0.36955303,0.39032996,-0.04834359,1.0482982,-0.16469702,0.47178915,-0.83603674,0.5590341,-1.754515,0.030846475,-1.2271948,-0.8783231
239,0.6744536,0.21813574,-0.14476372,1.1739274,0.048889667,0.5024046,-0.7833011,0.46008298,-1.6012172,0.15349765,-1.682729,-0.8292967
24,1.6211213,0.58750474,-0.21905118,1.3531336,-0.038795665,-0.16018726,-0.19666147,-0.44233048,-0.9590338,0.85232973,0.48426548,-0.7236586
240,0.6000256,0.14749849,-0.2883144,1.353057,0.05323644,0.37541792,-0.79686946,0.15984377,-1.7851028,0.11352381,-1.5610073,-0.9741786
241,0.65021586,-0.37421685,-0.06708234,1.643717,0.4934353,0.73319566,-0.31316912,0.54982746,-0.99178386,-0.14976375,-1.4106529,-0.6566307
242,0.67580295,-0.57053894,-0.055185933,1.7225335,0.18655446,0.7277447,-0.38424975,0.5306016,-0.80677617,-0.35218313,-1.2521505,-0.72412926
243,0.45891315,0.084060185,0.14433575,1.3492002,0.05423001,0.7734066,-0.21174851,0.8875986,-1.1727015,0.055334702,-1.3338151,-0.7216089
244,0.37434894,-0.18358499,0.014212925,1.4950068,0.49371943,0.5081491,-0.25798926,0.62501806,-1.1246237,0.31055,-1.4900503,-0.64427894
245,0.561845,-0.36196455,0.009113966,1.681233,0.22258808,0.6353786,-0.22162475,0.5715056,-0.84197754,0.28719535,-1.3382645,-0.5857499
246,0.61172795,-0.5461146,0.120878175,1.7602081,0.7905088,0.61511165,-0.4050369,0.37604088,-0.70287716,-0.12939413,-1.7170769,-0.39444473
247,0.6805895,-0.3713674,0.35731468,1.9242676,0.4878653,0.8047258,-0.2343777,-0.04560706,-0.10978558,0.10111807,-1.4766957,-0.016598612
248,1.2697443,-0.34173614,-0.15066665,1.758875,0.72294784,0.865468,-0.437267,0.07564591,-0.4384193,-0.059083473,-1.9020965,-0.20699659
249,0.2780065,0.16353497,0.46368524,1.5781533,0.42340094,0.5880269,-0.28071493,0.440983,-0.5255865,0.4930452,-1.55027,-0.33706245
25,1.7723107,0.61777043,-0.017843867,0.91575533,0.28814876,0.1881618,-0.10283895,-0.45283258,-0.4679578,0.5511538,0.5770694,-0.66001904
250,0.7091586,-0.23857619,0.64369696,1.7454166,0.45893422,0.7034864,0.13587472,0.49922916,-0.26854014,0.20704085,-1.5135127,-0.31925765
251,0.64631116,0.28371948,0.7376816,1.5597618,0.56681657,0.9171283,0.28861073,0.47560418,-0.0101938825,0.55494887,-1.194173,0.029598152
252,0.685909,0.106273144,0.6374031,1.5505334,0.5174137,1.0456841,0.1488597,0.70454395,0.012455658,0.32579777,-1.2290044,0.041725762
253,0.728051,-0.01790043,0.38612255,1.8551737,0.49262214,1.089148,0.14388046,0.4108363,-0.19664076,0.25193748,-1.229025,-0.24116781
254,0.5549263,-0.13260578,0.6877903,1.9006865,0.47865415,0.89214003,-0.0629991,0.12590535,0.024068907,0.1544663,-1.5589182,-0.20628735
255,1.0561721,-0.1442704,0.5777232,1.6116449,0.25841373,1.0999095,0.10296367,0.46264774,0.0018284135,0.02120351,-1.2749479,-0.09903088
256,1.0872517,0.9824275,0.7524272,1.1152178,0.7125783,0.9273511,0.00272441,0.5870687,0.49584594,0.62732965,-1.0548917,0.3614205
257,0.78200096,0.47882646,0.5826463,1.6258404,0.6653879,0.7951304,-0.21246757,0.3660587,0.13740462,0.40112093,-1.3059415,0.05755967
258,1.1609529,0.36203778,0.4227691,1.5098648,1.364981,0.9046487,-0.41251555,0.20293254,0.31977433,0.37615553,-1.590709,0.20432028
259,0.67589253,0.7357644,0.66145283,1.6594096,0.60786825,0.6941112,-0.39217594,0.00893635,0.09200409,0.58080894,-1.3659502,0.2819581
26,1.5102159,0.37547147,-0.5209582,1.7043427,0.22140037,0.31073028,0.03518429,-0.28832918,-0.123555265,-0.17796126,0.70967925,0.10741938
260,0.6660002,0.5199231,0.6614874,1.1658787,1.2561419,0.631493,-0.13881372,0.40652397,0.09524864,0.32945618,-1.402697,0.0037007108
261,1.061958,1.6026285,0.84839267,0.8376629,1.2062737,0.8377943,0.055756383,0.5177438,0.023950595,1.1267135,-0.96926117,0.349832
262,1.5136415,1.7145077,0.6140391,0.3191029,1.18751,0.77041817,0.34886742,0.07464053,0.09149002,1.019627,-0.43408588,0.1943368
263,1.5073148,1.3292218,0.9573187,0.58144003,1.0310149,1.4384035,0.23321341,0.52268124,0.23053345,0.65440804,-1.0200242,-0.016524151
264,1.313567,1.6191251,0.6529968,0.4531758,1.0226336,1.0508357,0.28508464,0.07461826,0.1252517,0.8777846,-0.35412753,0.26646733
265,1.3829762,2.0546725,1.0127742,0.5043266,1.0637689,0.8169889,0.28760704,0.007158215,0.24040723,0.94912595,-0.28439528,-0.043359682
266,1.1106346,1.3357577,0.34622055,0.74689305,1.1321491,0.8374102,-0.05456197,0.57159996,0.62272686,0.78282875,-0.9150389,0.35257545
267,0.09728125,1.4916376,0.083354056,1.5670244,0.5013346,0.30010813,-0.984181,0.16627482,-0.4576722,1.2116624,-1.1451548,-0.03879647
268,0.7102866,1.5784148,0.35167086,1.1691806,0.7369681,0.38533294,-0.87695843,0.101388454,-0.12208075,0.881883,-1.1042169,0.1436925
269,0.47482458,1.6874086,0.35747293,0.9510692,0.61761385,0.5004671,-0.86141706,0.15364163,0.038463585,1.1689243,-0.79162085,0.27408966
27,1.4546726,0.40611154,-0.42748308,1.8826315,-0.23173025,0.47343406,-0.07120884,-0.22420609,0.058202896,-0.31239337,0.6602878,0.30042222
270,0.65279585,1.4390696,0.03268364,1.3515439,0.84523714,0.32875463,-0.83123803,-0.29411712,0.14930972,0.7664984,-1.0886394,0.11870998
271,0.53203094,1.5601069,-0.5265838,1.2193611,-0.44805557,0.09055788,-0.30729884,0.50440574,-0.011939496,1.0971481,-1.0705296,0.7176556
272,0.85443807,0.9478336,-0.69593054,1.4558306,0.30049625,0.13173334,-0.6050576,-0.15817079,-0.07401159,0.8558172,-1.3925365,0.18213274
273,0.4745675,1.0267478,-0.59443265,1.5537599,0.03297049,0.011838933,-0.5662395,-0.12168549,0.069338955,0.89943355,-1.2167006,-0.015660856
274,0.5131196,0.9882887,-0.48080194,1.5940123,-0.053443216,0.23361278,-0.45818388,0.38984162,-0.10771334,1.2005309,-1.330655,0.10945237
275,1.0241708,1.1412853,-0.89505583,1.4864279,0.45248243,0.28773642,-0.55824494,0.13439833,-0.004730045,1.1202673,-1.1681106,0.4601269
276,0.8199728,1.4317627,-1.4397782,1.189284,-0.21858211,-0.4195157,0.10505113,0.5969871,0.3916125,0.46979785,-1.5530385,0.12374272
277,0.8264668,1.2101173,-0.80267614,1.4876666,-0.39239177,0.18176968,0.10089608,0.13521762,-0.2572315,0.6674723,-1.1464101,0.49999163
278,0.9976774,1.2348918,-1.2024632,1.1461473,-0.9053296,0.26786187,-0.03533907,0.853625,0.04878276,1.0233247,-0.6395151,0.14967914
279,1.0862409,1.4008634,-0.9788767,0.8774215,-0.7599529,0.19464713,0.49472272,0.8169925,0.12550932,0.44662035,-0.9290405,-0.25146148
28,1.3709903,0.4025278,-0.3630522,1.8460968,-0.056450512,0.21611537,0.16345981,-0.21233715,-0.1485121,0.12766625,0.5814589,0.06468698
280,1.0881158,1.2995204,-1.1676468,1.3459171,-0.5439825,0.15036774,-0.05224829,0.4847217,-0.020360203,0.8997737,-0.9391731,0.35049126
281,0.4091968,1.4726143,-0.7499191,1.1064271,-0.2817722,-0.7072086,0.44929224,0.36439258,0.44798988,-0.3149465,-1.1781161,-0.17332919
282,0.395486,1.8028215,-1.2760737,0.60256296,-0.29951227,0.19398192,0.24016318,0.77177167,0.94414467,0.6434355,-0.2617219,-1.1415104
283,0.14963907,1.4801816,-1.0789369,0.6806623,-0.42604992,0.5682201,0.5343804,1.4087609,0.5296174,0.4781624,0.2211278,-1.6914167
284,0.09083217,1.4180691,-1.4764779,0.7332668,0.071984015,1.0636106,0.43647885,1.1462595,0.2344656,0.81060094,0.4659166,-1.6508033
285,0.26227337,1.1494557,-1.0558293,0.682779,0.14376548,0.7411754,0.14590439,1.2703592,0.5767712,0.10548979,0.45474845,-2.0863495
286,0.58232826,1.3647686,-1.2227287,0.35846135,-0.21826608,0.40117538,0.38367283,0.9855892,0.69694036,0.013804315,-0.19557984,-1.3791736
287,0.50059474,1.1665792,-1.4915063,1.0345281,-0.2411569,0.25024837,0.13227217,1.2228533,0.64022094,0.17620867,-0.7709905,-1.3396257
288,0.5891067,1.718405,-0.8671427,0.38391036,-0.94167924,0.11383328,0.4462414,0.5401552,0.77372855,0.019214531,-0.193815,-1.2127274
289,0.18077148,1.4026668,-0.36061853,0.78896207,-0.97700864,0.13298495,0.9565879,-0.15649942,0.20113832,-0.6967161,-0.69884616,-0.7370785
29,1.3177389,0.43940324,-0.39954278,1.9657333,-0.23649694,0.4900665,0.3497277,-0.04035362,-0.10408467,-0.15786539,0.69300205,0.22468257
290,-0.22546554,1.626128,-0.70977575,0.48784587,-0.53963876,0.25868833,0.9685979,0.23507667,0.4707873,-0.6724447,-0.7287608,-0.63339114
291,-0.28343636,1.5837102,-0.30349112,0.3189133,-0.50905925,0.6180109,0.92094743,-0.20800738,0.1282169,-0.7539887,-0.5944452,-0.6650455
292,-0.9318552,1.5516847,-0.49490887,0.6705691,0.22097692,0.7254889,1.309031,0.3357944,-0.45889878,-0.13571209,-0.44310683,-0.4534509
293,-0.64479226,1.3283049,-0.47104484,0.72101164,0.24309061,0.75714886,1.3351382,-0.08232797,-0.47002926,-0.55911624,-0.42596167,-0.65352225
294,-0.62526935,1.2827251,-0.5867049,0.6711833,-0.01384612,0.4352309,1.6533055,-0.22110666,-0.09647809,-0.3934728,-0.27922577,-0.91844463
295,-0.0927044,1.6185507,-0.6787729,0.514205,-0.37349084,0.20578773,1.4046103,-0.036189824,-0.08351295,-0.41057363,-0.25932932,-0.8408641
296,-0.2121502,1.6524622,-0.75831693,0.4892925,-0.7459621,-0.0062079234,1.1682348,0.27306822,-0.14297809,-0.24914959,-0.54986084,-0.028320685
297,0.3983063,1.3529147,-0.1780753,0.983722,-1.0293639,-0.22570528,0.92933583,-0.6674368,0.34873325,-0.1353887,-0.82073814,-0.9846097
298,-0.17860061,1.1234291,0.028484091,0.93694514,-0.52566993,-0.33567077,1.0670542,-0.61305475,0.3111015,0.16125037,-0.4993707,-1.0399522
299,-0.511776,1.0029109,0.232311,0.98557687,-0.4930583,-0.050005753,1.052272,-0.40197763,0.1213195,0.3315925,-0.37829354,-0.94634366
3,0.7212448,0.19837321,-0.6013588,0.18737,-0.86115384,1.4620023,-0.37870824,-1.3397199,-0.16326408,1.4214054,-0.8871934,-0.3458241
30,1.274854,0.47282705,-0.25666517,1.6223366,-0.14299065,0.47498745,0.4759583,-0.10560027,-0.33930513,0.061704468,0.54734796,0.30756786
300,-0.4282004,0.8641776,-0.07204104,1.1739846,-0.12097493,0.08291328,1.0129812,-0.6799161,-0.0927501,0.50555605,0.029946115,-1.1663227
301,-0.5167601,0.9235878,-0.10644794,1.2952025,0.30102378,-0.042467453,0.83265525,-0.5765314,-0.2349931,0.61856097,0.14592779,-1.2905961
302,-0.33509555,0.7886909,0.02246151,1.1937454,-0.188511,0.13109376,0.9941287,-0.60529447,0.11464144,0.5788,0.06331724,-1.3116874
303,-0.061657496,0.71957606,0.4034141,1.0951519,-0.6891202,-0.48367503,0.7865891,-0.70549834,0.09418249,0.13181435,-0.46878326,-0.86236453
304,0.1341592,1.0162579,0.16298844,0.79227096,-0.7260686,-0.28245908,0.8914362,-0.4329684,0.18407945,0.0058565037,-0.27658635,-1.2754573
305,0.41363212,1.0008335,0.68111235,0.91558486,-1.0389032,-0.09610167,0.5271448,-0.60445243,-0.2077383,-0.114712074,-0.40795332,-1.00782
306,0.17501095,1.1045125,0.46654,0.85871994,-0.76844645,0.03904777,0.57792294,-0.58327085,-0.1767816,0.033707008,0.015017841,-1.253648
307,-0.3489828,0.8820959,0.27274475,0.987964,-0.16698478,0.26404378,0.7479559,-0.602817,-0.6115337,0.18118271,0.40672988,-1.1925547
308,-0.37229732,0.95028293,0.24210028,1.0076778,-0.1363039,0.47028786,0.60706466,-0.49332312,-0.61471534,0.24255538,0.54762655,-1.1883456
309,-0.6582658,0.83702934,0.2400895,1.0427094,0.34181422,0.46952108,0.53692484,-0.04557495,-0.6857399,0.36753023,0.54251564,-1.1101292
31,0.79517823,0.29311433,-0.70829463,1.4219153,0.023416348,0.60644555,-0.49379945,-0.3227866,-0.10848431,-0.70688987,0.36436307,0.14150652
310,-0.51238245,0.92710584,0.21728924,0.9280487,0.040759314,0.13720617,0.64859647,-0.44309324,-0.56856066,0.38040787,0.5901539,-1.1772053
311,-0.25791955,0.93219984,0.6645168,0.9522112,-0.32701293,0.14691602,0.43489972,-0.39712194,-0.43219507,0.28875,0.2608628,-1.21534
312,-0.023764983,0.9098874,0.44345713,0.8550292,-0.6875962,-0.23886296,0.7602076,-0.86681145,-0.25919986,-0.0834068,0.054084525,-1.1292044
313,0.27555573,0.85324746,0.9003919,0.88167113,-0.7711451,-0.04146743,0.29530054,-0.48620686,-0.44572976,-0.0769552,-0.058734354,-0.88542044
314,0.11971316,0.7868112,0.79111075,0.9687989,-0.89064103,0.03262984,0.55133957,-0.7500827,-0.35007256,0.175398,0.20491189,-1.2084895
315,-0.3009446,0.8279957,0.6854785,0.931537,-0.4646664,0.26132673,0.46200454,-0.20030576,-0.46018344,0.20225537,0.44107985,-1.0182941
316,-0.5666464,0.82527393,0.4200954,0.8902324,0.20979731,0.6482822,0.294321,0.08475892,-0.79367304,0.32518917,0.59427303,-0.8546429
317,-0.7150695,0.7840147,-0.08228093,0.9996238,0.20246704,1.1688588,0.7066685,-0.06999642,-0.6813912,0.6549901,0.8966632,-0.8327027
318,-0.5853636,0.9466038,0.23488228,0.92105025,0.124841616,0.83681905,0.5045223,0.037763212,-0.6843005,0.36151394,0.45847982,-0.87233853
319,0.056646395,0.8641954,0.6668641,0.7412526,-0.6102842,0.5363006,0.35135838,-0.2570319,-0.4530275,0.15318723,0.55985117,-0.9117169
32,0.81463045,0.59361297,-0.5185315,1.5701216,-0.17142856,0.44405964,-0.6213127,-0.39577627,0.005893067,-0.38923946,0.28884044,0.33637312
320,-0.034418963,0.9473426,0.6756296,0.8951212,-0.58695173,0.31965908,0.56562126,-0.4373691,-0.47481894,0.10205345,0.18791573,-1.1862187
321,0.2845488,0.83121383,0.69610953,0.80751354,-1.2235308,0.38545614,0.45111495,-0.73090243,-0.43707067,-0.031075412,0.25465414,-1.0062883
322,-0.15422617,0.7436885,0.76120067,0.7953642,-0.6940715,0.7043142,0.3402667,-0.25604498,-0.56093496,0.35919672,0.59565735,-0.74493223
323,-0.6506929,0.74105376,0.45644957,0.7959103,-0.07640807,0.7000082,0.6034269,-0.29062495,-0.5019401,0.24950127,0.65934306,-0.9203952
324,-0.35363355,0.7323438,0.20503408,0.94148517,-0.3427077,1.0447496,0.58907694,-0.2345741,-0.5039985,0.37107942,0.77098787,-0.8711032
325,-0.6047814,0.7668418,0.15105096,1.0267518,0.14270069,0.7549072,0.6439786,-0.14868414,-0.6601247,0.49949923,0.62784284,-0.8132233
326,-0.4157645,0.7076519,0.32732686,0.9594587,-0.12511283,0.67321914,0.4719819,-0.05754239,-0.68501145,0.55179787,0.26883152,-0.7047119
327,-0.016352445,0.7445492,0.60483056,0.963797,-0.49437925,0.5608187,0.22405186,-0.32487527,-0.62219304,0.44539395,0.349845,-0.8015121
328,0.26937068,0.76121336,0.7035004,0.74850434,-0.9265797,0.905837,0.33019328,-0.4051842,-0.30550307,0.3002115,0.46590695,-0.8004041
329,0.09315806,0.67700225,0.7494941,0.94677895,-0.87957436,0.71197075,0.23906147,-0.24347126,-0.51233554,0.45576924,0.56504345,-0.7675983
33,0.85803926,0.50408167,-0.4610633,1.789239,-0.33271933,0.6042954,-0.3474884,-0.4813353,0.032300193,-0.57363075,0.3891422,0.28806186
330,0.5560105,1.0272938,0.9547123,0.7895147,-0.92623633,0.7967026,0.017522877,-0.093220346,-0.5017861,0.15831375,0.56655407,-0.7978956
331,0.21846123,0.78679883,0.6360093,0.77892095,-0.7603887,0.9815461,0.2778811,-0.20407516,-0.4090932,0.38273215,0.5614814,-0.7823034
332,-0.32686445,0.83188486,0.5128621,0.89286584,-0.4322346,0.9428983,0.44133806,-0.01559495,-0.5026064,0.43573332,0.4639396,-0.8103559
333,-0.9717584,0.8407091,-0.21224514,0.92576474,0.5070999,0.97374535,0.87405354,0.0073896516,-0.6496471,0.7679653,0.97148,-0.8798393
334,-0.5787532,0.78991914,0.0727169,0.86710864,-0.06899395,1.0568037,0.6847354,-0.13682187,-0.5664253,0.49321967,0.81708956,-0.8446768
335,-0.36359692,0.7425912,0.52709174,0.898513,-0.60294807,1.0629972,0.5898994,-0.28294268,-0.55176955,0.35226464,0.81166536,-0.8025686
336,0.34629452,0.9073426,0.68883073,0.7905829,-0.6843079,0.89958215,0.20291467,-0.15601811,-0.46736276,0.2383383,0.443777,-0.8099036
337,0.4313543,0.78218013,0.89053893,0.82198787,-1.1844214,0.9070543,0.13828453,-0.6003835,-0.42394674,0.13406292,0.4054767,-0.63462377
338,0.57735634,0.7430673,0.9305236,0.8193978,-0.92684525,0.72179025,-0.16744432,-0.23600781,-0.5014699,0.25146312,0.27443483,-0.6327078
339,-0.5160492,0.74304366,0.16460258,0.9100983,-0.27845436,1.0622303,0.6873592,-0.20221469,-0.56236845,0.5402995,0.8792202,-0.8170665
34,0.8897504,0.66660136,-0.2800954,1.8497866,-0.27313069,0.61034906,-0.28674093,-0.67481613,0.15957333,-0.21209022,0.16854508,-0.1079854
340,-0.633125,0.74130493,0.12686437,0.9303363,0.18377818,0.8430114,0.45811802,0.1779716,-0.64286166,0.62920827,0.40543178,-0.7947577
341,-0.75128555,0.9397345,-0.23592104,1.0421771,0.360025,0.8106693,0.7446948,0.04000832,-0.6493877,0.6284547,0.65765166,-0.9843369
342,-0.81864494,1.0011612,0.14981905,0.87813354,0.016635982,1.0587313,0.7700964,0.04442833,-0.57084507,0.5200922,0.63394105,-0.8649235
343,-0.36181659,0.8088567,0.41424298,0.8193992,-0.5554807,1.0130835,0.55829597,-0.14487039,-0.36849225,0.34929416,0.6937409,-0.90574616
344,0.6452761,0.90052503,0.6672464,0.80439895,-1.058248,0.96213955,0.23822396,-0.3614991,-0.25268137,0.28238568,0.4134482,-0.79023564
345,-0.15740031,0.7635116,0.8302983,0.54498786,-0.8844309,1.5226665,0.21331178,-0.3078249,-0.24026972,-0.09648378,0.6997428,-0.8101656
346,0.12636489,0.8266177,0.9545067,0.8356976,-1.0711367,0.95900077,0.25512332,-0.33253035,-0.43127394,0.2914192,0.56196564,-0.71534526
347,0.1308073,0.76147395,0.58949554,0.73269755,-0.7468055,1.0404985,0.2591165,-0.22520952,-0.31252515,0.29542965,0.6110353,-0.6658766
348,-0.07923275,0.8490881,0.43040186,0.83197385,-0.4501374,0.804197,0.24769235,0.123442434,-0.4383628,0.379765,0.33244222,-0.76278496
349,-0.3227729,0.78763574,0.181699,0.72904444,-0.11404282,0.88490707,0.3834704,-0.0051537678,-0.5383305,0.43836033,0.6373437,-0.8267911
35,1.0138443,0.41738182,-0.3719113,1.5226846,-0.12264881,0.37941754,-0.4356338,-0.5417055,0.07113466,-0.38299382,0.34903142,0.25479618
350,-0.4099627,0.70077246,0.24499193,0.8686058,-0.37977618,1.029425,0.5886176,-0.22064811,-0.5142251,0.42894143,0.72188413,-0.8030526
351,-0.13781781,0.6645001,0.5865198,0.82868886,-0.5200063,1.0505073,0.49771005,-0.47297713,-0.47662553,0.26743263,0.6046923,-0.82748526
352,0.16355187,0.67888147,0.68248254,0.81529695,-0.7114157,1.1550384,0.19057144,-0.45868042,-0.2534637,0.14935619,0.37829903,-0.7760461
353,-0.31314132,0.8038827,0.6970073,0.5996296,-0.58619255,1.4955473,0.31225803,-0.31114924,-0.24816115,-0.39087844,0.32060584,-0.8326021
354,0.04286974,0.99609584,0.6523154,0.6749024,-0.68949646,1.3199635,0.62028015,-0.5186088,-0.32009906,-0.55134237,0.04433345,-0.4667723
355,-0.4300682,1.2190843,0.09049721,0.54880655,-0.1873057,1.056807,0.95388097,-0.23275195,-0.26756626,-0.43188405,-0.042091373,-0.538539
356,-0.90582776,1.413973,-0.029247416,0.5988301,0.0664501,1.0566478,0.94424456,-0.246413,-0.03537801,-0.34499088,-0.09309103,-0.8520283
357,-0.6446768,1.2823817,-0.47389302,0.47443455,0.2607652,0.9110008,1.0074786,0.20724793,-0.19251867,-0.50448173,-0.56622463,-0.5224329
358,-0.6265405,1.133002,-0.18480359,0.6937782,0.34473357,1.432531,0.80107725,0.047376074,-0.5580839,-0.1270098,0.2419007,-0.6538786
359,-0.25066248,0.8753614,0.5191084,0.66004354,-0.17692935,1.2462454,0.39219278,-0.22889279,-0.41070706,0.2022494,0.491314,-0.7839
36,0.636657,0.8139662,-0.5309578,1.4440186,-0.18335678,0.64123404,-0.7460178,-0.3045838,-0.5116253,-0.45875645,0.12878743,0.23855603
360,-0.532029,0.83152544,0.559712,0.643135,-0.22592829,1.3261102,0.47194773,-0.37982753,-0.23682037,-0.06445236,0.44332328,-0.860704
37,0.42788664,0.95234466,-0.5494757,1.4886587,-0.4040397,0.7451239,-0.73616195,-0.36973873,-0.26905057,-0.16923349,0.11000517,0.2154942
38,0.43485358,0.97928005,-0.5153768,1.4341094,-0.27545395,0.8212396,-0.5023797,-0.39448553,-0.48751095,-0.11675312,0.053189147,-0.1433787
39,0.44610673,0.5265048,-0.7160978,1.6729114,-0.5985676,0.5319295,-0.84679854,-0.5781619,-0.32352048,-0.20718907,0.031660546,-0.07603963
4,0.76057327,-0.034956682,-0.44629404,0.053304147,-0.92505807,1.6182266,-0.16941772,-0.9478424,-0.21577625,1.3167523,-0.77786493,-0.24493429
40,0.41384834,0.44595233,-0.6103359,1.7411231,-0.6002014,0.47536224,-0.6137774,-0.5159573,-0.26935303,-0.20205452,-0.08039528,-0.2008812
41,0.41206124,1.1202445,-0.63159454,1.5137017,-0.48796704,0.7270384,-1.103439,-0.4822485,-0.76512134,-0.38643786,0.054029934,0.1258988
42,0.289479,1.1180736,-0.5757016,0.98578376,-0.35418043,0.89597374,-0.9385249,-0.18364337,-0.7591348,-0.5071604,0.19527918,0.3162524
43,0.27489555,1.1212211,-0.60027534,1.3997355,-0.5895654,0.96362907,-0.8911688,-0.17015333,-0.60514385,-0.31472906,0.09948055,0.29207847
44,0.6011838,0.90468997,-0.4841663,1.353254,-0.15447369,1.0599695,-0.59753084,0.22853528,-0.55506104,-0.49975872,0.23150025,0.4393669
45,0.3906432,1.1429075,-0.6362694,1.2823542,-0.025203202,1.1208038,-0.51680064,-0.24259391,-0.64344627,-0.3202571,0.09143376,0.11103111
46,0.2046772,0.8955621,-0.17073166,0.943293,-0.44424513,0.6312075,-1.1296568,0.5084836,-1.1237947,-0.68040806,-0.330967,0.035677776
47,0.12867394,0.98832935,-0.22572112,1.2613412,-1.2769319,0.31849062,-1.2618208,-0.14842568,-1.5449212,-0.05485472,-0.40330943,-0.27143365
48,0.070295654,0.91373247,-0.6030836,1.018085,-0.74032307,0.42451724,-1.1335568,-0.059481658,-1.3239619,-0.33853835,-0.18692866,-0.009461885
49,0.15518023,1.1440988,-0.3907366,1.0415035,-0.92615175,0.4266455,-0.8247325,-0.33468214,-1.5977184,-0.021529539,-0.22621694,-0.46991313
5,0.5222062,0.3561796,-0.43033874,0.41422212,-0.7445004,1.5878725,-0.55333865,-1.1517739,0.10897661,1.4381102,-0.79995954,-0.741731
50,0.027537974,0.97890097,-0.5481433,1.1125771,-0.82794356,0.4034187,-0.8668686,-0.18099734,-1.4744502,-0.1805891,-0.33804262,-0.20238584
51,0.27838778,0.8760497,0.13109699,1.2931539,-0.494273,0.876698,-0.9766037,0.6784063,-1.4383377,-0.3313826,-0.48155582,-0.21498993
52,-0.0013839398,0.87374634,0.5795145,1.0958402,-0.91866976,0.93647945,-0.3667948,1.2077509,-1.3205653,-0.19874938,-0.54963887,-0.2613818
53,0.17017472,0.93480724,0.24058288,1.2690791,-0.96975464,0.89142215,-0.5035794,0.80312127,-1.3552209,-0.2944716,-0.40949923,-0.15577373
54,0.21042435,0.8671437,0.40250862,1.1703573,-0.75579786,0.99281275,-0.44781235,0.9899592,-1.4290845,-0.3462645,-0.41904938,-0.32928935
55,0.22531554,0.9069557,0.41615018,0.91377395,-0.74694693,1.0684872,-0.19663015,1.0940436,-1.4440198,-0.4680954,-0.2675591,-0.2824887
56,0.31045792,0.09860054,0.33158967,1.6044036,-0.16062011,0.18246435,-0.36053765,0.42328757,-0.9565996,0.23298728,-1.224695,-0.13502516
57,0.067263596,0.60811394,0.66342914,1.2438251,-0.31255862,0.5077154,-0.1680767,0.89818317,-1.1522472,0.5318568,-1.1089592,-0.61323625
58,0.10315405,0.526291,0.48992738,1.3395383,-0.38687882,0.32285848,-0.23409228,0.8392656,-1.1484083,0.51562494,-0.9970764,-0.44451478
59,0.19489779,0.6749908,0.60739875,1.2251177,-0.18225028,0.47846666,-0.13522175,0.77887505,-1.1782533,0.7152094,-1.1492769,-0.8670584
6,0.9003898,0.19893518,-0.40810484,0.1831153,-0.6857155,1.4959254,-0.027302122,-1.2109354,-0.66887474,1.1294354,-0.80860525,-0.17761362
60,-0.040723346,0.73557746,0.31408173,1.1364589,-0.28682658,0.4310857,-0.27606043,0.82680225,-1.2978698,0.5372906,-1.0689394,-0.6238919
61,0.139316,0.44530848,0.9787178,1.4640899,-0.059662215,0.56327105,-0.01895092,0.29981545,-0.6591247,0.6110675,-1.1376569,-0.16228189
62,0.22101492,0.39732623,0.5685655,1.4867392,-0.55234957,0.642346,-0.11019188,0.7760236,-0.69120294,0.1448974,-0.89111924,-0.15497868
63,0.34338674,0.33892044,0.8110167,1.5050204,-0.40503988,0.60770816,0.25136167,0.42649916,-0.39894074,0.44914138,-1.0129316,-0.44338742
64,0.115483455,0.5434386,0.73097503,1.4211934,-0.4565971,0.5153682,0.17075399,0.78877574,-0.50281763,0.33827937,-0.9530354,-0.45518446
65,0.24917574,0.35804322,0.35809857,1.5607303,-0.5027167,0.4233062,0.0045087035,0.7619215,-0.74442714,0.35608134,-0.99401456,-0.60534936
66,0.24539962,0.6670619,0.9704092,1.1325635,-0.18063153,0.3689901,-0.077706225,0.4527956,-0.047025967,0.7462684,-1.0372574,0.46183535
67,-0.04576098,0.6697329,1.0443956,1.5872595,-0.26856196,0.5465851,0.24463949,0.19151546,-0.07156345,0.77784824,-0.95659715,-0.17182808
68,0.04747942,0.8108996,0.8610809,1.4136239,-0.32778507,0.5922533,0.14817704,0.17538275,-0.11472599,0.6945945,-0.6638786,-0.07929838
69,-0.020114439,1.024248,0.9860193,1.4283166,0.034753755,0.55897504,0.08538054,-0.08432415,0.018235382,0.8811382,-0.7602348,-0.10977975
7,0.90039676,0.1745515,-0.5218807,0.2053254,-0.7760507,1.4629716,0.37310573,-1.0578306,-0.8545613,0.96993923,-0.82209826,0.14499831
70,0.09584352,0.57865804,0.8012069,1.5464612,-0.22919664,0.4961404,0.25826117,0.22953479,-0.23846406,0.62410015,-0.9386092,-0.27261165
71,0.5707593,0.9557997,0.9644837,1.195357,-0.43561915,1.011136,0.18319355,0.55478674,0.111441374,0.37052566,-0.52104855,0.18554184
72,0.38209447,0.90162534,0.7482552,1.3041755,-0.45094177,0.92531776,0.3100656,0.2255619,-0.0008574873,0.50136167,-0.45502618,-0.120017365
73,0.30848047,0.73670423,0.9099563,1.2271893,-0.24418867,0.69307154,0.19765064,0.17785567,-2.966635e-05,0.5008702,-0.66368014,-0.06416809
74,0.57033473,0.78975093,0.675707,1.278514,-0.5077271,1.0406132,0.42253044,0.32696638,-0.063336335,0.25340235,-0.42944783,-0.29636216
75,0.5158509,0.9493995,0.74711305,1.1556697,-0.27355248,0.9207368,0.27269304,0.28036356,-0.006926575,0.35379052,-0.57032526,0.03072669
76,0.7517376,1.626581,0.9347985,0.45881903,0.046552148,0.48530713,-0.05335479,0.3678427,-0.11043096,0.9074208,-0.24557194,-0.023999652
77,0.19958119,1.7276213,1.1152543,0.92470807,0.1900814,0.56983435,-0.20452505,-0.0026065796,0.17801566,0.8065776,-0.50298697,0.047199726
78,0.15629154,1.3588347,0.9527118,0.9508041,0.015244818,0.56766504,-0.20222957,-0.03361821,-0.03943265,0.720269,-0.3169313,0.26335227
79,0.049235918,1.2496289,0.7031635,1.2762386,0.12566823,0.5363801,-0.14269665,-0.087245144,-0.14331435,0.6581984,-0.41669407,-0.09609588
8,1.0508618,0.20834564,-0.43454382,0.14550382,-0.6423985,1.3586687,0.2709099,-0.9037583,-0.7554453,0.93282855,-0.58429784,0.2223057
80,0.12040929,1.3669803,0.42148095,1.1704324,0.13660064,0.45702153,0.07213424,0.16772099,0.14917631,0.67823297,-0.580577,0.048754722
81,0.35835654,1.9315035,1.185284,0.16709568,0.22767568,0.3730117,-0.24052371,0.3306514,0.03933658,0.89480704,-0.052713376,0.085149735
82,0.90967184,1.9099933,1.2047921,-0.09321591,-0.093945354,0.8766078,0.39722165,0.03543787,-0.27632254,0.82879966,0.05747949,0.15439168
83,0.7625819,1.888748,1.4273348,0.258347,0.013182868,0.8332058,0.20394652,0.136408,-0.13736033,0.9158151,0.10374687,0.05554765
84,0.6090571,1.8928076,1.3833736,0.25106466,-0.122700885,0.88987637,0.01916451,-0.02346504,-0.022462586,0.6895009,0.0040106103,0.2370098
85,1.3507217,1.9483641,1.235025,0.38917115,0.60360134,0.8756192,0.5392215,-0.04858089,0.38026586,0.83987135,0.121395275,-0.13316716
86,0.2173009,1.7575519,0.29004142,0.5732522,-0.77038926,-0.010393538,0.10056975,0.47243688,0.004497409,1.2916563,0.0038098707,0.32743505
87,-0.0008961179,1.462426,0.2826312,0.9895283,-0.39314014,0.3048202,-0.080139756,0.14070563,-0.24951217,1.2400968,0.05324307,0.017223468
88,0.08492163,1.3080148,0.46038562,0.9559463,-0.50280094,0.4888303,-0.03899458,0.27247107,-0.06841196,0.9149344,-0.12936503,0.035333633
89,0.20881446,1.367424,0.21846154,1.025484,-0.43213373,0.45321864,0.12506281,0.1504228,-0.2905618,0.9887721,-0.07341039,0.015493667
9,0.96795803,0.17821819,-0.2434727,0.17038101,-0.62677574,1.5839479,0.44927672,-0.744438,-0.71109176,1.1000137,-0.63828886,-0.2570568
90,0.21212219,1.5441709,0.51238364,0.72480416,-0.19601576,0.4207838,0.03710585,0.22698034,-0.08287941,0.9592851,-0.16045666,0.09260248
91,0.3294499,1.4483455,-0.24133621,0.85192305,-1.2425492,0.27548522,0.5530109,0.49115062,-0.25908467,0.81614894,-0.14124519,-0.028608473
92,0.15661286,1.6094484,-0.23636982,0.93558985,-0.8093887,0.20157677,0.16884308,0.2598382,-0.09346441,0.9552961,-0.28267822,-0.4307782
93,0.19259933,1.4441968,-0.20233405,1.1672252,-0.7136559,0.38355452,0.22891945,0.11344882,-0.3386612,0.850009,-0.26081344,-0.31008545
94,0.13439563,1.5285867,-0.43455365,1.1275522,-0.29599985,0.08202686,-0.08156617,0.04205957,0.049013358,0.77071047,-0.6657724,-0.6430216
95,0.22072443,1.2665728,-0.08179921,1.168359,-0.11412842,0.43200776,-0.116068184,-0.24142192,-0.27268416,0.9376207,-0.28180113,-0.3154545
96,0.10894501,1.5746394,-0.39392564,0.711161,-0.9829523,0.13010639,0.44375065,0.81330514,0.1329707,0.4984717,-0.3690206,-0.8731314
97,0.22998564,1.5044639,-0.2619506,0.8980822,-1.3365278,0.41342977,0.8423241,0.503641,-0.34649613,0.586629,-0.026658993,-0.52423733
98,0.57745546,1.2376945,-0.56394315,0.6418537,-1.5184228,0.44469216,0.6706251,0.6876668,-0.10559199,0.6360137,0.201333,-0.52919793
99,0.24929553,1.2784338,-0.6232827,0.9096785,-1.3483886,0.22503345,0.7415118,0.6242759,-0.3147817,0.68300766,-0.084703475,-0.111095674
