1.0	0.9902162645943681	0.9613043015495961	0.9145569792839415	0.8520478187318566	0.776514627920947	0.6912072411604508	0.5997091153940255	0.505744113509257	0.412980598158565	0.32484492138079013	0.2443555366249233	0.0	0.11044201946282897	0.21691927765088634	0.31566996596351526	0.4033257904266965	0.47707859075776643	0.5348130812935874	0.5751980578995062	0.5977311937639599	0.6027356271385914	0.59130970717634	0.5652342873503006
1.0	0.9901769328932211	0.961154288050666	0.9142460358983897	0.8515581583564596	0.7758685059252363	0.6904697925618279	0.5989859625352377	0.5051737954567099	0.4127224128163315	0.3250632623564746	0.24520220122009176	0.0	0.11043557858406494	0.2168687763782376	0.31550517811610157	0.4029533794724775	0.47639508218192594	0.5337199235069141	0.5736171394234169	0.595619099801699	0.6000950038880928	0.5881963511046515	0.5617589673557566
1.0	0.9901769328932212	0.9611542880506664	0.9142460358983906	0.851558158356461	0.7758685059252381	0.6904697925618304	0.5989859625352408	0.5051737954567135	0.4127224128163351	0.3250632623564782	0.24520220122009506	0.0	0.11043557858406447	0.21686877637823673	0.31550517811610035	0.40295337947247617	0.47639508218192467	0.5337199235069133	0.5736171394234164	0.5956190998016992	0.6000950038880938	0.5881963511046534	0.5617589673557594
1.0	0.9901769328932211	0.9611542880506657	0.9142460358983893	0.8515581583564588	0.7758685059252347	0.690469792561826	0.5989859625352354	0.5051737954567073	0.41272241281632854	0.3250632623564715	0.2452022012200886	0.0	0.11043557858406532	0.21686877637823834	0.31550517811610257	0.4029533794724787	0.47639508218192717	0.5337199235069152	0.5736171394234176	0.5956190998016996	0.6000950038880929	0.5881963511046511	0.5617589673557556
1.0	0.9901769328932212	0.9611542880506664	0.9142460358983906	0.8515581583564611	0.7758685059252383	0.6904697925618306	0.598985962535241	0.5051737954567135	0.41272241281633504	0.3250632623564778	0.24520220122009428	0.0	0.11043557858406447	0.21686877637823668	0.31550517811610035	0.4029533794724762	0.4763950821819249	0.5337199235069136	0.5736171394234169	0.5956190998017	0.6000950038880948	0.5881963511046543	0.5617589673557603
1.0	0.9904057705755341	0.9620283063766719	0.9160621672915694	0.854429162115321	0.7796789573249909	0.6948582371779419	0.6033560824294882	0.5087345589531209	0.4145542625292052	0.3242047086170288	0.2407489832249101	0.0	0.11047252461498022	0.21715863941903568	0.31645199796299983	0.40509631120923	0.4803358257307254	0.5400380441305678	0.582782153117174	0.6079087229548414	0.6155285942348938	0.6064913212628505	0.5823159375194756
1.0	0.9903707732215811	0.9618943002565786	0.9157824556411631	0.8539838474347431	0.7790815395389604	0.6941585551290209	0.6026391720574653	0.5081153888576211	0.4141687044465114	0.32419747129379245	0.24125954982416417	0.0	0.11046704227943885	0.21711558782745302	0.31631115419126293	0.40477683147874355	0.47974658612971555	0.5390897827004891	0.5814001959695191	0.6060449943824664	0.6131716469481924	0.6036732760156953	0.5791154793556079
1.0	0.9903707732215808	0.9618943002565781	0.9157824556411616	0.8539838474347405	0.7790815395389568	0.6941585551290164	0.6026391720574599	0.5081153888576151	0.4141687044465052	0.32419747129378673	0.24125954982415915	0.0	0.11046704227943968	0.21711558782745452	0.31631115419126493	0.4047768314787457	0.4797465861297175	0.5390897827004903	0.5814001959695193	0.6060449943824654	0.6131716469481897	0.6036732760156912	0.5791154793556023
1.0	0.9903707732215808	0.9618943002565775	0.9157824556411607	0.8539838474347391	0.7790815395389549	0.6941585551290139	0.6026391720574569	0.5081153888576119	0.41416870444650206	0.32419747129378373	0.24125954982415665	0.0	0.11046704227944011	0.21711558782745535	0.316311154191266	0.40477683147874677	0.4797465861297185	0.5390897827004909	0.5814001959695192	0.6060449943824646	0.6131716469481882	0.6036732760156887	0.5791154793555988
1.0	0.9903707732215808	0.9618943002565775	0.9157824556411606	0.8539838474347391	0.7790815395389548	0.6941585551290135	0.6026391720574563	0.5081153888576113	0.4141687044465012	0.3241974712937826	0.24125954982415548	0.0	0.11046704227944021	0.2171155878274555	0.3163111541912663	0.4047768314787471	0.4797465861297189	0.5390897827004915	0.5814001959695199	0.6060449943824653	0.6131716469481887	0.6036732760156892	0.5791154793555993
1.0	0.990743008697265	0.9633224176202841	0.9187737277906312	0.8587713927768751	0.785554423708802	0.7018274436925145	0.6106420643422301	0.5152643923501108	0.41903510209347805	0.3252287999850107	0.23691934514176471	0.0	0.11052417747962662	0.21756469274725884	0.3177828014796936	0.4081227431681572	0.4859364570334878	0.5490891382953932	0.5960408103382404	0.6259003163743687	0.638449538176689	0.6341371530945343	0.6140427626926216
1.0	0.9907151387680161	0.9632149258853914	0.9185464655006607	0.8584023756371908	0.7850447301750287	0.7012039736746979	0.6099578533494112	0.5145963737400059	0.4184794188591875	0.32489397157287464	0.23691777853736876	0.0	0.1105201992457618	0.21753336224757527	0.31767980315451627	0.40788748148792014	0.4854985558066419	0.5483762286205427	0.5949869425877731	0.624454267517733	0.6365822784384477	0.6318477865309606	0.6113623615875025
1.0	0.990715138768016	0.963214925885391	0.9185464655006599	0.8584023756371895	0.7850447301750269	0.7012039736746953	0.609957853349408	0.5145963737400021	0.41847941885918344	0.32489397157287053	0.23691777853736473	0.0	0.11052019924576227	0.2175333622475762	0.31767980315451755	0.4078874814879215	0.48549855580664314	0.5483762286205438	0.5949869425877737	0.624454267517733	0.636582278438447	0.631847786530959	0.6113623615874997
1.0	0.990715138768016	0.963214925885391	0.9185464655006601	0.8584023756371898	0.7850447301750273	0.7012039736746961	0.609957853349409	0.5145963737400034	0.4184794188591849	0.32489397157287203	0.23691777853736642	0.0	0.11052019924576209	0.21753336224757588	0.31767980315451716	0.4078874814879209	0.4854985558066427	0.5483762286205432	0.5949869425877733	0.6244542675177327	0.6365822784384468	0.6318477865309591	0.6113623615875002
1.0	0.990715138768016	0.963214925885391	0.9185464655006601	0.8584023756371901	0.7850447301750276	0.7012039736746966	0.6099578533494097	0.5145963737400041	0.41847941885918566	0.3248939715728729	0.23691777853736729	0.0	0.110520199245762	0.21753336224757566	0.3176798031545168	0.4078874814879207	0.48549855580664236	0.548376228620543	0.5949869425877731	0.6244542675177326	0.636582278438447	0.6318477865309592	0.6113623615875005
1.0	0.9911591004417997	0.9649296807973081	0.9221807339940468	0.8643248608761054	0.7932661643373816	0.7113301889072176	0.6211786503140649	0.5257122859233735	0.4279656067210118	0.3309976267380143	0.23778277510283655	0.0	0.11058272514078399	0.2180262249485344	0.3193025126858507	0.41160182767939496	0.4924312919472869	0.5597014918872367	0.6117977266365703	0.6476332801262333	0.6666827931733339	0.6689946051217166	0.65518176850101
1.0	0.9911386781234642	0.9648502033191844	0.9220100501041155	0.8640411188193926	0.7928609077385398	0.7108105052601386	0.6205682056831839	0.525051149182433	0.42730884302927935	0.33041271847625864	0.23734600450300866	0.0	0.1105801907152912	0.21800618936997407	0.3192362249875306	0.41144904101780766	0.49214350918963296	0.5592259566404297	0.6110818975060516	0.646629491351286	0.6653527881017153	0.6673136313965086	0.6531419453678803
1.0	0.991890074465568	0.9677836804881207	0.9283442241587684	0.8746551209797035	0.8081871366507951	0.7307541054126571	0.6444584113492523	0.551627936181581	0.4547464404816225	0.3563795455305036	0.259098613937787	0.0	0.11066908519250043	0.21871014632859792	0.32157201081611575	0.4168548404367094	0.5023799524527125	0.5762528338211095	0.6369174196060146	0.6831999838455689	0.7143413202582928	0.7300162605711664	0.730339977897837
1.0	0.9911386781234642	0.9648502033191847	0.9220100501041161	0.8640411188193936	0.7928609077385412	0.7108105052601403	0.6205682056831863	0.5250511491824353	0.42730884302928207	0.3304127184762614	0.23734600450301133	0.0	0.11058019071529093	0.21800618936997349	0.3192362249875298	0.4114490410178069	0.4921435091896322	0.5592259566404291	0.6110818975060512	0.6466294913512861	0.6653527881017162	0.66731363139651	0.6531419453678825
1.0	0.9911386781234642	0.9648502033191841	0.9220100501041155	0.8640411188193923	0.7928609077385392	0.7108105052601378	0.620568205683183	0.5250511491824315	0.4273088430292776	0.3304127184762567	0.23734600450300633	0.0	0.11058019071529145	0.21800618936997446	0.31923622498753124	0.41144904101780844	0.4921435091896338	0.5592259566404307	0.6110818975060526	0.646629491351287	0.6653527881017162	0.6673136313965093	0.653141945367881
1.0	0.9907908456387999	0.9634860420249051	0.9190413025418653	0.8590090844372981	0.7854796691097142	0.7010019600858629	0.6084871234963913	0.5110988664974315	0.41213466589568276	0.314902601571378	0.22259860373153223	0.0	0.11054314542344634	0.21771225228432659	0.3182577199762408	0.409173989682352	0.4878096739719124	0.551963952086565	0.5999655212969427	0.6307310929700708	0.6438012394054888	0.6393523005809063	0.6181840117608208
1.0	0.9907690775963817	0.9634012214298239	0.918858750249343	0.8587046411288327	0.7850429062055037	0.7004384642345495	0.6078196864229523	0.5103674769363369	0.4113952719741727	0.314224686349277	0.22206168948691643	0.0	0.11054051174951533	0.21769142152355583	0.31818874272106734	0.40901481285864033	0.4875093871582248	0.5514667964711969	0.599215410906769	0.6296763630445047	0.6423993183377511	0.6375740008795113	0.6160171522159422
1.0	0.9907690775963817	0.9634012214298235	0.9188587502493423	0.8587046411288313	0.7850429062055019	0.7004384642345471	0.6078196864229493	0.5103674769363333	0.4113952719741686	0.3142246863492727	0.222061689486912	0.0	0.1105405117495158	0.21769142152355675	0.31818874272106856	0.4090148128586418	0.48750938715822617	0.5514667964711983	0.5992154109067701	0.6296763630445052	0.642399318337751	0.6375740008795103	0.6160171522159403
1.0	0.9907690775963817	0.9634012214298237	0.9188587502493426	0.8587046411288318	0.7850429062055025	0.7004384642345479	0.6078196864229503	0.5103674769363347	0.4113952719741701	0.31422468634927436	0.22206168948691377	0.0	0.11054051174951561	0.21769142152355644	0.3181887427210681	0.4090148128586412	0.4875093871582256	0.5514667964711978	0.5992154109067697	0.6296763630445049	0.6423993183377509	0.6375740008795105	0.6160171522159408
1.0	0.9907690775963816	0.9634012214298233	0.9188587502493419	0.8587046411288307	0.7850429062055008	0.7004384642345456	0.6078196864229475	0.5103674769363311	0.4113952719741663	0.3142246863492703	0.22206168948690974	0.0	0.11054051174951604	0.21769142152355728	0.31818874272106923	0.40901481285864255	0.4875093871582269	0.551466796471199	0.5992154109067704	0.6296763630445051	0.6423993183377503	0.6375740008795091	0.6160171522159387
1.0	0.9904863911329986	0.9622939089843853	0.9164539506813267	0.854640606757448	0.7791052045679537	0.6925883897167603	0.5982132823590656	0.49936400181628454	0.39955443368213983	0.30229249493538696	0.21094531920114024	0.0	0.11050979672051187	0.21744790325955046	0.3173791410879838	0.4071359235319973	0.48393869409514256	0.5455009453728021	0.5901146679443072	0.6167128736639855	0.6249067681273438	0.6149961744037027	0.587952892089194
1.0	0.9904631656533018	0.9622033833562131	0.9162590233416753	0.8543152877266103	0.7786380194173571	0.6919848152718622	0.5974970365284752	0.49857707677907037	0.3987558355748836	0.30155573013137776	0.21035474304638727	0.0	0.11050700708890789	0.2174258367506065	0.3173060596554028	0.4069672362074059	0.48362037043199124	0.5449737358247161	0.5893188713876787	0.6155933556178939	0.6234179132017267	0.6131064543688054	0.5856487470029267
1.0	0.9904631656533018	0.962203383356213	0.916259023341675	0.8543152877266096	0.7786380194173562	0.6919848152718608	0.5974970365284735	0.49857707677906865	0.39875583557488165	0.3015557301313757	0.21035474304638532	0.0	0.11050700708890811	0.21742583675060692	0.31730605965540337	0.4069672362074063	0.4836203704319917	0.5449737358247165	0.5893188713876788	0.6155933556178937	0.6234179132017262	0.6131064543688043	0.5856487470029251
1.0	0.990463165653302	0.9622033833562132	0.9162590233416755	0.8543152877266108	0.7786380194173581	0.6919848152718632	0.5974970365284765	0.498577076779072	0.3987558355748854	0.30155573013137965	0.21035474304638926	0.0	0.11050700708890768	0.21742583675060612	0.3173060596554022	0.40696723620740516	0.4836203704319905	0.5449737358247154	0.5893188713876781	0.6155933556178936	0.6234179132017267	0.6131064543688058	0.5856487470029276
1.0	0.9904631656533018	0.962203383356213	0.9162590233416751	0.8543152877266099	0.7786380194173566	0.6919848152718614	0.5974970365284741	0.4985770767790692	0.39875583557488226	0.3015557301313763	0.21035474304638582	0.0	0.11050700708890807	0.21742583675060687	0.3173060596554032	0.4069672362074063	0.48362037043199185	0.5449737358247168	0.5893188713876792	0.6155933556178942	0.623417913201727	0.6131064543688055	0.5856487470029265
1.0	0.9902604373119773	0.9614114692016735	0.9145472705694725	0.8514421429012272	0.7744786953075832	0.6865515349139282	0.5909504856410397	0.4912282020753536	0.3910576854200914	0.2940856144958414	0.20378755961636183	0.0	0.11048385054315991	0.2172425347329741	0.3166982623345825	0.40556191868348607	0.4809624677932247	0.5405591423456758	0.582631830947575	0.6061459931406703	0.6107895061241065	0.5969800278605547	0.5658426985330827
1.0	0.9902355736760832	0.9613146477528876	0.914339116033432	0.8510955544641062	0.7739825541232683	0.6859132971778185	0.5901974626920145	0.49040740938998534	0.3902342307255788	0.29333968647398023	0.20321016752567694	0.0	0.11048081988162882	0.21721857316190113	0.3166189686583435	0.40537910043433084	0.48061798861611277	0.5399896607676422	0.5817741249643231	0.6049425237587459	0.6091938521796129	0.5949618254763632	0.5633917416275053
1.0	0.9902355736760832	0.961314647752888	0.9143391160334331	0.8510955544641081	0.7739825541232711	0.6859132971778223	0.5901974626920192	0.4904074093899907	0.39023423072558455	0.2933396864739863	0.20321016752568288	0.0	0.11048081988162813	0.21721857316189983	0.31661896865834177	0.40537910043432895	0.4806179886161109	0.5399896607676407	0.5817741249643221	0.6049425237587459	0.609193852179614	0.5949618254763657	0.5633917416275092
1.0	0.9902355736760832	0.961314647752888	0.9143391160334329	0.851095554464108	0.773982554123271	0.685913297177822	0.5901974626920189	0.4904074093899904	0.3902342307255844	0.29333968647398606	0.20321016752568272	0.0	0.11048081988162817	0.21721857316189985	0.3166189686583419	0.40537910043432895	0.4806179886161109	0.5399896607676405	0.581774124964322	0.6049425237587457	0.6091938521796136	0.5949618254763652	0.5633917416275086
1.0	0.990235573676083	0.9613146477528871	0.9143391160334312	0.8510955544641051	0.7739825541232669	0.6859132971778165	0.5901974626920121	0.49040740938998245	0.39023423072557556	0.2933396864739769	0.20321016752567353	0.0	0.11048081988162924	0.21721857316190188	0.3166189686583446	0.40537910043433223	0.48061798861611404	0.5399896607676433	0.581774124964324	0.6049425237587465	0.609193852179613	0.5949618254763626	0.5633917416275038
1.0	0.9901291641300481	0.9609011882491416	0.9134535633933076	0.849629128606385	0.7718990245477275	0.6832595621898555	0.5871074850177108	0.48709903120386366	0.3869988890124161	0.2905255540749585	0.20119972345032	0.0	0.11046747037440348	0.21711316854924456	0.316270948259396	0.40457925874921447	0.47911709580956036	0.5375211471307485	0.5780791746678577	0.5997957238146916	0.6024274662101567	0.5864868150311283	0.5532138386687281
1.0	0.9901027070668511	0.9607983190808062	0.9132329889465585	0.8492632880441415	0.7713781512644794	0.6825944259367284	0.5863305885593266	0.48626413656457895	0.38617885824546627	0.2898086017616836	0.2006842858918655	0.0	0.11046416141334427	0.21708702557486312	0.3161845409569065	0.40438038167331997	0.4787431967530595	0.5369047521425753	0.577153937435556	0.5985026797047264	0.6007210502226018	0.5843402098076993	0.5506232533564047
1.0	0.9901027070668513	0.9607983190808066	0.913232988946559	0.8492632880441426	0.7713781512644812	0.6825944259367309	0.5863305885593295	0.4862641365645823	0.3861788582454698	0.2898086017616873	0.20068428589186907	0.0	0.11046416141334384	0.21708702557486234	0.3161845409569055	0.4043803816733187	0.47874319675305826	0.5369047521425743	0.5771539374355554	0.5985026797047265	0.6007210502226025	0.584340209807701	0.5506232533564072
1.0	0.9901027070668511	0.9607983190808063	0.9132329889465589	0.8492632880441423	0.7713781512644805	0.68259442593673	0.5863305885593285	0.4862641365645811	0.3861788582454687	0.2898086017616862	0.200684285891868	0.0	0.11046416141334399	0.21708702557486256	0.3161845409569058	0.4043803816733191	0.47874319675305865	0.5369047521425745	0.5771539374355554	0.5985026797047264	0.6007210502226019	0.5843402098077001	0.5506232533564059
1.0	0.9901027070668511	0.960798319080806	0.9132329889465585	0.8492632880441414	0.7713781512644794	0.6825944259367286	0.5863305885593266	0.48626413656457906	0.3861788582454665	0.28980860176168405	0.20068428589186596	0.0	0.11046416141334423	0.21708702557486304	0.3161845409569064	0.4043803816733198	0.47874319675305926	0.5369047521425749	0.5771539374355555	0.598502679704726	0.6007210502226011	0.5843402098076986	0.5506232533564039
1.0	0.9901080755171763	0.9608218091525258	0.9132930894713317	0.8493870316664183	0.7716024958462732	0.682965824590018	0.5869025332208041	0.48709265561300263	0.3873161555621105	0.2912952269788339	0.20254040742212687	0.0	0.11046336970855748	0.21708105216713192	0.31616636487905864	0.40434367594726617	0.4786868484774028	0.5368380589526004	0.5771018556496281	0.5985104449424439	0.6008574939300091	0.584699156692118	0.5513225027297776
1.0	0.990080493072632	0.9607147004861554	0.9130639304646853	0.8490082015744397	0.7710656226061744	0.6822846441519663	0.5861140149995235	0.4862562632598564	0.3865112394252899	0.29061667381836065	0.2020927959507895	0.0	0.1104598430047442	0.2170532036562177	0.31607440256824126	0.40413228140796226	0.4782900756639332	0.536185315262349	0.5761245391296863	0.5971487591148029	0.5990669403859197	0.582456217054869	0.5486290654361741
1.0	0.9900804930726319	0.9607147004861555	0.9130639304646854	0.84900820157444	0.7710656226061748	0.682284644151967	0.5861140149995241	0.48625626325985694	0.3865112394252905	0.2906166738183613	0.20209279595078988	0.0	0.11045984300474411	0.21705320365621758	0.31607440256824104	0.404132281407962	0.47829007566393295	0.536185315262349	0.5761245391296864	0.597148759114803	0.5990669403859201	0.5824562170548697	0.5486290654361748
1.0	0.9900804930726319	0.9607147004861551	0.9130639304646846	0.8490082015744389	0.7710656226061732	0.6822846441519645	0.5861140149995213	0.48625626325985377	0.3865112394252871	0.29061667381835776	0.20209279595078664	0.0	0.11045984300474453	0.21705320365621833	0.3160744025682421	0.4041322814079632	0.47829007566393417	0.5361853152623497	0.5761245391296868	0.5971487591148029	0.5990669403859191	0.5824562170548678	0.5486290654361722
1.0	0.9900804930726319	0.9607147004861554	0.9130639304646849	0.849008201574439	0.7710656226061736	0.6822846441519652	0.586114014999522	0.4862562632598546	0.38651123942528787	0.2906166738183586	0.2020927959507875	0.0	0.11045984300474443	0.21705320365621816	0.3160744025682418	0.404132281407963	0.47829007566393383	0.5361853152623496	0.5761245391296866	0.5971487591148029	0.5990669403859193	0.5824562170548683	0.5486290654361727
1.0	0.9902079505151875	0.9612136199515383	0.9141462062047933	0.8508342463404581	0.773727936606739	0.6857952794720468	0.5903966841192871	0.49114359376926936	0.39174740361096955	0.2958653358776698	0.20695003617037525	0.0	0.11047380748661415	0.21716385581247308	0.3164419320302765	0.40498411548404056	0.4799062330584227	0.5388801373036797	0.5802257922081596	0.6029752484005055	0.6069058612890493	0.5925414928030599	0.5611218754751854
1.0	0.9901801632071504	0.9611057605548767	0.9139156096107148	0.8504534640365327	0.7731891663583911	0.6851132712975502	0.58960986823449	0.4903132962106408	0.3909551456454544	0.29520834585629624	0.2065352287624169	0.0	0.1104702233680619	0.2171355568022366	0.31634849819866906	0.40476939182554394	0.4795033459908442	0.5382176186627466	0.5792343737351208	0.6015948358304383	0.6050921751158713	0.5902718743380968	0.5583998015746531
1.0	0.9901801632071504	0.961105760554877	0.9139156096107153	0.8504534640365334	0.7731891663583923	0.6851132712975518	0.5896098682344919	0.49031329621064285	0.39095514564545664	0.29520834585629835	0.20653522876241875	0.0	0.11047022336806167	0.21713555680223617	0.31634849819866845	0.40476939182554333	0.47950334599084354	0.5382176186627464	0.5792343737351209	0.6015948358304388	0.6050921751158723	0.5902718743380985	0.5583998015746553
1.0	0.9901801632071504	0.961105760554877	0.9139156096107153	0.8504534640365332	0.773189166358392	0.6851132712975516	0.5896098682344918	0.4903132962106426	0.39095514564545636	0.2952083458562981	0.2065352287624186	0.0	0.11047022336806168	0.21713555680223612	0.3163484981986685	0.40476939182554345	0.47950334599084354	0.5382176186627463	0.5792343737351208	0.6015948358304387	0.6050921751158721	0.5902718743380982	0.558399801574655
1.0	0.9901801632071502	0.9611057605548752	0.9139156096107118	0.8504534640365276	0.7731891663583836	0.6851132712975406	0.5896098682344781	0.4903132962106271	0.3909551456454395	0.29520834585628086	0.20653522876240185	0.0	0.11047022336806372	0.21713555680223995	0.31634849819867367	0.40476939182554916	0.47950334599084926	0.5382176186627509	0.5792343737351233	0.6015948358304387	0.6050921751158685	0.5902718743380905	0.5583998015746432
1.0	0.9904305005106655	0.9620825098653989	0.9160226657151628	0.8539797234939414	0.7782733254430771	0.6917186344542422	0.5975109548936801	0.4990953166747666	0.400026630811578	0.3038264068451031	0.21384213862697984	0.0	0.11049954511780473	0.21736754618085127	0.3171170963977396	0.40654442878654135	0.4828554200505842	0.5437747610720034	0.5876332230239719	0.6134294116742964	0.6208635222648462	0.6103418327935196	0.5829519493339685
1.0	0.9904037425044471	0.9619785780773773	0.915800216795542	0.8536117885137255	0.7777515428871848	0.6910560843575918	0.596743354920883	0.4982804478343898	0.39924197714942167	0.3031651127788447	0.2134075022540514	0.0	0.11049612286798804	0.21734051527580953	0.3170277942684721	0.4063390210805165	0.48246957411757346	0.5431393685222023	0.5866807761860876	0.6121005882692636	0.6191135100365849	0.6081459328580072	0.5803100335174376
1.0	0.9904037425044471	0.9619785780773773	0.9158002167955421	0.8536117885137255	0.7777515428871846	0.6910560843575916	0.5967433549208828	0.4982804478343897	0.39924197714942145	0.30316511277884434	0.21340750225405095	0.0	0.11049612286798809	0.21734051527580958	0.3170277942684723	0.40633902108051667	0.4824695741175736	0.5431393685222026	0.5866807761860879	0.6121005882692638	0.6191135100365851	0.6081459328580076	0.5803100335174378
1.0	0.9904037425044471	0.9619785780773776	0.9158002167955428	0.853611788513727	0.7777515428871868	0.6910560843575946	0.5967433549208865	0.4982804478343938	0.39924197714942583	0.303165112778849	0.2134075022540555	0.0	0.11049612286798757	0.2173405152758086	0.31702779426847094	0.4063390210805152	0.48246957411757213	0.5431393685222013	0.586680776186087	0.6121005882692637	0.619113510036586	0.6081459328580094	0.5803100335174408
1.0	0.9904037425044471	0.9619785780773771	0.9158002167955418	0.8536117885137251	0.7777515428871841	0.6910560843575908	0.5967433549208819	0.49828044783438846	0.39924197714942	0.30316511277884295	0.21340750225404956	0.0	0.11049612286798825	0.21734051527580991	0.31702779426847266	0.4063390210805171	0.48246957411757413	0.5431393685222029	0.5866807761860882	0.612100588269264	0.6191135100365849	0.608145932858007	0.580310033517437
1.0	0.9907653466352202	0.9633885562082458	0.9188384192419528	0.8586877099246669	0.7850521631596555	0.7005085490672813	0.6079951740983983	0.5106988441512993	0.4119328622111187	0.31501097890808544	0.22312235506879868	0.0	0.11053923372379953	0.21768156754028778	0.318157529373561	0.4089474186303045	0.48739369221106066	0.5512989318951629	0.5990055287923539	0.6294539760753682	0.6422175434881052	0.637512078751914	0.6161807008459833
1.0	0.990740914869585	0.9632935013351847	0.9186343818511353	0.8583487794921828	0.784568626811688	0.6998894992718738	0.6072697717439527	0.5099161157053235	0.41116000011813997	0.314330207925016	0.22262651848249937	0.0	0.11053619043063928	0.2176575108755786	0.31807794782773524	0.4087640255508459	0.4870483529932971	0.5507284998623958	0.5981472767532299	0.628251268031979	0.6406253693356949	0.635502075499142	0.6137453070887979
1.0	0.990740914869585	0.9632935013351847	0.9186343818511353	0.858348779492183	0.7845686268116883	0.6998894992718743	0.6072697717439531	0.5099161157053239	0.41116000011814025	0.31433020792501637	0.22262651848249979	0.0	0.11053619043063923	0.21765751087557855	0.31807794782773513	0.4087640255508456	0.48704835299329674	0.5507284998623956	0.5981472767532299	0.628251268031979	0.6406253693356949	0.6355020754991422	0.6137453070887982
1.0	0.990740914869585	0.9632935013351849	0.9186343818511357	0.8583487794921836	0.7845686268116892	0.6998894992718752	0.6072697717439544	0.5099161157053252	0.41116000011814174	0.31433020792501787	0.22262651848250115	0.0	0.11053619043063907	0.21765751087557822	0.3180779478277347	0.4087640255508452	0.48704835299329635	0.5507284998623952	0.5981472767532297	0.6282512680319792	0.6406253693356955	0.635502075499143	0.6137453070887995
1.0	0.990740914869585	0.9632935013351847	0.9186343818511352	0.8583487794921828	0.7845686268116879	0.6998894992718737	0.6072697717439525	0.5099161157053231	0.41116000011813947	0.31433020792501565	0.22262651848249904	0.0	0.11053619043063932	0.2176575108755787	0.3180779478277353	0.4087640255508459	0.4870483529932971	0.5507284998623958	0.5981472767532299	0.628251268031979	0.6406253693356947	0.6355020754991416	0.6137453070887975
1.0	0.9911894128008906	0.9650433038887096	0.9224084812221417	0.8646628344344854	0.7936664534147674	0.7116957511277889	0.6213630299346506	0.5255244648411318	0.4271798979928641	0.3293681305258748	0.23506154976091853	0.0	0.11058944665844597	0.21807902674598797	0.31947534227278396	0.4119940568671302	0.4931548838254243	0.5608655262888042	0.613491542605692	0.6499096392184861	0.6695425156140429	0.6723740770357723	0.6589445641908086
1.0	0.9911683849220072	0.9649612865815572	0.922231664234143	0.8643672291202158	0.7932409420697427	0.7111443153527804	0.6207060034402979	0.5247987103649863	0.426437868320594	0.32867583685637536	0.23449552353154152	0.0	0.11058693972668868	0.21805918729137438	0.319409585708372	0.4118421109917734	0.49286774463758065	0.5603891256964197	0.6127709124583378	0.6488933245156427	0.6681869713806822	0.6706477792803451	0.6568315759244875
1.0	0.9911683849220072	0.9649612865815574	0.9222316642341438	0.8643672291202174	0.7932409420697447	0.7111443153527833	0.6207060034403015	0.5247987103649905	0.42643786832059866	0.3286758368563804	0.2344955235315467	0.0	0.11058693972668812	0.21805918729137344	0.3194095857083706	0.41184211099177176	0.492867744637579	0.5603891256964184	0.6127709124583367	0.6488933245156422	0.6681869713806827	0.6706477792803467	0.6568315759244899
1.0	0.9911683849220073	0.9649612865815578	0.9222316642341444	0.8643672291202181	0.7932409420697462	0.7111443153527852	0.6207060034403037	0.524798710364993	0.42643786832060165	0.32867583685638363	0.2344955235315499	0.0	0.11058693972668776	0.2180591872913727	0.31940958570836964	0.41184211099177065	0.4928677446375777	0.5603891256964171	0.6127709124583357	0.6488933245156415	0.6681869713806824	0.6706477792803469	0.6568315759244907
1.0	0.9911683849220073	0.9649612865815578	0.9222316642341446	0.8643672291202185	0.7932409420697468	0.7111443153527857	0.6207060034403045	0.524798710364994	0.42643786832060276	0.32867583685638463	0.23449552353155095	0.0	0.11058693972668765	0.21805918729137252	0.3194095857083694	0.4118421109917704	0.49286774463757754	0.5603891256964172	0.6127709124583359	0.6488933245156419	0.6681869713806828	0.6706477792803477	0.6568315759244919
1.0	0.9916690555922875	0.9669172536186398	0.9264600674717732	0.8714648017830516	0.8035137330364927	0.7245542107004522	0.6368373541384844	0.5428473518518369	0.4452236735064992	0.34667873159570345	0.24991367102279063	0.0	0.11064530298364375	0.2185215048007507	0.3209443561499114	0.41539657166194865	0.4996045535311845	0.5716072572945354	0.6298149915340471	0.673056277568662	0.7006112912421332	0.7122308532753492	0.7081404122820143
1.0	0.9917126157351734	0.9670875823796646	0.9268288456183044	0.8720851799854081	0.8044143202058788	0.72573438405474	0.6382641601511426	0.5444541924807966	0.44691088771674914	0.3483160919052467	0.2513447226163713	0.0	0.11065032264155812	0.21856129066568306	0.321076563813491	0.4157031807694796	0.5001867113163317	0.5725788047127128	0.6312949926972315	0.67516092533218	0.7034455970473288	0.7158805460248647	0.7126644682341363
1.0	0.9917126157351734	0.9670875823796649	0.9268288456183046	0.8720851799854082	0.8044143202058788	0.7257343840547406	0.638264160151143	0.5444541924807971	0.4469108877167495	0.34831609190524715	0.25134472261637175	0.0	0.11065032264155811	0.21856129066568303	0.32107656381349087	0.41570318076947943	0.5001867113163316	0.5725788047127128	0.6312949926972317	0.6751609253321802	0.7034455970473292	0.7158805460248652	0.712664468234137
1.0	0.9917718995365697	0.9673194885056938	0.9273313008653578	0.8729313305703732	0.8056444773219873	0.7273497234905228	0.6402225340305753	0.5466683125062475	0.44924902785196374	0.35060533910884945	0.25337668228037485	0.0	0.1106570794372313	0.21861485081093857	0.32125457508350475	0.41611612055356756	0.5009710215389582	0.5738882694286125	0.6332907828046788	0.6780008040987926	0.7072728271568202	0.7208130613943343	0.7187848707340555
1.0	0.9917126157351734	0.967087582379665	0.926828845618305	0.8720851799854094	0.8044143202058806	0.7257343840547426	0.6382641601511457	0.5444541924808004	0.44691088771675347	0.3483160919052515	0.25134472261637636	0.0	0.11065032264155761	0.21856129066568208	0.32107656381348965	0.41570318076947793	0.50018671131633	0.5725788047127112	0.6312949926972301	0.6751609253321789	0.7034455970473285	0.7158805460248648	0.7126644682341375
1.0	0.9918928122138886	0.9677925132074396	0.928356305850565	0.8746577641378798	0.8081548916734906	0.7306467900286802	0.6442202708667681	0.5511880536164683	0.4540204466930829	0.3552726068138772	0.25750960173726756	0.0	0.11067089507795762	0.21872438237736458	0.32161870579805235	0.4169611150430258	0.5025766963278199	0.576570594915148	0.6373817507407772	0.6838265327939177	0.715130972283547	0.7309506489798789	0.7313776682285598
1.0	0.9918776114735014	0.9677329550637792	0.9282269048056346	0.8744389451998272	0.8078349274352808	0.7302233339271273	0.6437014034208285	0.5505927806727499	0.4533786138579667	0.3546242212463134	0.25690358015087644	0.0	0.11066923676764964	0.21871123111589894	0.3215749625605852	0.41685952990824676	0.5023834723242653	0.5762474058205272	0.6368880762415121	0.6831221984673953	0.7141787708814648	0.7297189139780933	0.7298426708478196
1.0	0.9918776114735012	0.9677329550637792	0.9282269048056345	0.8744389451998269	0.8078349274352806	0.7302233339271267	0.6437014034208279	0.5505927806727493	0.4533786138579661	0.3546242212463126	0.25690358015087555	0.0	0.1106692367676497	0.21871123111589907	0.3215749625605854	0.4168595299082469	0.5023834723242654	0.5762474058205274	0.6368880762415123	0.6831221984673953	0.7141787708814645	0.729718913978093	0.729842670847819
1.0	0.9918776114735014	0.9677329550637795	0.9282269048056353	0.8744389451998283	0.8078349274352825	0.7302233339271296	0.6437014034208315	0.5505927806727535	0.45337861385797096	0.354624221246318	0.2569035801508814	0.0	0.11066923676764906	0.21871123111589788	0.3215749625605837	0.4168595299082449	0.5023834723242633	0.5762474058205251	0.6368880762415101	0.6831221984673936	0.7141787708814634	0.7297189139780924	0.7298426708478194
1.0	0.9918776114735014	0.9677329550637792	0.9282269048056346	0.8744389451998273	0.8078349274352811	0.7302233339271277	0.6437014034208289	0.5505927806727504	0.45337861385796746	0.3546242212463143	0.25690358015087744	0.0	0.11066923676764948	0.21871123111589863	0.32157496256058477	0.4168595299082462	0.5023834723242647	0.5762474058205264	0.6368880762415113	0.6831221984673944	0.7141787708814638	0.729718913978092	0.7298426708478185
1.0	0.9921716166738722	0.968884385207149	0.930726609247796	0.8786607765466736	0.8139970681967588	0.7383573290944283	0.6536305204323878	0.5619209154482808	0.46549050370712824	0.36669723103745705	0.2679308172510072	0.0	0.11070205765354443	0.21897155918630698	0.3224410833909775	0.41887165397389925	0.5062124519843852	0.5826552610078964	0.6466821261931476	0.6971049022816266	0.73309559763203	0.7542066840523465	0.7603808284453024
1.0	0.9920531232638177	0.9684202007810642	0.9297184379234248	0.8769569582635904	0.8115080791910066	0.7350682865242387	0.6496100539973391	0.557325921110728	0.460566468132442	0.36177400331017634	0.26341389939451876	0.0	0.11068887045230821	0.2188669417963664	0.3220929096503363	0.4180624432130072	0.5046716922709886	0.5800749843684688	0.642735046655417	0.6914643087474144	0.7254561073616215	0.7443049125605721	0.7480150201231914
1.0	0.9921064240822706	0.968628935562811	0.9301715495726904	0.8777221143755626	0.812624618382931	0.7365415475120526	0.6514073804488277	0.5593745643474318	0.4627535289525493	0.3639484667640158	0.26539072574018097	0.0	0.11069484764424584	0.21891435497352124	0.3222506737798686	0.418429012865147	0.5053694048503781	0.5812429149597587	0.6445206941524692	0.6940144878101261	0.7289074603559906	0.7487744782956497	0.7535913008695797
1.0	0.9921064240822703	0.9686289355628108	0.9301715495726899	0.8777221143755619	0.8126246183829302	0.7365415475120515	0.6514073804488261	0.5593745643474302	0.46275352895254734	0.36394846676401377	0.26539072574017886	0.0	0.11069484764424604	0.21891435497352157	0.32225067377986916	0.4184290128651476	0.5053694048503786	0.5812429149597592	0.6445206941524695	0.6940144878101262	0.7289074603559903	0.7487744782956488	0.7535913008695786
1.0	0.9921064240822706	0.968628935562811	0.9301715495726904	0.8777221143755626	0.812624618382931	0.7365415475120527	0.6514073804488277	0.5593745643474323	0.4627535289525496	0.3639484667640163	0.2653907257401816	0.0	0.11069484764424577	0.21891435497352107	0.3222506737798683	0.41842901286514667	0.5053694048503776	0.5812429149597582	0.6445206941524687	0.6940144878101254	0.7289074603559899	0.7487744782956488	0.7535913008695789
1.0	0.9926961033092909	0.970941437135561	0.9352033838314024	0.8862487049643888	0.8251255363893998	0.7531387908400378	0.6718195597202136	0.5828892498760826	0.4882193173556583	0.3897875654576531	0.2896320561824926	0.0	0.11075930192310604	0.21942600911799046	0.32395528875342355	0.42239669251976	0.5129385282830224	0.5939489235468975	0.6640126035521514	0.7219625105178655	0.7669055153013994	0.7982416155844293	0.8156761721018573
1.0	0.992591301475555	0.9705301043847916	0.9343071021415174	0.884726876352869	0.8228883809789128	0.7501583018217515	0.6681379524687905	0.5786245279446437	0.48356767688526886	0.38502246854636496	0.2850999195116341	0.0	0.11074797821274708	0.2193360689891896	0.3236553695316384	0.42169769108780253	0.5116028092283866	0.5917020729796739	0.6605573016688158	0.7169940159217669	0.7601281905906295	0.7893858789282623	0.8045152350164699
1.0	0.9925913014755546	0.9705301043847909	0.9343071021415165	0.8847268763528673	0.8228883809789103	0.7501583018217479	0.6681379524687857	0.5786245279446378	0.48356767688526214	0.3850224685463573	0.2850999195116258	0.0	0.11074797821274787	0.2193360689891911	0.3236553695316406	0.4216976910878052	0.5116028092283895	0.591702072979677	0.6605573016688183	0.7169940159217691	0.7601281905906312	0.789385878928263	0.8045152350164695
1.0	0.9925913014755549	0.9705301043847914	0.934307102141517	0.8847268763528686	0.8228883809789121	0.7501583018217506	0.6681379524687893	0.5786245279446423	0.4835676768852672	0.3850224685463631	0.28509991951163205	0.0	0.11074797821274726	0.21933606898918992	0.3236553695316389	0.42169769108780314	0.5116028092283873	0.5917020729796746	0.6605573016688161	0.7169940159217673	0.7601281905906297	0.7893858789282622	0.8045152350164696
1.0	0.9924892376884786	0.9701298086259679	0.9334359526270801	0.8832504012141993	0.8207232615784266	0.7472832162575903	0.6646017769154998	0.5745515083428605	0.4791592928113739	0.38055583121825154	0.28092267280030575	0.0	0.11073677019887644	0.21924707727486584	0.323358777485742	0.42100698445722523	0.5102842800242573	0.5894869225285035	0.6571558804143297	0.7121116524070313	0.7534819957320932	0.7807218665807266	0.7936250775978001
1.0	0.9934421881498176	0.9738719766023467	0.9415972681951432	0.8971253685807389	0.8411542972744716	0.7745608404007963	0.6983855576805217	0.613815010258438	0.5221615251946775	0.424840855943604	0.3233481351357413	0.0	0.1108392670592206	0.2200615062772834	0.32607647648789284	0.42734704031382337	0.5224145506101499	0.6099228618725813	0.6886405469837955	0.7574809319464483	0.8155196004773566	0.862009065797701	0.896390357819986
1.0	0.9934376230316869	0.9738540099194147	0.9415579358298646	0.8970581303971658	0.8410545447263379	0.7744263440696448	0.6982168402646127	0.6136156324569233	0.5219382741865142	0.4246038286926708	0.32311071150158466	0.0	0.11083880153314424	0.22005780351170567	0.3260640996412878	0.4273180976641538	0.5223590036905668	0.6098289230122158	0.6884951552709198	0.7572702944027545	0.8152297833303641	0.8616266192112976	0.8959029563299142
1.0	0.993437623031687	0.973854009919415	0.9415579358298647	0.8970581303971663	0.8410545447263382	0.7744263440696454	0.6982168402646135	0.6136156324569243	0.5219382741865155	0.42460382869267227	0.3231107115015861	0.0	0.11083880153314411	0.22005780351170545	0.3260640996412875	0.4273180976641534	0.5223590036905664	0.6098289230122154	0.6884951552709194	0.7572702944027542	0.8152297833303641	0.8616266192112976	0.8959029563299143
1.0	0.9934376230316869	0.9738540099194145	0.9415579358298639	0.8970581303971646	0.8410545447263361	0.7744263440696423	0.6982168402646094	0.6136156324569192	0.5219382741865093	0.424603828692665	0.32311071150157794	0.0	0.11083880153314489	0.22005780351170695	0.3260640996412897	0.427318097664156	0.5223590036905695	0.6098289230122187	0.6884951552709228	0.7572702944027575	0.815229783330367	0.8616266192112998	0.8959029563299159
1.0	0.9934376230316869	0.9738540099194145	0.941557935829864	0.8970581303971652	0.8410545447263367	0.7744263440696433	0.6982168402646106	0.6136156324569204	0.5219382741865108	0.4246038286926669	0.32311071150158016	0.0	0.11083880153314467	0.22005780351170653	0.326064099641289	0.42731809766415535	0.5223590036905686	0.6098289230122177	0.6884951552709219	0.7572702944027564	0.815229783330366	0.861626619211299	0.8959029563299152
1.0	0.9937587969218274	0.9751168279743523	0.9443178994495117	0.9017646557380409	0.8480130852595039	0.7837649380823074	0.7098581626287349	0.627255496829779	0.5370313750847016	0.4403573360124351	0.3384861369131551	0.0	0.11087282703556439	0.22032840970409945	0.32696845271171837	0.4294322951296599	0.5264150719270556	0.6166850993161327	0.6991002426657085	0.7726230403914722	0.8363343751351959	0.8894455044341325	0.9313082866468755
1.0	0.993755531909279	0.9751040196594788	0.9442900164198079	0.9017173838257555	0.8479437573189349	0.7836729083955605	0.7097451125740519	0.6271256602112136	0.5368916735960407	0.44021741764490707	0.33835831266262795	0.0	0.11087245701402713	0.2203254688159975	0.3269586351055706	0.42940937892110936	0.5263711959642304	0.6166111198803841	0.6989861599244015	0.7724584823346533	0.8361091249357145	0.889150055715368	0.9309344100604938
1.0	0.993755531909279	0.9751040196594788	0.9442900164198076	0.9017173838257552	0.8479437573189339	0.7836729083955596	0.7097451125740507	0.6271256602112121	0.5368916735960388	0.44021741764490474	0.33835831266262534	0.0	0.11087245701402738	0.22032546881599796	0.3269586351055713	0.42940937892111025	0.5263711959642315	0.6166111198803853	0.6989861599244028	0.7724584823346545	0.8361091249357158	0.8891500557153691	0.9309344100604945
1.0	0.993755531909279	0.9751040196594791	0.9442900164198083	0.9017173838257562	0.8479437573189356	0.7836729083955615	0.7097451125740534	0.6271256602112154	0.536891673596043	0.44021741764490957	0.33835831266263083	0.0	0.11087245701402686	0.220325468815997	0.32695863510556983	0.4294093789211084	0.5263711959642293	0.6166111198803829	0.6989861599244003	0.772458482334652	0.8361091249357135	0.8891500557153671	0.9309344100604929
1.0	0.993755531909279	0.9751040196594788	0.9442900164198073	0.9017173838257545	0.8479437573189333	0.7836729083955585	0.7097451125740493	0.6271256602112103	0.5368916735960368	0.4402174176449023	0.3383583126626226	0.0	0.11087245701402762	0.22032546881599852	0.32695863510557205	0.4294093789211112	0.5263711959642327	0.6166111198803864	0.698986159924404	0.7724584823346557	0.8361091249357168	0.8891500557153702	0.9309344100604953
1.0	0.9936324745180082	0.9746207746039409	0.9432361212483744	0.8999258771812976	0.8453066189338486	0.7801545972013875	0.7053937417203071	0.6220814069040734	0.531392091178911	0.43459939569545813	0.3330565163179467	0.0	0.11085891288960888	0.2202177892545336	0.32659898495387235	0.42856928268321964	0.5247612165577598	0.6138933467686114	0.6947891618202476	0.7663943088017787	0.8277918800735765	0.8782155171810817	0.917060129180406
1.0	0.9936281594122315	0.9746038496108843	0.9431992861702663	0.8998634507630322	0.8452151063042206	0.7800331798557437	0.7052446716628179	0.6219102892496996	0.5312080426523343	0.43441506997761803	0.33288799099147504	0.0	0.1108584248941815	0.22021391155653725	0.326586044613874	0.42853909252503214	0.5247034508796419	0.6137960243183463	0.6946392212354886	0.7661782587587019	0.8274965038960954	0.8778286097073327	0.9165712423175156
1.0	0.9936281594122315	0.9746038496108843	0.943199286170266	0.8998634507630319	0.8452151063042201	0.780033179855743	0.7052446716628173	0.6219102892496987	0.5312080426523333	0.43441506997761675	0.33288799099147354	0.0	0.11085842489418161	0.22021391155653747	0.3265860446138744	0.4285390925250326	0.5247034508796424	0.613796024318347	0.6946392212354892	0.7661782587587025	0.8274965038960959	0.8778286097073331	0.916571242317516
1.0	0.9936281594122316	0.9746038496108844	0.9431992861702668	0.8998634507630332	0.8452151063042218	0.7800331798557456	0.7052446716628205	0.6219102892497026	0.5312080426523382	0.43441506997762236	0.33288799099148	0.0	0.11085842489418103	0.2202139115565363	0.3265860446138727	0.42853909252503036	0.5247034508796399	0.6137960243183442	0.6946392212354864	0.7661782587586998	0.8274965038960934	0.8778286097073309	0.9165712423175143
1.0	0.9936281594122315	0.9746038496108843	0.9431992861702662	0.8998634507630322	0.8452151063042203	0.7800331798557433	0.7052446716628175	0.621910289249699	0.5312080426523338	0.4344150699776172	0.3328879909914742	0.0	0.11085842489418156	0.22021391155653736	0.3265860446138742	0.42853909252503236	0.5247034508796421	0.6137960243183466	0.6946392212354888	0.7661782587587023	0.8274965038960955	0.8778286097073328	0.9165712423175154
1.0	0.993073714148443	0.9724269169605257	0.9384529683793785	0.8917981270227667	0.8333477558366481	0.7642074401390949	0.6856794365388562	0.5992349744416785	0.5064830233453603	0.40913621681733525	0.30897468620531143	0.0	0.11079771324231895	0.2197313770903136	0.3249751566217577	0.4247788101843745	0.517503415546481	0.6016546634069254	0.6759129926918891	0.739159912697812	0.7904999423846423	0.8292776950544771	0.8550897450539422
1.0	0.9930450370221376	0.9723142567222899	0.9382070886791141	0.8913796593946908	0.832730633932777	0.7633818405823566	0.6846541126888903	0.5980388886843883	0.5051662059172773	0.40776980398650314	0.3076501171063333	0.0	0.11079466684281512	0.21970716822507158	0.3248943590078244	0.4245902721176511	0.5171425706583377	0.6010464899350227	0.6749755217267132	0.7378081668258814	0.7886501707514036	0.82685175959904	0.8520195058871264
1.0	0.9930234291669163	0.9722293922361466	0.938021960733138	0.8910648034538626	0.8322667432944956	0.7627619962102554	0.6838855389944098	0.5971441623744939	0.5041838629362447	0.4067543093831492	0.3066711837461023	0.0	0.11079235745369535	0.2196888186994871	0.3248331311858207	0.42444744576884863	0.516869328844471	0.6005862030609083	0.6742664515259752	0.7367864965795854	0.7872532560393959	0.8250214852228899	0.8497056295673
1.0	0.9930099940386701	0.9721766361620602	0.9379069136517062	0.8908692309322827	0.831978784746109	0.7623775572418563	0.6834093818003212	0.5965906481098262	0.5035773115893172	0.40612895546540073	0.3060707197268746	0.0	0.11079091553718057	0.21967736286908066	0.3247949119940018	0.4243583116905419	0.5166988554675946	0.6002991366614177	0.6738244164242957	0.7361499061208602	0.7863833594102327	0.8238824768631278	0.8482667448410984
1.0	0.9930054351257366	0.9721587363213076	0.9378678853875735	0.8908029016648671	0.8318811547702429	0.7622472732013552	0.6832481064470666	0.5964033105859664	0.5033722264821084	0.4059178033120525	0.30586838635166436	0.0	0.1107904252142222	0.21967346750863748	0.32478191726077976	0.4243280090790595	0.516640908787543	0.6002015759496808	0.6736742218264782	0.7359336609978314	0.786087949306933	0.8234958091145529	0.8477784625475181
1.0	0.9930099940386701	0.9721766361620601	0.9379069136517061	0.8908692309322824	0.831978784746109	0.7623775572418563	0.6834093818003212	0.5965906481098262	0.5035773115893171	0.4061289554654008	0.3060707197268746	0.0	0.11079091553718055	0.21967736286908066	0.3247949119940017	0.42435831169054183	0.5166988554675944	0.6002991366614174	0.6738244164242954	0.7361499061208598	0.7863833594102321	0.8238824768631272	0.8482667448410978
1.0	0.9930234291669163	0.9722293922361467	0.9380219607331384	0.8910648034538633	0.8322667432944967	0.7627619962102566	0.6838855389944116	0.5971441623744962	0.5041838629362472	0.4067543093831522	0.3066711837461055	0.0	0.11079235745369502	0.21968881869948645	0.3248331311858197	0.4244474457688475	0.5168693288444697	0.6005862030609069	0.6742664515259738	0.7367864965795842	0.787253256039395	0.8250214852228891	0.8497056295672998
1.0	0.9930450370221376	0.9723142567222899	0.9382070886791143	0.8913796593946908	0.832730633932777	0.7633818405823565	0.6846541126888902	0.5980388886843881	0.5051662059172772	0.40776980398650314	0.30765011710633333	0.0	0.1107946668428151	0.21970716822507153	0.32489435900782426	0.42459027211765105	0.5171425706583375	0.6010464899350225	0.6749755217267128	0.7378081668258811	0.7886501707514031	0.8268517595990393	0.8520195058871257
1.0	0.9921461083093347	0.9687915359696985	0.93055159603706	0.8784320038438928	0.8137997828788169	0.7383437451533468	0.6540257146540033	0.5630239356364206	0.4676703376538021	0.37038350947295784	0.27359935906111926	0.0	0.11069336886522611	0.21890301189040343	0.32221510421496113	0.418353571379973	0.5052438966541072	0.581071015934093	0.6443296056918869	0.6938652955706104	0.728905606920536	0.7490797237436602	0.7544265340498751
1.0	0.9917945011459236	0.9674159317597599	0.9275705573423295	0.8734106760856786	0.806498243081773	0.7287555973881679	0.6424048803302252	0.5498980970663421	0.45384007354951933	0.35690678784462454	0.2617617009646684	0.0	0.11065282963478351	0.21858152373792278	0.32114583932033697	0.4158706339330346	0.5005217916513086	0.5731744408850286	0.6322712877950974	0.6766692095031931	0.7056726316886184	0.7190526431490892	0.7170512614894986
1.0	0.9914195004432256	0.9659505212436504	0.9244012440610427	0.8680877123055112	0.7987885847311964	0.7186840338887623	0.630280936772543	0.5363269851324478	0.43971672964132985	0.34339285172517037	0.25024611952306364	0.0	0.11060883772271035	0.2182328954437209	0.319987645255377	0.4131855683052575	0.49542604523067363	0.5646752517283962	0.6193332846085223	0.6582861953634515	0.6809411418276772	0.687243464863159	0.6776751348987929
1.0	0.9915127625273581	0.9663142442106183	0.9251851861839915	0.8693976563847358	0.800672349582044	0.7211208718486366	0.6331749877722221	0.5395052542637927	0.44293182641600526	0.34633048601709476	0.25253710291713205	0.0	0.11062024859630526	0.21832325926457902	0.3202874822820559	0.413879489079328	0.4967400070057352	0.5668606337405993	0.6226486306737444	0.6629776056293731	0.6872223816165683	0.6952768929485907	0.6875545341525418
1.0	0.9916187530714188	0.9667281054846935	0.9260790513400644	0.8708959059328548	0.8028362528535278	0.723936755445386	0.6365466415942349	0.5432510812474796	0.44678701166691737	0.3499542149315639	0.2555246072659902	0.0	0.11063290322111852	0.21842351851732006	0.3206204102794483	0.41465083634623195	0.4982026679182142	0.5692976770932575	0.6263537707317673	0.668234120412716	0.6942815779248804	0.7043372591797242	0.6987427099493952
1.0	0.9917364134271206	0.9671879779540404	0.9270739494076932	0.8725676151603896	0.8052589548276216	0.727104074338714	0.6403630550464404	0.5475282347633404	0.4512452467489104	0.35422937562128826	0.25917993833826275	0.0	0.1106466802427204	0.21853271403070054	0.3209832569459416	0.4154923024524442	0.49980027569405744	0.5719636870890178	0.6304146067857723	0.6740080532618306	0.702055783639155	0.7143454166965681	0.7111442975129542
1.0	0.9918645087612276	0.967689029573142	0.9281594042496579	0.8743951218605867	0.8079147291204052	0.7305889419872581	0.6445829366672281	0.5522896385921705	0.4562561104677296	0.35910535620683676	0.26345599964472405	0.0	0.11066144886601335	0.2186498103794821	0.32137258864097795	0.41639594763250354	0.5015178135905204	0.5748337257283438	0.6347933795634101	0.6802461020358407	0.7104738482047059	0.7252107043926836	0.7246483096183928
1.0	0.9920016141020518	0.9682256712733907	0.9293232501495179	0.876357796034579	0.8107732887991471	0.7343510488902347	0.6491565015208396	0.5574775253483275	0.46175626804736397	0.36451650925548595	0.2682887853377566	0.0	0.1106770651296226	0.218773666530871	0.3217846138138745	0.4173529791852857	0.503338588747118	0.5778799401891814	0.6394476732123427	0.6868879785088295	0.7194546400933098	0.7368287546702059	0.7391255497528808
1.0	0.9914280875649089	0.9659830824388719	0.9244679419862427	0.8681904530181337	0.798918633510119	0.7188204844654318	0.630390188652983	0.5363633232385082	0.43962403335499955	0.343107390111014	0.24970031976442353	0.0	0.11061052024307859	0.21824614533676018	0.32003119551306597	0.41328499411581315	0.4956109201024568	0.5649756536458954	0.619775886571657	0.6588902081476802	0.6817143954107244	0.6881789174616029	0.6787480845232097
1.0	0.9913677832581692	0.9657467355194899	0.923954178882661	0.8673210319878125	0.7976460364691481	0.7171339393639025	0.6283198001438848	0.5339820763819448	0.43704753335094626	0.34049130626045254	0.24723560939825207	0.0	0.11060398445945145	0.21819430771992765	0.319858744408429	0.41288440772684865	0.4948487108007721	0.563700223371698	0.6178266172316618	0.6561073493497274	0.6779492698759646	0.6833039439854919	0.6726661204477155
1.0	0.9913238400407163	0.9655745302747022	0.9235799131982202	0.8666878416205972	0.7967195345160937	0.7159065975496428	0.6268139308762606	0.5322512433947238	0.43517629227315413	0.3385932550627809	0.24544980887064544	0.0	0.11059921737178904	0.21815650155345898	0.3197329908359921	0.41259235476664935	0.49429315880160335	0.5627709024033932	0.6164068658054862	0.6540813688642987	0.6752095984011843	0.679758778416319	0.6682461184308152
1.0	0.9912971175404365	0.9654698180634755	0.9233523651280336	0.8663029441925671	0.7961564828732289	0.7151609569896632	0.6258994384557541	0.5312006445993612	0.43404115327480836	0.3374427397351106	0.24436845930553056	0.0	0.11059631622218546	0.21813349493187775	0.31965647245334794	0.4124146724774097	0.49395522947100784	0.5622057484499481	0.6155437004849931	0.6528500293881022	0.6735451071873343	0.677605804055836	0.6655631097664207
1.0	0.991288149677271	0.9654346789187668	0.9232760102837023	0.8661738029280782	0.7959675920436924	0.7149108537458829	0.6255927628109261	0.5308484165416256	0.43366070455627176	0.33705729694263536	0.2440063915934124	0.0	0.11059534220778695	0.21812577107459913	0.31963078482523083	0.41235502806145663	0.49384180430729835	0.562016078539376	0.6152540569581832	0.6524369100095202	0.6729867699448803	0.6768837656877674	0.6646635327523813
1.0	0.9912971175404365	0.9654698180634756	0.923352365128034	0.8663029441925676	0.7961564828732295	0.7151609569896642	0.625899438455755	0.5312006445993623	0.43404115327480974	0.3374427397351119	0.24436845930553205	0.0	0.11059631622218533	0.21813349493187753	0.31965647245334755	0.4124146724774093	0.49395522947100734	0.5622057484499476	0.6155437004849929	0.6528500293881021	0.6735451071873344	0.6776058040558365	0.6655631097664214
1.0	0.9913238400407164	0.9655745302747025	0.9235799131982213	0.8666878416205991	0.7967195345160963	0.7159065975496463	0.626813930876265	0.5322512433947293	0.4351762922731601	0.3385932550627875	0.24544980887065246	0.0	0.11059921737178831	0.21815650155345756	0.31973299083599016	0.412592354766647	0.49429315880160085	0.5627709024033908	0.6164068658054842	0.6540813688642972	0.6752095984011837	0.6797587784163197	0.6682461184308168
1.0	0.991367783258169	0.9657467355194893	0.9239541788826602	0.8673210319878113	0.7976460364691464	0.7171339393639	0.6283198001438818	0.5339820763819411	0.43704753335094215	0.34049130626044816	0.24723560939824743	0.0	0.11060398445945191	0.21819430771992854	0.3198587444084302	0.41288440772685014	0.49484871080077353	0.5637002233716994	0.6178266172316629	0.6561073493497279	0.6779492698759645	0.6833039439854909	0.6726661204477135
1.0	0.9907269143837045	0.9632468690905936	0.9185642003829706	0.8583090070407982	0.7846733018320675	0.7003252344814508	0.6083048205868317	0.5119053482415462	0.41454520230924974	0.31963522246836196	0.23044688024394952	0.0	0.11052674694044645	0.21758282488903682	0.31783070706426564	0.408193863580765	0.4859742544964327	0.5489548052254566	0.5954828141015387	0.6245310106247399	0.6357338833214752	0.6293978915230796	0.6064852252167721
1.0	0.990651833779038	0.9629534733692129	0.9179296192335733	0.857242946625651	0.7831282886692129	0.6983042543042739	0.6058658569646941	0.5091624947870969	0.4116662102639012	0.31683554263768177	0.22798045441629178	0.0	0.11051815709768371	0.2175148021366203	0.3176050032364132	0.4076715077195876	0.48498510237906783	0.5473094152740655	0.5929859735252786	0.6209961359397659	0.6309974607103033	0.6233331081618538	0.59901397380161
1.0	0.9905973167144655	0.9627404695119973	0.9174690442077579	0.8564695156313641	0.7820079747103156	0.696839820964751	0.6041001021567494	0.5071789683280963	0.40958730853652864	0.31481803060081626	0.22620861113341145	0.0	0.11051190817942494	0.21746532277319608	0.3174408590115456	0.4072917243693669	0.48426618242191377	0.5461140557420034	0.5911729820515523	0.6184309690212245	0.6275627653857376	0.6189386390864545	0.5936052824976538
1.0	0.990564244052342	0.9626112660847623	0.9171897243140311	0.8560005938009917	0.7813289988562976	0.6959527230084436	0.6030311438797914	0.5059791384889292	0.4083311141369598	0.3136007160133702	0.22514192878462838	0.0	0.11050811212578335	0.2174352677580985	0.3173411669763636	0.40706110856218164	0.48382973920828537	0.545388593417418	0.590073076629581	0.6168753919841761	0.6254809025813216	0.6162765148399791	0.5903308190170349
1.0	0.9905531586854213	0.9625679619823773	0.917096116332748	0.8558434678074981	0.7811015326604253	0.6956556084351169	0.6026732351978961	0.5055775789294594	0.4079109216331788	0.3131938400226966	0.2247858204679623	0.0	0.11050683884832703	0.21742518707695693	0.31730773179924904	0.40698377103085315	0.4836833953171817	0.5451453760828034	0.5897043924217351	0.6163540815813797	0.6247833963613441	0.6153848533994911	0.5892344139433277
1.0	0.990564244052342	0.9626112660847623	0.9171897243140309	0.8560005938009915	0.7813289988562975	0.6959527230084434	0.6030311438797911	0.5059791384889287	0.40833111413695933	0.3136007160133698	0.2251419287846281	0.0	0.1105081121257834	0.21743526775809857	0.3173411669763637	0.4070611085621818	0.4838297392082855	0.5453885934174182	0.590073076629581	0.6168753919841762	0.6254809025813216	0.616276514839979	0.5903308190170345
1.0	0.9905973167144655	0.9627404695119977	0.9174690442077583	0.8564695156313649	0.7820079747103165	0.6968398209647526	0.6041001021567513	0.5071789683280985	0.4095873085365311	0.31481803060081875	0.22620861113341398	0.0	0.11051190817942465	0.21746532277319552	0.3174408590115448	0.40729172436936595	0.48426618242191294	0.5461140557420026	0.5911729820515516	0.6184309690212241	0.6275627653857379	0.6189386390864551	0.5936052824976548
1.0	0.990651833779038	0.9629534733692124	0.9179296192335727	0.8572429466256498	0.7831282886692114	0.6983042543042717	0.6058658569646913	0.5091624947870936	0.41166621026389766	0.316835542637678	0.22798045441628795	0.0	0.11051815709768417	0.2175148021366212	0.31760500323641444	0.40767150771958904	0.4849851023790694	0.547309415274067	0.5929859735252799	0.6209961359397665	0.6309974607103035	0.6233331081618535	0.5990139738016089
1.0	0.9901101754840597	0.9608464871928916	0.9134084815006599	0.8497368393780846	0.7724283011077848	0.6846219690710418	0.5898620991078717	0.49194354129747	0.39474676028332956	0.3020698186947969	0.2174648245706902	0.0	0.11045005652149963	0.21697643942549721	0.3158238272549903	0.40356610627306394	0.4772525730818607	0.5345329928449177	0.5737559806109386	0.5940363822129369	0.5952887347113838	0.5782254199782312	0.544319718494976
1.0	0.9900211246201575	0.960499678864799	0.9126627420362221	0.8484947488558523	0.7706493514737068	0.6823317040817077	0.5871565312172956	0.4889884368088906	0.3917717084756661	0.29935733402627684	0.21533505362887811	0.0	0.1104392294779273	0.2168908403718823	0.3155405820906699	0.4029131181503895	0.4760222882817067	0.5324993271433506	0.5706932932664717	0.589739237979524	0.58959112393272	0.5710181176589683	0.5355645553814886
1.0	0.9899565451176967	0.9602482346188153	0.9121222855747192	0.8475951142335968	0.7693619302226585	0.6806760485230704	0.5852034681295349	0.48685939620187113	0.38963421468133314	0.29741685495575565	0.21382364387693276	0.0	0.11043135324438866	0.21682857959670757	0.3153346129263457	0.40243844414398894	0.4751283629925083	0.5310224866787709	0.5684706704895656	0.586623222294173	0.5854633802180137	0.5658021886152993	0.5292361431952922
1.0	0.9899174023756285	0.9600958552288843	0.9117948529414955	0.8470503013453589	0.768582717754324	0.6796747165801359	0.5840234458707733	0.4855747909248401	0.38834699195636185	0.29625179498409887	0.21292134708520846	0.0	0.11042656902395921	0.21679076462446056	0.3152095355358273	0.4021502604484752	0.47458581074002304	0.5301264865857641	0.5671228241202118	0.5847346295948422	0.5829631696205896	0.5626451603249613	0.5254089717679653
1.0	0.9899042883014662	0.9600448075644841	0.9116851776745183	0.8468678520388625	0.7683218471667432	0.6793396121866222	0.5836287430901084	0.48514540437670856	0.3879171558518467	0.2958633557046606	0.2126214009577394	0.0	0.11042496439053531	0.21677808207983323	0.31516759012332735	0.4020536280297582	0.47440391310785207	0.5298261493806136	0.5666711348413882	0.5841019007997321	0.5821258023454428	0.5615882055540218	0.5241282033760797
1.0	0.9899174023756285	0.9600958552288842	0.9117948529414951	0.8470503013453579	0.7685827177543227	0.6796747165801342	0.5840234458707712	0.48557479092483774	0.3883469919563595	0.29625179498409643	0.21292134708520627	0.0	0.11042656902395949	0.2167907646244611	0.315209535535828	0.4021502604484759	0.4745858107400236	0.5301264865857644	0.5671228241202115	0.5847346295948418	0.5829631696205885	0.5626451603249594	0.5254089717679628
1.0	0.9899565451176967	0.9602482346188151	0.9121222855747189	0.8475951142335963	0.7693619302226576	0.6806760485230695	0.5852034681295338	0.48685939620186985	0.3896342146813318	0.29741685495575426	0.21382364387693148	0.0	0.11043135324438881	0.2168285795967078	0.3153346129263461	0.4024384441439893	0.4751283629925087	0.5310224866787712	0.5684706704895657	0.5866232222941727	0.5854633802180133	0.5658021886152984	0.529236143195291
1.0	0.9900211246201575	0.9604996788647984	0.9126627420362209	0.8484947488558501	0.7706493514737038	0.6823317040817035	0.5871565312172906	0.488988436808885	0.39177170847565984	0.2993573340262707	0.21533505362887215	0.0	0.11043922947792803	0.21689084037188364	0.3155405820906717	0.40291311815039155	0.4760222882817086	0.5324993271433521	0.5706932932664724	0.5897392379795237	0.5895911239327185	0.5710181176589653	0.5355645553814841
1.0	0.9896412865709107	0.9590266170452315	0.909518367572938	0.843314794696477	0.7633452174804043	0.6731305553656891	0.576616065377391	0.477984475198695	0.38145865213194574	0.2911034355879441	0.2106362690195319	0.0	0.11038927793321407	0.21649653429592308	0.3142392418734195	0.3999241773679379	0.4704183422320541	0.5232927283265297	0.5569320088234038	0.5706049231911785	0.5644920700862491	0.5396699257424691	0.498052062367728
1.0	0.9895400443338644	0.9586336352847983	0.9086781778715928	0.8419272653684011	0.7613815151190516	0.6706434483212426	0.5737436507120078	0.4749468708912221	0.37854769333565513	0.28866591489339133	0.20905173273437744	0.0	0.11037626307741404	0.21639379188029104	0.3139001219747581	0.3991451533885048	0.468957408309895	0.5208917908837186	0.553341624778752	0.5656095432336982	0.5579338756469173	0.531469408693185	0.48822368440780667
1.0	0.9894665740158438	0.9583485509305627	0.9080690322839446	0.8409221733002622	0.7599607869645134	0.6688470213584627	0.5716736435530286	0.47276493306867706	0.37646719515228577	0.2869393978695791	0.20795439298061444	0.0	0.11036677502408243	0.21631890480756155	0.3136530207468085	0.39857776468383443	0.4678939754082163	0.5191453721560509	0.55073228425333	0.5619828589828425	0.5531783432846817	0.5255313671329388	0.4811185369153268
1.0	0.9894220225025057	0.958175719715783	0.9076998894741681	0.8403134503082482	0.7591010535036592	0.6677611720313762	0.5704243839615712	0.4714510685093726	0.3752187564962649	0.2859098715546839	0.20731053938629573	0.0	0.11036100367874026	0.21627335862881972	0.31350276610877237	0.39823285670268777	0.4672477822491687	0.518084682446772	0.5491484356946603	0.5597830390680666	0.5502961846157712	0.5219359926416365	0.47682130279932616
1.0	0.9894070930038267	0.9581178097377834	0.9075762273503176	0.8401095910386469	0.7588132530582572	0.6673978874332998	0.5700067605347272	0.47101234865207653	0.3748026228267024	0.2855678159486099	0.20709842292267325	0.0	0.1103590666253961	0.21625807280953122	0.31345234434051994	0.39811713163245316	0.4670310116345219	0.5177289536776669	0.548617411662564	0.5590457581599908	0.5493306182557492	0.520732075248622	0.4753831807255802
1.0	0.9894220225025057	0.958175719715783	0.9076998894741681	0.8403134503082482	0.7591010535036595	0.6677611720313763	0.5704243839615715	0.47145106850937274	0.37521875649626507	0.2859098715546839	0.2073105393862957	0.0	0.11036100367874022	0.21627335862881975	0.3135027661087723	0.3982328567026877	0.46724778224916863	0.5180846824467722	0.5491484356946605	0.5597830390680669	0.5502961846157716	0.5219359926416369	0.4768213027993268
1.0	0.989466574015844	0.9583485509305633	0.9080690322839454	0.8409221733002635	0.7599607869645155	0.6688470213584654	0.5716736435530319	0.47276493306868067	0.37646719515228966	0.28693939786958295	0.20795439298061813	0.0	0.11036677502408196	0.21631890480756066	0.3136530207468073	0.3985777646838331	0.467893975408215	0.5191453721560498	0.5507322842533292	0.5619828589828425	0.5531783432846826	0.5255313671329406	0.4811185369153297
1.0	0.9895400443338643	0.958633635284798	0.9086781778715923	0.8419272653683998	0.7613815151190501	0.6706434483212407	0.5737436507120056	0.4749468708912195	0.37854769333565236	0.2886659148933886	0.20905173273437494	0.0	0.11037626307741435	0.21639379188029165	0.3139001219747589	0.3991451533885056	0.46895740830989585	0.5208917908837192	0.5533416247787523	0.5656095432336978	0.5579338756469161	0.5314694086931832	0.488223684407804
1.0	0.9893747937789472	0.9579953846653341	0.9073254626207532	0.8397226774877036	0.7583203544737959	0.6668705833498546	0.5695568135514463	0.4707856511676704	0.3749686047135951	0.28630500998572295	0.20857725601880828	0.0	0.1103531652210809	0.21621177669816866	0.31330115316331375	0.3977751007178334	0.4664026040711535	0.5167230794446823	0.547162324181269	0.557103358017753	0.5469087111425393	0.5178932487569121	0.4722491960050456
1.0	0.989265177243236	0.9575709858764173	0.9064221360762598	0.8382407928327372	0.7562428141501967	0.664273751546667	0.5666132756870746	0.4677583393068137	0.372196482668723	0.2841811657808171	0.20752085223050598	0.0	0.11033849568448144	0.216096100880451	0.3129200596470723	0.39690198321602455	0.46477091640343193	0.514053214002466	0.5431909790435585	0.5516130289493042	0.5397548876576622	0.5090270140746497	0.46173322254588894
1.0	0.9891854931538604	0.9572626197673776	0.9057663150272457	0.8371662332558246	0.7547388865386135	0.6623983470133813	0.564494579018137	0.46559018073255776	0.37022743869441577	0.2826980723520251	0.2068278454390404	0.0	0.11032776604871829	0.2160115129878387	0.31264149617965054	0.3962641311407253	0.46357977471891654	0.5121059949521549	0.5402977951292839	0.5476185898402468	0.5345583942110451	0.5025985351895247	0.45412506893275234
1.0	0.9891371172015593	0.9570754713582762	0.9053685149982964	0.8365149769896635	0.7538284630715648	0.6612648810966444	0.5632170095061468	0.46428728072457986	0.36905099349308984	0.28182263790136314	0.2064377899371604	0.0	0.11032122495278432	0.2159599540788598	0.31247174923110926	0.39587559548007806	0.4628545777751254	0.5109212239920958	0.5385388027915015	0.5451922712508986	0.5314053131124974	0.49870284097268747	0.44952129203430236
1.0	0.9891208965211166	0.9570127297642116	0.9052351897022574	0.8362967954043096	0.7535236361173604	0.660885687373912	0.5627901065334469	0.46385267878772507	0.3686597332162613	0.2815333167096431	0.2063121774378868	0.0	0.11031902708535803	0.21594263123208662	0.3124147251929241	0.39574509791171886	0.4626110676755272	0.5105235224816705	0.5379485761116035	0.5443785002887863	0.5303483672962913	0.4973977988056629	0.4479802005485488
1.0	0.9891371172015592	0.957075471358276	0.9053685149982962	0.8365149769896632	0.7538284630715643	0.6612648810966438	0.5632170095061462	0.464287280724579	0.369050993493089	0.28182263790136236	0.20643778993715972	0.0	0.11032122495278442	0.21595995407886004	0.3124717492311095	0.3958755954800784	0.46285457777512556	0.5109212239920959	0.5385388027915015	0.5451922712508984	0.5314053131124971	0.49870284097268675	0.4495212920343013
1.0	0.9891854931538604	0.9572626197673784	0.9057663150272469	0.8371662332558268	0.7547388865386166	0.6623983470133854	0.5644945790181419	0.4655901807325632	0.3702274386944216	0.2826980723520307	0.20682784543904553	0.0	0.11032776604871754	0.21601151298783725	0.3126414961796487	0.3962641311407233	0.46357977471891465	0.5121059949521536	0.5402977951292833	0.5476185898402475	0.534558394211047	0.5025985351895282	0.45412506893275734
1.0	0.9892651772432359	0.957570985876417	0.9064221360762594	0.8382407928327367	0.756242814150196	0.6642737515466661	0.5666132756870735	0.4677583393068126	0.372196482668722	0.28418116578081626	0.2075208522305055	0.0	0.11033849568448155	0.2160961008804512	0.3129200596470725	0.3969019832160247	0.4647709164034321	0.5140532140024658	0.5431909790435582	0.5516130289493034	0.5397548876576612	0.5090270140746482	0.461733222545887
1.0	0.9893474140384555	0.9578913591908222	0.9071114224722073	0.8393898544492375	0.757890615427075	0.6663990583467958	0.5691306801568309	0.4705189808846578	0.37499353706251715	0.28675986728308356	0.20959251879913443	0.0	0.11034836880159146	0.21617415516444052	0.31317832292194414	0.39749732574347874	0.46589246485372404	0.5159068831789441	0.5459821438256275	0.5555284927978748	0.5449453672992174	0.5155913482922643	0.4697054263913874
1.0	0.9892357860469381	0.9574596186451708	0.9061941202794742	0.837889102262322	0.7557946979725751	0.6637934121273513	0.5662001064326597	0.4675406420589543	0.37232101011426294	0.2847992429076034	0.20877218785511215	0.0	0.11033319723043215	0.2160545744582856	0.31278466318226017	0.39659638789316365	0.46421115922612455	0.5131606864123843	0.5419060442363182	0.5499078550100666	0.5376440999475698	0.5065749095475964	0.459056542243852
1.0	0.9891545221300895	0.9571454936651893	0.9055273649200248	0.8367998544872767	0.7542766308551314	0.6619116241252436	0.5640924391296844	0.4654121111490339	0.370431587508324	0.283445770266786	0.20826569391468033	0.0	0.11032207085999542	0.21596690211139494	0.31249618142397584	0.3959366027176928	0.4629809606272538	0.5111535081766015	0.5389308028369217	0.5458117253796985	0.5323331581286622	0.5000307964254317	0.45134757135435044
1.0	0.9891051377302293	0.956954672463186	0.9051226037053909	0.8361392793057058	0.7533573099279531	0.6607743183154104	0.5628222782747279	0.4641350116086444	0.36930657223401947	0.28265369154454617	0.20799516490514336	0.0	0.11031527545486534	0.21591336665768765	0.3123200821039729	0.3955340304225412	0.46223079478195495	0.5099304600339034	0.5371195253700152	0.5433207792314723	0.5291076090645414	0.49606230145809355	0.44668098317278515
1.0	0.9890885704656516	0.9568906691702653	0.9049868892201821	0.8359179049610652	0.7530494475230035	0.6603938459932157	0.5623979859521853	0.4637093651361172	0.3689330933222127	0.2823931257495868	0.2079107137914328	0.0	0.11031298999952967	0.21589536316514912	0.3122608711384274	0.39539870236293817	0.46197869664493807	0.5095196025989042	0.5365113455302202	0.5424848462725195	0.5280258593831105	0.49473241474133783	0.4451185725056985
1.0	0.989105137730229	0.9569546724631857	0.9051226037053902	0.8361392793057045	0.7533573099279516	0.6607743183154083	0.5628222782747254	0.4641350116086418	0.3693065722340168	0.2826536915445438	0.20799516490514133	0.0	0.11031527545486568	0.21591336665768832	0.3123200821039738	0.39553403042254204	0.46223079478195556	0.5099304600339037	0.537119525370015	0.5433207792314716	0.5291076090645398	0.49606230145809116	0.4466809831727821
1.0	0.9891545221300896	0.9571454936651894	0.9055273649200255	0.8367998544872778	0.7542766308551329	0.6619116241252454	0.5640924391296865	0.4654121111490363	0.37043158750832644	0.2834457702667884	0.20826569391468247	0.0	0.1103220708599951	0.21596690211139438	0.31249618142397506	0.39593660271769215	0.4629809606272532	0.511153508176601	0.5389308028369216	0.5458117253796988	0.5323331581286632	0.5000307964254335	0.45134757135435266
1.0	0.9892357860469381	0.9574596186451702	0.9061941202794731	0.8378891022623203	0.7557946979725726	0.6637934121273479	0.5662001064326558	0.46754064205894996	0.3723210101142584	0.28479924290759906	0.20877218785510837	0.0	0.11033319723043275	0.2160545744582867	0.31278466318226156	0.39659638789316526	0.4642111592261259	0.5131606864123852	0.5419060442363184	0.5499078550100658	0.5376440999475679	0.5065749095475934	0.4590565422438477
1.0	0.9895673807263388	0.9587448148328895	0.9089347546383092	0.8423977396730711	0.7621412027568483	0.6717718314045201	0.5753190109099673	0.4770383325431	0.3812051387294654	0.2919085462940839	0.2128563158101902	0.0	0.11037681545328112	0.21639866568893015	0.313919061517842	0.3991979807269442	0.4690794316950516	0.5211397044131951	0.5537989389780559	0.5663905353497636	0.559185100460722	0.5333679652944155	0.490971682581109
1.0	0.9894616474374901	0.9583354175612906	0.9080632316948343	0.8409677002335529	0.7601356529626411	0.6692636743903252	0.5724736830631565	0.4741081333029602	0.37851544661361014	0.28983674446301494	0.21180483117507085	0.0	0.11036268278886059	0.2162872217100106	0.31355190022413476	0.3983567496635777	0.4675072436902717	0.5185669906033226	0.54997168468859	0.56109862074609	0.5522884144590297	0.5248180795434714	0.4808271559506501
1.0	0.9893846806081226	0.9580375689962304	0.9074297833212916	0.8399297958086155	0.7586829872326307	0.6674520466621952	0.5704266488581392	0.47201244338261483	0.3766104476650793	0.28839839495259384	0.21112542428899983	0.0	0.11035231903269102	0.21620552064734916	0.3132828564794215	0.3977407356851308	0.46635697443293644	0.5166867582608917	0.5471783009904619	0.5572423423847988	0.5472720936586675	0.518612880387135	0.47348340224851987
1.0	0.9893379092011193	0.9578566408619233	0.9070452504124958	0.8393003626443721	0.7578032528657646	0.6663570555076198	0.5691927803325637	0.4707544567960228	0.37547480310056797	0.2875532706172103	0.2107481237941295	0.0	0.11034598938626733	0.21615563148840083	0.3131186234308791	0.39736487358316425	0.4656555574980016	0.5155410823943823	0.5454777714836303	0.5548973111463397	0.5442255520859957	0.5148499794005663	0.46903791595335176
1.0	0.9893222187314308	0.9577959564956268	0.9069163194810369	0.8390894252121945	0.7575086441149024	0.6659907254953158	0.5687805727107768	0.4703350858570303	0.37509757224976126	0.2872746773986925	0.21062758929120518	0.0	0.11034386054466437	0.2161388539809275	0.31306340168403785	0.39723852322489844	0.4654198403493589	0.5151562156209591	0.544906778550235	0.554110348824774	0.5432038421649542	0.5135889966468001	0.4675495339174914
1.0	0.9893379092011193	0.9578566408619233	0.9070452504124961	0.8393003626443724	0.7578032528657648	0.6663570555076201	0.569192780332564	0.4707544567960232	0.37547480310056847	0.2875532706172108	0.21074812379413005	0.0	0.11034598938626725	0.2161556314884007	0.3131186234308789	0.3973648735831641	0.46565555749800147	0.5155410823943822	0.5454777714836302	0.5548973111463396	0.5442255520859958	0.5148499794005664	0.4690379159533521
1.0	0.9893846806081226	0.9580375689962305	0.9074297833212918	0.8399297958086155	0.7586829872326307	0.6674520466621952	0.5704266488581392	0.4720124433826147	0.3766104476650791	0.2883983949525937	0.21112542428899955	0.0	0.11035231903269102	0.21620552064734924	0.3132828564794216	0.3977407356851309	0.46635697443293656	0.5166867582608919	0.547178300990462	0.557242342384799	0.5472720936586678	0.5186128803871353	0.4734834022485201
1.0	0.9894616474374904	0.9583354175612913	0.9080632316948352	0.8409677002335545	0.7601356529626435	0.6692636743903284	0.5724736830631604	0.47410813330296464	0.37851544661361486	0.28983674446301955	0.21180483117507487	0.0	0.11036268278886	0.2162872217100095	0.3135519002241334	0.3983567496635762	0.4675072436902703	0.5185669906033216	0.5499716846885897	0.5610986207460905	0.5522884144590313	0.5248180795434741	0.48082715595065434
1.0	0.9900083616498363	0.960455784598691	0.9125899947190556	0.8484271523267456	0.7706599223142149	0.6825349048726363	0.5877052027983813	0.4900650619894107	0.3935743484507281	0.30208107875035667	0.21915028043947823	0.0	0.11043411856812961	0.21685099863768972	0.3154118918475099	0.4026267239377748	0.475508063298721	0.5317017394021967	0.5695880908697339	0.5883492231000795	0.5879992732249191	0.5693764371651121	0.5340973245876142
1.0	0.9903054429662461	0.9616101007867296	0.9150621632950968	0.8525200400224016	0.7764720893103102	0.6899292965792897	0.5962956819563499	0.4992222014994404	0.40245062846996943	0.3096543291025344	0.22428296225771235	0.0	0.11047199350823249	0.21715020886866146	0.3164006877603193	0.4049020760693289	0.47978465476176857	0.5387495193954283	0.5801627049932851	0.6031201809305854	0.6074809500924185	0.5938669179026151	0.5636296844906369
1.0	0.9906106757670989	0.9627974418249327	0.9176100450728787	0.8567504397472319	0.7825034511414888	0.6976438117384375	0.6053234653707537	0.508943856481184	0.412018541839656	0.3180318549978022	0.2302995029462858	0.0	0.11051032168355981	0.21745319369851865	0.3174030339328263	0.40721211404250274	0.4841350322357845	0.5459365283467313	0.5909782022652836	0.6182805893604824	0.6275580879651529	0.6192253795678128	0.5943751829497332
1.0	0.9909197645696088	0.964001220045894	0.9201985058754113	0.8610611871348065	0.7886749334497811	0.7055817602868765	0.614682965181089	0.5191285676074804	0.42219758545587016	0.3271738326713139	0.23722208778693288	0.0	0.1105484932553028	0.21775514113873323	0.3184030615852675	0.4095204383843177	0.48849109499482196	0.553151249479767	0.6018687080969896	0.6336014506317906	0.647933376048974	0.6450858797647688	0.6259048876134199
1.0	0.9907067294988531	0.963171149325388	0.9184121905105684	0.8580827606127246	0.7844037337821795	0.7000753652977584	0.6081697662712671	0.5120088468075358	0.41503272450132467	0.32066397540154024	0.23217326093345309	0.0	0.11052241477602755	0.21754881545696872	0.3177195152754458	0.4079419448762645	0.4855105976480809	0.5482112725887228	0.594405407918138	0.62309112332709	0.633938552496768	0.627298109856282	0.6041814518795456
1.0	0.9905064025452701	0.9623913110844781	0.9167366245312154	0.8552954793942601	0.7804194572682226	0.6949610743583208	0.6021557209953358	0.5054880913182663	0.40854879611302275	0.31488725707945897	0.227867121358998	0.0	0.11049754763238187	0.2173521680207947	0.317068557197672	0.40644041733618763	0.4826796287018009	0.5435277681514133	0.5873452944560097	0.6131746848946409	0.6207749307851052	0.6106260326354006	0.5839034244286844
1.0	0.9903215250208879	0.961672262169914	0.9151940648550534	0.8527353182731114	0.7767714367560171	0.6902985471357298	0.5967050729759256	0.49962690679917693	0.4027925725404643	0.3098652064399169	0.22428830276883122	0.0	0.11047428312245361	0.21716827839405745	0.3164602990293509	0.40503890860834085	0.48004097907784093	0.5391701281197648	0.5807903868493622	0.6039910590178684	0.6086200223793786	0.5952841328850252	0.5653168587307956
1.0	0.990154704517856	0.9610240034847645	0.9138054440388258	0.8504357345865319	0.7735047947679103	0.686140998075492	0.5918728650978626	0.4944735349229708	0.397795115879852	0.30560045883622716	0.22139998676015327	0.0	0.11045301328855549	0.21700022693084045	0.3159048269490083	0.40376032190717553	0.4776369373845124	0.5352064680287202	0.5748399863744907	0.5956740652359211	0.5976426271732994	0.5814731216233097	0.5486473730645772
