0.5086831 -1.3546458 0.23061445 0.46164864 -0.36792517 0.28573024 -0.67355967 1.8660209 0.42674956 0.80213153 2.4992838 0.95383984 
0.5538256 -1.3098506 0.16442594 0.6059829 -0.24290045 -0.022881476 -0.73216754 1.7506402 0.14213353 0.85117906 2.5527346 0.9851475 
0.6930946 -1.320511 0.29581857 0.5233563 -0.22436886 -0.19123411 -0.61548084 1.7595232 0.19070709 0.8717097 2.457555 1.0255482 
0.64157534 -1.2972175 0.22627382 0.43965444 -0.29336366 -0.08136419 -0.6098179 1.7743263 0.14020698 0.9864905 2.4575415 0.9333467 
0.4556391 -1.2496637 0.107724845 0.5683984 -0.20391259 0.10802148 -0.71101093 1.7257748 0.088324554 0.8757889 2.5550482 0.9381457 
0.34868398 -0.35558674 -0.19679189 -0.043343507 -0.70615655 0.23339649 -0.32579333 1.8267529 0.45268002 1.4087383 2.2080896 0.98786753 
0.29655293 -0.117081836 0.04380261 0.13768509 -0.60324377 0.22262949 -0.4714111 2.0392237 0.43934497 1.278528 2.028717 1.0899239 
0.39019626 -0.124011345 0.1718883 0.22925691 -0.53349817 0.32567412 -0.5483001 2.0888462 0.58952284 1.2280949 2.0685723 0.989912 
0.2559584 -0.07826004 0.009128644 0.34999746 -0.631169 0.31370562 -0.68517363 2.096769 0.36586562 1.3569777 2.068371 1.1635444 
0.13489081 -0.20850639 0.092260435 0.2506237 -0.6161222 0.36410832 -0.50653666 2.1863294 0.5015111 1.3864782 2.0373673 1.134331 
0.17733975 0.45851788 -0.03691343 -0.056491893 -0.13515893 0.32061893 -0.15646864 1.4298613 1.043136 0.4948648 2.5157318 1.050178 
0.25548318 0.4667699 -0.09539862 -0.20484357 -0.1947901 0.5153227 0.060682464 1.1808923 1.0448881 0.9971321 2.627111 0.77383184 
0.3588498 0.35837168 0.3157484 0.06636611 -0.10067351 0.4360363 0.13177423 1.3420672 0.9684159 0.721038 2.7120607 0.7911527 
0.32123107 0.5703364 0.08294475 -0.07850907 0.056211866 0.43970215 0.05263376 1.2806164 1.1091865 0.7368727 2.5789332 0.8826373 
0.5043965 0.49805126 -0.07516703 -0.06545172 -0.034456868 0.48366985 -0.033363644 1.2673905 1.0513637 0.8762301 2.6376016 0.7774954 
-0.061825436 0.34469742 0.14611468 0.25931635 -0.7150194 0.0456226 0.28739464 0.28416306 1.08522 0.6735779 2.3154469 1.456838 
-0.09408094 0.53921455 0.3415681 0.22158182 -0.8550418 0.23393369 0.39111954 0.4158801 0.93682396 0.24162179 2.2269979 1.57423 
0.23436831 0.024467526 0.20992276 0.031228699 -0.42743653 -0.1176957 0.31725317 0.2319376 1.4856775 0.33586282 1.727657 1.6871911 
-0.19127336 0.5569847 0.46047318 0.16047199 -0.8347745 0.18309166 0.35335082 0.48574376 1.0719454 0.32660237 2.272404 1.3675166 
-0.13682519 0.5713055 0.2935936 0.08368639 -0.7643809 0.1279007 0.3744222 0.5234234 0.95506483 0.28706884 2.206025 1.5370302 
-0.5542156 0.5512354 -0.36235547 0.5679432 -0.3330977 0.7018039 -0.09274892 -0.106523074 0.55684185 0.70235425 2.0606606 1.8783801 
-0.8141901 0.39711055 -0.4309076 0.5098 -0.42513353 0.74212337 -0.25560457 -0.1191995 0.5856585 0.46997234 2.1038766 1.8602997 
-0.77820826 0.2972138 -0.58582795 0.39099595 -0.2894479 0.70424587 -0.25963518 -0.16217196 0.5472895 0.3591776 2.168684 1.7826807 
-0.8286932 0.40049276 -0.38798413 0.47094747 -0.40658063 0.833935 -0.1175497 -0.19849119 0.5481752 0.41336745 2.1250267 1.9217969 
-0.54770696 0.30220488 -0.5083282 0.5804023 -0.42401487 0.5811312 -0.25052637 -0.1677696 0.4979524 0.32369456 2.1574426 1.9369124 
-0.28504014 1.238659 -0.51312506 0.1728333 -0.46007276 0.017625773 -0.8100452 -0.46173772 0.029926885 0.76286083 2.0237796 1.8439417 
-0.07779556 1.4511112 -0.47410342 0.333565 -0.30867508 0.16493458 -0.81470734 -0.48655084 0.13537647 0.7305669 1.7374381 2.145861 
-0.016902471 1.5021056 -0.4400258 0.21272019 -0.37590876 0.24207386 -0.68113244 -0.5292046 0.08549036 0.8777788 1.7275282 2.0832076 
0.009076303 1.4223311 -0.54785645 0.22032808 -0.560143 0.23050274 -0.63758403 -0.48406744 0.010625616 0.90011406 1.752688 2.1697288 
-0.17589472 1.5460662 -0.4214905 0.23144884 -0.32163212 0.100329205 -0.95115787 -0.30403426 0.15284309 0.87331426 1.7301574 1.9111407 
-0.7838147 1.4588944 -0.15307976 -0.638515 0.10267064 0.023426156 -0.15223972 -0.4497312 -0.55362743 0.8055469 1.8941101 1.9643762 
-0.6320982 1.4011455 -0.044522606 -0.5771499 0.09412558 0.003990543 -0.15866482 -0.7843623 -0.4447258 0.6673644 2.2842064 1.4199449 
-0.51293325 1.4488592 -0.077899836 -0.48941264 0.06113132 0.22654796 -0.03998885 -0.8638359 -0.71448404 0.599738 2.1942322 1.9198108 
-0.4338584 1.4759564 -0.18970351 -0.74377686 -0.090060316 -0.030173628 -0.08422405 -0.7847464 -0.6617624 0.88670033 2.2438412 1.6757001 
-0.42189795 1.4935607 0.045605753 -0.44759825 0.084070355 0.11195941 -0.18936475 -1.1005926 -0.6336365 0.43574932 2.0430918 1.9194334 
-0.8261547 0.42737263 -0.10464527 -0.19984275 0.1795269 -0.29487208 -0.16383477 -0.75396824 -1.1719505 1.3296732 1.7943814 1.8197553 
-0.71202457 0.29574907 -0.41618297 -0.45583683 0.46642745 -0.19158196 -0.11677442 -0.75937366 -1.1717482 1.4251778 1.6634489 1.9371011 
-0.7384374 0.32001156 -0.28101468 -0.30707982 0.59543264 -0.21007536 -0.06298684 -0.84209526 -0.9770922 1.2526857 1.5595973 2.029854 
-0.812694 0.37553763 -0.23174052 -0.40863892 0.6734225 -0.19253847 -0.076500624 -0.8703465 -0.8772531 1.2732579 1.6090356 1.9462521 
-0.65681523 0.3314104 -0.22210367 -0.2535228 0.5411855 -0.32704484 -0.04768503 -0.7757914 -0.9715373 1.3541261 1.5598159 1.9596112 
-0.7955079 0.64029443 0.42681393 0.13120025 0.8827626 -0.0883483 -0.45604098 -0.09506252 -1.681341 1.2299908 1.779928 1.4851514 
-0.46629974 0.59495324 0.25894442 0.04616541 1.0505961 -0.33882514 -0.51245743 -0.20349468 -1.6304196 1.3033981 1.6247427 1.6072295 
-0.34343356 0.7309514 0.3082359 -0.15197767 1.0973718 -0.38614205 -0.5666589 -0.05396543 -1.7522535 1.413745 1.6061089 1.535434 
-0.32256487 0.7682003 0.3086502 -0.093892395 1.1075476 -0.34601474 -0.49369368 -0.055848107 -1.7450241 1.368374 1.7524133 1.4518397 
-0.26730824 0.73032385 0.43494368 -0.09471019 1.2183328 -0.48434696 -0.43109924 0.04972642 -1.7685832 1.3745855 1.6937916 1.4674702 
-1.2140648 0.42216885 0.49233264 -0.26436803 1.1111035 -0.027427288 -1.3725948 0.007992449 -1.3760844 1.0376103 1.7654356 0.81395906 
-1.1983706 0.43619007 0.4762386 -0.45509887 1.0682156 -0.17016648 -1.5619594 0.04773767 -1.4394313 1.1636249 1.7647818 0.6610246 
-1.220889 0.35727757 0.2946697 -0.32451272 1.0249323 -0.15133993 -1.6504825 -0.054953568 -1.313843 1.1082679 1.8216369 0.7224206 
-1.0707895 0.24144547 0.38495025 -0.11682447 1.3400465 0.09141219 -1.4529469 0.09436078 -1.3981076 0.85588247 2.0033553 0.723658 
-1.2004062 0.28027347 0.3809838 -0.4471418 1.2159566 0.03755509 -1.4148567 0.108336225 -1.3914573 1.0536431 2.0768301 0.51525646 
-1.2693311 0.09006866 1.2418547 -0.04967482 1.5806619 -0.2484948 -1.2881368 0.17325018 -0.5317491 0.6349472 1.2455921 1.0316563 
-1.2058233 -0.051856514 1.6516892 0.1324945 1.4986509 -0.5333934 -1.3639036 0.24138173 -0.64212364 0.2336829 1.5641176 1.1950526 
-1.1203617 -0.04497173 1.6475773 0.04566447 1.5618781 -0.5848659 -1.4071922 0.07404653 -0.6609974 0.33130482 1.5523248 1.1188478 
-1.1652303 -0.060931824 1.5242542 0.052629247 1.6006764 -0.50420535 -1.3026553 0.116853714 -0.5468609 0.26105067 1.5520816 1.1407639 
-1.1079423 -0.044062637 1.5891873 0.04735186 1.660022 -0.5619183 -1.3853574 0.22861402 -0.52521604 0.37230498 1.5882585 1.0799632 
-1.7439128 -0.25389007 1.8617828 -0.67579544 0.5512672 -0.27851525 -0.90260684 0.22975576 -0.1049429 1.2236778 1.1309558 0.58604705 
-1.8335196 -0.4422302 1.895051 -0.98780006 0.738152 -0.073555335 -0.655224 0.43775114 0.091682695 1.4144299 1.3139277 0.46312496 
-1.7111399 -0.72840226 1.8140297 -0.9818102 0.7812907 -0.15050101 -0.56087506 0.3439858 -0.031123383 1.4569308 1.25818 0.46010298 
-1.8060044 -0.51490384 1.7626343 -0.9843812 0.82194436 -0.048427403 -0.67841446 0.40803674 0.082044095 1.3510989 1.3193895 0.43552414 
-1.6775793 -0.5993655 1.7902036 -0.95637053 0.7972944 -0.17829727 -0.6396587 0.33005038 0.01662543 1.5075489 1.2844015 0.382227 
-0.9451077 -1.0852548 1.7356358 -0.3201978 0.35918242 -0.67127246 -1.2815467 0.27530563 0.20465134 1.4895848 0.2584407 1.2391387 
-1.0430039 -1.3342402 1.9222785 -0.19156513 0.027425474 -0.61398697 -1.4286052 0.58841586 -0.03550853 1.5005295 0.09835197 1.5620931 
-1.056321 -1.1569983 1.9538018 -0.11196053 0.094821684 -0.5742595 -1.5574834 0.72214067 -0.1562381 1.5929981 0.12154115 1.5162722 
-1.0888345 -1.2341876 1.875335 -0.19375779 0.084683895 -0.6261104 -1.4542737 0.5937829 -0.026851224 1.5810696 0.11136372 1.6877778 
-1.061401 -1.170513 1.9491705 -0.07501509 0.20656373 -0.575931 -1.3550436 0.6599371 -0.005449154 1.5590494 0.12474985 1.6101991 
-0.42529237 -0.5457123 1.0971711 -0.37822276 0.372944 -0.4000127 -2.0722141 -0.16981336 1.3128023 1.6399752 0.41644204 1.060445 
-0.44852468 -0.59048975 1.0296621 -0.36843836 0.02036795 -0.46545428 -2.225635 -0.5861494 1.301377 1.7315141 0.7000513 0.9389311 
-0.27743152 -0.8086797 1.0415566 -0.33812618 0.2307288 -0.63829625 -2.256064 -0.6716183 1.2566895 1.6953269 0.6788162 1.1007905 
-0.3738915 -0.64887625 1.1329722 -0.47948337 -0.14054205 -0.52408355 -2.0227008 -0.7704081 1.2943308 1.4905021 0.63243604 1.0394148 
-0.46338958 -0.5531014 1.0565488 -0.40925324 0.06804368 -0.4696024 -2.3600056 -0.5328459 1.258526 1.7285787 0.6777333 1.0018746 
0.42246762 0.21052262 1.3062153 -0.9519788 0.35139912 -0.74206036 -1.1022747 0.3413896 1.3616982 1.6027058 0.024190217 1.7042162 
0.9533851 0.32037106 1.3543565 -0.93742496 0.42191926 -0.90674317 -1.1774504 0.42918822 1.2438798 1.7947598 0.10734885 1.6869553 
0.943044 0.24516709 1.3704761 -0.95677143 0.56657505 -0.7926445 -1.2724748 0.55438906 1.2039816 1.8564547 0.08191587 1.4952027 
0.86856997 0.44975093 1.359839 -1.0405365 0.5335487 -0.64151186 -1.4903891 0.5435561 1.3424107 1.7239219 0.03307349 1.5434983 
0.9684457 0.21396202 1.5626409 -0.92107844 0.54331654 -0.80865055 -1.3044776 0.53776217 1.2252753 1.851895 0.13380764 1.4214165 
0.55632687 -0.4089716 1.5108553 -0.8846328 -0.31946695 -0.52929246 -1.1018621 -0.23038049 1.9406475 0.5833332 0.6432899 1.2637124 
0.14592786 -0.48694402 1.6638763 -0.83395267 -0.40175167 -0.4851234 -1.3868045 -0.5103643 1.8922879 0.6055839 0.69194514 1.2124002 
0.4731695 -0.51246303 1.7892853 -0.97639257 -0.4101822 -0.37089008 -1.2538332 -0.29677084 2.0551944 0.46779305 0.74354815 1.1400762 
0.38607833 -0.49079373 1.7970825 -0.8947846 -0.4255323 -0.45743835 -1.2938858 -0.4033525 2.0367057 0.59210783 0.74308485 1.1644918 
0.31013766 -0.3299371 1.8254216 -0.96381503 -0.5456402 -0.4211395 -1.1742357 -0.46743342 2.0105836 0.5992757 0.68413216 1.2257228 
0.37132925 -0.48844352 0.77999425 -0.5847274 0.2707627 -0.39973375 -0.035681747 -0.15562895 1.9214367 0.27217218 1.0819869 1.8374236 
0.6792598 -0.25773594 0.6095593 -0.32247293 0.41654128 -0.26618925 -0.13972132 -0.093139976 2.040649 0.18775956 1.235606 2.0818765 
0.48945916 -0.18787028 0.66931033 -0.30849066 0.3074936 -0.2939219 -0.057669416 -0.13602445 2.0010765 0.25750133 1.1611646 2.1171944 
0.5016412 -0.43762815 0.71492153 -0.23223631 0.32797563 -0.50020677 -0.11122729 -0.1331979 1.8951405 0.14302869 1.32758 2.0872416 
0.5467446 -0.32503736 0.50602 -0.28131315 0.07923143 -0.36368415 -0.058940995 -0.13508715 1.9106786 0.16222504 1.511605 1.9850041 
0.5648526 -1.3972459 0.04864978 -1.5702423 0.2774843 -0.21887445 -0.06970342 -0.4663763 1.2330173 0.24490789 1.2273674 1.6122274 
0.42308325 -2.027222 0.20078777 -1.5527647 0.28690976 -0.025061443 0.2009023 -0.63972974 1.2118007 0.44612604 1.4002784 1.7314551 
0.61505234 -1.9429055 0.21558568 -1.7631168 0.33629796 -0.15293156 0.19081764 -0.59448475 1.1594234 0.56483704 1.3513973 1.7252084 
0.63487256 -1.8758932 0.041383192 -1.7787694 0.33374533 -0.11922746 0.13839452 -0.5312416 1.1892474 0.59639955 1.3813462 1.79156 
0.43373618 -1.8361856 0.12164711 -1.7009507 0.40701607 0.009553656 0.11965724 -0.6050129 1.2976693 0.5123258 1.3057269 1.6906999 
0.7282049 -0.690881 0.055311006 -2.1588109 0.4625768 0.016267903 -0.6416141 -0.62697655 0.6961606 -0.824013 1.4812914 1.398428 
0.5505212 -0.72711015 0.43246788 -2.2556393 0.74524903 0.037188526 -0.6246641 -0.6459733 0.64939606 -0.99190164 1.8302003 1.1169648 
0.47400826 -0.60964936 0.36057088 -2.3639214 0.6485339 0.10021883 -0.6534365 -0.7259499 0.74971664 -1.0202159 1.8694558 1.2601205 
0.8546969 -0.6533795 0.2596236 -2.2248588 0.7813418 0.07038158 -0.5719594 -0.56163484 0.57914776 -1.0000839 2.024437 1.0682896 
0.80250055 -0.6595902 0.2752939 -2.2570095 0.8199929 0.038649853 -0.52182806 -0.6622038 0.5681199 -0.97845364 1.917404 1.2180974 
0.27211663 -1.0606052 -0.17155406 -2.1225266 -0.11910188 0.03527173 -1.1644576 0.24385501 -0.26313907 -0.5529925 1.0647078 1.207353 
-0.05407302 -0.81540996 -0.35823908 -2.3441734 -0.081234165 -0.022695372 -1.5035582 0.60590446 0.035903726 -0.35884824 1.1861984 1.2663121 
0.029480914 -0.8593439 -0.42771456 -2.3412323 -0.02221979 -0.14928968 -1.4248089 0.6326538 -0.050340842 -0.27610865 1.1991596 1.2802917 
0.067005366 -0.9278302 -0.3037103 -2.3776424 -0.05625428 -0.06836167 -1.408725 0.6266704 -0.16045262 -0.32537252 1.1844352 1.204378 
0.053030264 -0.92653364 -0.39636487 -2.3916857 -0.07980719 -0.07377646 -1.4389637 0.6681009 -0.0762865 -0.29552862 1.1638039 1.2954662 
0.86164033 -0.5711444 0.20714565 -1.6410625 0.054349713 0.41294616 -1.0562799 0.67319953 -0.6286937 -0.8193054 0.5080528 1.4330786 
1.0303973 -1.0529863 0.5155354 -1.723496 0.6928744 0.047040198 -1.5728029 0.69013 -0.977497 -0.6424547 0.2376034 1.8432122 
0.98123944 -1.2383003 0.4588386 -1.2375222 0.94305915 -0.16007529 -1.8159848 0.57781935 -1.1141807 -0.61772984 0.26485398 2.4160426 
1.1114764 -0.7431492 0.36223412 -0.9048259 0.93231815 -0.15504242 -2.2268481 0.29852968 -0.8065946 -0.6403759 0.15065742 2.767837 
1.2676145 -0.6246588 -0.0025898793 -0.47440067 0.33501363 -0.32462302 -2.2809281 0.60877323 -0.8740319 -0.5363369 0.4970576 2.7537267 
1.1977876 -0.318939 -0.09736833 -0.4689975 -0.016847778 -0.049712185 -2.5522327 0.79895383 -0.66122615 -0.67677385 0.52631295 2.4155877 
1.2022557 -0.18761769 -0.09680163 -0.8348559 -0.2368114 0.3756266 -2.1370192 0.9625781 -0.36525124 -1.104395 0.7819446 2.077189 
1.1243083 -0.41830212 -0.016439054 -1.226678 -0.30554876 0.5919998 -1.653803 0.8761065 -0.3296356 -1.2029996 0.78081095 1.7762948 
0.7119074 0.025246646 0.58395225 -1.6089629 -0.4063269 0.75197667 -0.6684426 0.79986304 -0.92790425 -0.52608144 0.2838066 1.2346814 
0.6586988 0.050383225 1.07335 -1.5550319 -0.69051665 0.4777417 -0.74522215 1.025542 -1.0691533 -0.49967378 0.61312646 0.72583336 
0.68820035 0.1630821 1.5990908 -1.4963281 -0.8700378 -0.087303236 -0.6245987 0.9657774 -1.4208833 -0.39693537 1.0443547 0.7615527 
0.64884436 -0.01761167 1.633084 -1.5863327 -1.0702732 -0.47985414 -0.13519795 1.1612583 -1.4818623 -0.022922583 0.9500679 1.2892452 
0.77791655 -0.014636066 1.5784738 -1.7374684 -1.198397 -0.46875176 0.2315808 0.7682582 -1.2707363 0.31450933 0.6585002 1.6352066 
0.89138323 0.07190012 1.1950972 -1.9256341 -1.372433 -0.26039726 0.1273893 0.6180923 -1.1068227 0.33901843 0.41159642 2.080325 
1.0065292 0.008909066 0.8453912 -2.0454512 -1.1768253 0.124757126 0.036819838 0.48932603 -0.95699555 0.1163376 0.21779151 2.1665242 
1.0315906 0.12891184 0.60433835 -1.896989 -0.84095883 0.44937304 -0.15987551 0.51094663 -0.9183103 -0.20717153 0.29570967 1.7889744 
0.20067772 -0.021282906 0.851481 -1.263417 -0.12446915 1.4729521 -0.46001297 0.64871746 -0.76438576 -0.41663146 0.02972311 1.3509878 
-0.33343804 -0.12300735 1.0518428 -1.0961431 -0.25644523 1.5864916 -0.62242526 0.2157047 -1.2904177 -0.585042 0.05963952 1.7694511 
-0.7007085 0.012779116 1.2936839 -0.7986526 -0.47550872 1.7212157 -0.6113 0.02638704 -1.2205399 -0.7525685 0.26746535 2.2889683 
-0.83910805 -0.23887752 1.48717 -0.50209546 -0.5853055 1.5938085 -0.2967932 0.12942934 -0.8778046 -0.91883636 0.3606098 2.6153598 
-0.8965567 -0.32925305 1.8120923 -0.5683291 -0.2691604 1.6865865 -0.4347071 0.38822013 -0.29322463 -1.1698763 0.49933073 2.5267546 
-0.49896201 -0.60820675 2.0510721 -0.70968914 -0.3020592 1.7541533 -0.42308226 0.86063856 0.09085596 -1.1710099 0.3267766 2.3452737 
-0.15044294 -0.6580425 1.8466426 -1.1740757 -0.041178502 1.680527 -0.5545729 0.9391347 0.1478772 -0.8956607 -0.018992854 1.9277625 
-0.016205594 -0.12193917 1.5201955 -1.3579397 -0.099901 1.5099621 -0.48256356 0.9944852 -0.008275083 -0.62695056 -0.11618433 1.7062753 
0.6031386 -0.12369017 0.65902627 -1.0540429 0.14115356 1.961485 -0.26138136 0.68233687 -0.7856652 0.09734765 0.17609897 1.0943809 
0.16743442 -0.4751368 0.46321607 -1.4528067 0.4571515 2.4158247 0.19124663 0.6738365 -0.9799316 0.18625638 0.72821724 1.2368134 
-0.15789485 -0.9562937 0.51172245 -1.3710266 0.87113714 2.4925222 0.5546045 0.79006076 -0.7610283 0.24301046 1.1111026 1.4243237 
0.068961106 -0.9063455 0.53446627 -0.9594773 1.048673 2.3042204 0.914039 1.0069306 -0.84521663 0.48049733 1.1727216 1.7605023 
0.50512135 -0.76439613 0.4793811 -0.77510285 1.2723764 2.1857076 0.92300767 1.149509 -0.82964534 0.6621231 0.99129903 2.0741754 
0.92926866 -0.15534785 0.6287328 -0.6692315 1.3637121 1.9314569 0.75673825 1.2542719 -0.82413924 0.5621949 0.7296281 2.1445608 
1.1088573 0.18897794 0.83572155 -0.6781184 1.1605312 1.9253045 0.25297415 1.4432257 -0.8680935 0.44956437 0.4610907 1.8374921 
0.9730815 0.23099604 0.7899787 -0.8017808 0.772098 2.032862 -0.15617524 1.0821551 -0.8767467 0.20630303 0.1941719 1.4722577 
0.6693909 -0.15910988 0.7156282 -0.9563782 -0.08463146 2.1127195 -0.3922788 0.20949586 -0.44948262 0.7611328 0.049839426 0.77701867 
0.33940405 -0.1308373 0.63412267 -0.96344894 -0.36427876 2.1622365 -0.665799 0.54379463 -0.9633052 1.4302841 0.09716445 0.72162294 
-0.0050214007 -0.03806306 0.21734852 -1.2217406 -0.409835 2.2559364 -1.0153997 0.5670119 -1.0384201 1.9763092 0.17376347 0.92718536 
0.01209212 -0.17567793 0.042967048 -1.0710374 -0.5659348 2.0285306 -1.1300555 0.62352264 -0.7377669 2.1518006 -0.020752814 1.2340215 
0.19752266 -0.3274622 -0.1418114 -0.9127872 -0.6305262 2.0547915 -1.1982195 0.47421432 -0.27323532 2.0626705 -0.07732676 1.4676359 
0.6023595 -0.32235283 -0.21475258 -0.9867189 -0.80751383 2.284108 -1.0701824 0.20087066 0.15799607 1.7207394 -0.16010408 1.7136948 
0.87170064 -0.42351004 0.057388283 -0.6919848 -0.70143014 2.4339528 -0.73558766 0.17859511 0.2365005 1.3752847 -0.08108376 1.6044799 
0.9132037 -0.26351798 0.38112092 -0.7700622 -0.41140476 2.434649 -0.47148782 0.26721188 0.02482363 0.9435091 0.046583105 1.2945503 
0.8193489 0.030312004 1.12803 -0.8341138 0.1446646 2.1108043 -0.36078674 -0.5448366 -0.3432391 0.81120276 0.34111294 0.47868815 
0.68077886 0.5189046 1.4488895 -1.0876894 -0.13726828 2.186025 0.20547777 -0.4432113 -0.0634859 1.0146828 0.6345961 0.55016756 
0.53806764 0.8372522 1.6557083 -1.3610638 -0.13207956 2.003137 0.4426667 -0.5946093 0.19850697 1.3076588 0.814323 0.5171133 
0.476259 1.0728841 1.3831344 -1.7663897 0.42196772 1.9032197 0.39106587 -0.8699839 0.5872062 1.5975578 0.9828739 0.6175598 
0.43277776 0.9514982 1.2435833 -2.097723 0.8796956 1.7382414 -0.008158359 -1.1613897 0.37767223 1.7441137 0.826587 0.7104847 
0.5866788 0.55340236 1.152433 -1.9715517 1.2463838 1.6869322 -0.22071727 -1.3244661 -0.08298414 1.8570379 0.5532861 0.7568343 
0.5711685 0.1580886 1.1090184 -1.4709367 1.2476003 1.8972602 -0.5724204 -1.3254501 -0.3367143 1.5310133 0.26936665 0.76730096 
0.6134723 -0.1236008 1.1836281 -1.1724188 0.7270837 2.051067 -0.58711183 -1.0748918 -0.31943747 1.0805416 0.10449708 0.668827 
1.1533657 -0.23725094 1.0190814 -0.28841162 0.15571743 2.054178 -0.67048913 -0.5772425 -0.31510797 0.6658602 1.004935 0.030386876 
1.4894431 -0.6880079 1.1138712 -0.6089267 0.114901766 1.9899087 -0.8612773 -0.24065164 0.09162278 0.96425825 1.190058 -0.3401265 
1.1805646 -0.98028713 1.181349 -0.7212762 0.19567698 2.0725977 -1.0238751 -0.18498819 0.4772208 1.1550572 1.5823656 -0.6239817 
0.5673219 -1.0346103 1.1061056 -0.6788824 0.25981376 2.2618647 -1.3953137 -0.23268767 0.83665544 1.0355059 1.8914554 -0.6691667 
0.18705902 -0.5503731 0.9881801 -0.54757005 0.09636142 2.4072518 -1.7966495 -0.3493002 0.7089001 0.61444724 1.971485 -0.55550593 
0.05955118 -0.26756057 1.0233122 -0.19240442 0.403296 2.543963 -1.7227143 -0.4567356 0.6132681 0.19180676 1.6305672 -0.16829345 
0.323092 0.13192987 1.0395384 -0.04121716 0.44973558 2.5705805 -1.5581982 -0.56663144 0.06244216 0.22056314 1.3398765 0.033828523 
0.77702636 0.16141541 0.8889154 -0.12913278 0.38904333 2.407639 -1.25796 -0.5667424 -0.24765292 0.39574444 1.1853751 0.10184944 
1.31009 -0.20856802 1.4074243 0.35964984 -0.1725442 1.5305228 -0.64977604 -0.6625763 -0.68702054 0.8145749 1.1506928 0.20220065 
0.80564165 -0.86076677 1.9473433 0.758954 -0.04306006 1.6404102 -0.4141194 -0.52585936 -0.7398192 0.95402735 1.1880178 0.41762832 
0.72455037 -0.9822886 2.0721323 1.1330204 0.15349582 1.6256732 -0.26805007 -0.56329477 -0.7144268 0.960267 1.406964 0.7377576 
0.9294785 -1.0199317 2.1349044 1.4217271 0.7195477 1.3302574 -0.37890917 -0.6053394 -0.3484715 0.8772907 1.357598 1.0428959 
1.2522614 -0.876185 1.9055556 1.5729921 0.7675925 1.3208486 -0.78093785 -0.46794116 -0.13310555 1.0898274 1.2530091 1.2012116 
1.6798867 -0.40688935 1.7722486 1.4076772 0.76178026 1.0686495 -0.91893977 -0.4046113 0.023796042 1.1455197 1.2824377 0.96555406 
1.9528561 0.16846077 1.7006946 1.1825018 0.5628569 1.1281416 -0.9967874 -0.5504814 -0.04186501 1.036229 1.1768068 0.84787005 
1.7931832 0.3295702 1.5883791 0.81374985 0.1253244 1.2621132 -0.93137217 -0.70576197 -0.27419543 1.0879407 1.2360125 0.44306007 
1.2632561 -0.35604903 1.5773542 -0.0060514044 -0.6760441 0.91654307 -0.7629476 -0.91128606 -1.0633796 0.6601831 1.4164418 0.05292594 
1.2996198 -0.7248938 1.6590927 -0.19024487 -0.48889068 0.59170985 -1.538045 -1.1190504 -1.4219669 0.9507941 1.1008998 0.19340235 
1.5342332 -0.9365807 1.1578201 -0.18144505 -0.55471927 0.32008788 -1.9066399 -1.1992285 -1.6438429 1.2712704 1.3160144 0.40393704 
1.5981865 -1.2961122 0.7560162 -0.09158113 -0.825261 0.07419637 -1.8077766 -1.3053237 -1.5204452 1.432325 1.3933705 0.726143 
1.5630525 -1.3487074 0.28020868 -0.012397698 -0.9725746 0.18110494 -1.5501506 -1.6635293 -1.2489882 1.0459006 1.8642564 0.94093513 
1.560028 -1.1798755 0.73891455 0.14249836 -1.4576261 0.27028126 -1.0881395 -1.8086842 -0.87937695 0.71406233 1.6327553 1.247552 
1.3146002 -0.86207765 1.1194612 -0.028722487 -1.192067 0.5895908 -0.8611766 -2.068927 -0.85480344 0.33590528 1.7914796 0.8939453 
1.1668372 -0.6372565 1.4040887 -0.06603636 -1.0835087 0.81860226 -0.7563002 -1.6954765 -0.83305424 0.41965777 1.4900998 0.5223667 
1.2013049 -0.16405734 2.0043962 -0.17079149 -0.9934109 0.4051948 -0.6959191 -0.31985143 -0.92969567 0.2618926 1.5903237 -0.051323086 
1.5287677 -0.2542284 2.2320356 -0.3267028 -0.7358201 0.100433126 -0.581619 -0.044342387 -1.0559963 -0.055970713 1.5913355 0.17310579 
1.3522315 0.040410228 2.1239777 -0.49835616 -0.66713804 0.08461213 -0.65213037 0.22909935 -1.5035378 -0.43398708 1.5002856 0.5401078 
1.1281748 0.5095343 1.9945029 -0.87513036 -0.77344406 -0.16332714 -0.84946334 0.5431375 -1.3720124 -0.3966272 1.1989732 0.7256338 
0.90810394 1.035555 2.0367625 -0.9105183 -1.4111913 -0.20400606 -1.1342984 0.4024388 -1.0652832 -0.18764228 1.4300456 0.6731929 
0.6187418 0.9421638 2.2277248 -0.5183995 -1.7063507 0.07146518 -1.4136207 0.24207799 -1.0697212 0.22444886 1.2430247 0.64036834 
0.62218404 0.6087961 2.075376 -0.16539362 -1.9096905 0.2882486 -1.4840643 0.15301892 -0.9303145 0.36072853 1.6412458 0.30191436 
0.8260358 -0.0014350221 2.184271 -0.053297345 -1.667841 0.40967485 -1.0455339 0.020901406 -0.8410471 0.34872147 1.5849122 0.044303387 