1.0	0.9902153418775597	0.9613007805149093	0.9145496745254282	0.852036299414011	0.7764993950623109	0.6911897954360982	0.5996919040954194	0.505730357597415	0.41297401274432466	0.32484935427682793	0.24437455874197847	0.0	0.11044186921114939	0.21691809935841172	0.3156661199961958	0.40331709504451935	0.4770626225193212	0.5347875242481918	0.5751610640257282	0.5976817151043617	0.6026736819539563	0.5912365480639034	0.5651524481522504
1.0	0.9901759888111896	0.9611506882979983	0.9142385782465937	0.8515464236796167	0.7758530401977638	0.6904521737283364	0.5989687406420354	0.5051603075296317	0.4127164871227833	0.325068838621349	0.2452229029008265	0.0	0.11043542354374863	0.21686756090456333	0.31550121283872595	0.402944420963346	0.4763786468168865	0.5336936514629307	0.5735791690828259	0.595568410839319	0.6000316894807224	0.5881217858635521	0.561675847196846
1.0	0.9901759888111894	0.9611506882979977	0.914238578246592	0.8515464236796144	0.7758530401977601	0.690452173728332	0.5989687406420299	0.5051603075296257	0.412716487122777	0.325068838621343	0.24522290290082116	0.0	0.11043542354374947	0.21686756090456483	0.31550121283872806	0.4029444209633482	0.4763786468168885	0.533693651462932	0.5735791690828264	0.5955684108393183	0.6000316894807204	0.5881217858635484	0.5616758471968408
1.0	0.9901759888111896	0.9611506882979981	0.914238578246593	0.8515464236796162	0.775853040197763	0.6904521737283354	0.598968740642034	0.5051603075296301	0.4127164871227818	0.32506883862134767	0.2452229029008252	0.0	0.11043542354374886	0.21686756090456372	0.3155012128387265	0.40294442096334654	0.47637864681688696	0.5336936514629309	0.5735791690828259	0.5955684108393188	0.600031689480722	0.5881217858635511	0.5616758471968447
1.0	0.9901759888111894	0.961150688297998	0.9142385782465929	0.8515464236796155	0.775853040197762	0.6904521737283343	0.5989687406420328	0.5051603075296287	0.4127164871227803	0.3250688386213461	0.24522290290082388	0.0	0.11043542354374905	0.21686756090456405	0.31550121283872695	0.40294442096334704	0.4763786468168875	0.5336936514629314	0.573579169082826	0.5955684108393186	0.6000316894807215	0.5881217858635502	0.5616758471968434
1.0	0.9904049485323738	0.9620251573573048	0.9160555891637463	0.854418676569204	0.7796648642379533	0.6948416844697904	0.603339041436836	0.5087197042470013	0.4145447642275682	0.32420395379591227	0.24076025024422773	0.0	0.11047239654157098	0.21715763352577105	0.31644870628303257	0.4050888417160801	0.48032204214343704	0.5400158477907709	0.5827497788949753	0.6078650191950615	0.6154732575313939	0.6064250603080092	0.5822405461466201
1.0	0.9903699335339746	0.9618910858612345	0.9157757491607931	0.8539731775970961	0.7790672396080063	0.6941418326827739	0.6026220798760996	0.5081006961302369	0.4141596771662153	0.3241975797213914	0.2412721284430864	0.0	0.11046691039196227	0.21711455226095455	0.3163077669694031	0.40476915023547144	0.4797324241071314	0.5390670020255021	0.5813670146115552	0.6060002752243043	0.613115138338423	0.6036057769626707	0.579038908865692
1.0	0.9903699335339746	0.9618910858612342	0.9157757491607925	0.8539731775970953	0.7790672396080052	0.6941418326827722	0.6026220798760977	0.5081006961302347	0.4141596771662132	0.3241975797213893	0.24127212844308443	0.0	0.1104669103919626	0.2171145522609552	0.31630776696940377	0.4047691502354722	0.4797324241071322	0.5390670020255027	0.5813670146115554	0.6060002752243041	0.6131151383384223	0.6036057769626697	0.5790389088656903
1.0	0.9903699335339746	0.9618910858612342	0.9157757491607925	0.8539731775970951	0.7790672396080051	0.6941418326827721	0.6026220798760976	0.5081006961302347	0.41415967716621305	0.3241975797213892	0.24127212844308438	0.0	0.1104669103919626	0.21711455226095525	0.3163077669694039	0.4047691502354722	0.4797324241071322	0.5390670020255026	0.5813670146115553	0.606000275224304	0.6131151383384222	0.6036057769626694	0.57903890886569
1.0	0.9903699335339747	0.9618910858612348	0.9157757491607937	0.8539731775970975	0.7790672396080085	0.6941418326827764	0.6026220798761028	0.5081006961302404	0.41415967716621915	0.32419757972139507	0.24127212844308962	0.0	0.11046691039196178	0.21711455226095375	0.3163077669694019	0.40476915023547005	0.47973242410713013	0.5390670020255011	0.5813670146115547	0.6060002752243048	0.6131151383384243	0.6036057769626729	0.5790389088656951
1.0	0.990742352326952	0.9633198852188943	0.918768370576863	0.8587626862273655	0.7855423823832629	0.7018126864282749	0.6106258226946146	0.515248459712367	0.41902172574926805	0.32522052306456295	0.23691880971099497	0.0	0.11052408423445542	0.21756395830336675	0.31778038649300117	0.4081172253316044	0.48592618233002743	0.549072402386437	0.5960160547177836	0.6258663224207962	0.6384056020414013	0.6340832255068374	0.6139795401629973
1.0	0.9907144707051129	0.9632123496826979	0.9185410204904882	0.858393538406202	0.7850325321569216	0.7011890669824277	0.6099415175140009	0.514580460828178	0.4184662395126963	0.32488612946150447	0.23691796516408126	0.0	0.1105201036741254	0.21753260963789667	0.31767732931367554	0.40788183203504685	0.4854880430115086	0.5483591192159714	0.5949616604375307	0.6244195934829064	0.6365375296304596	0.6317929583942015	0.611298218839403
1.0	0.9907144707051126	0.9632123496826979	0.9185410204904884	0.858393538406202	0.7850325321569216	0.7011890669824277	0.6099415175140009	0.5145804608281781	0.41846623951269635	0.3248861294615046	0.23691796516408134	0.0	0.11052010367412542	0.21753260963789672	0.31767732931367554	0.407881832035047	0.48548804301150883	0.5483591192159716	0.594961660437531	0.6244195934829068	0.63653752963046	0.6317929583942019	0.6112982188394036
1.0	0.9907144707051126	0.9632123496826979	0.918541020490488	0.858393538406202	0.7850325321569214	0.7011890669824274	0.6099415175140005	0.5145804608281775	0.4184662395126958	0.32488612946150397	0.23691796516408062	0.0	0.11052010367412549	0.21753260963789683	0.3176773293136757	0.4078818320350472	0.4854880430115089	0.5483591192159717	0.5949616604375312	0.6244195934829069	0.6365375296304602	0.6317929583942019	0.6112982188394034
1.0	0.9907144707051129	0.963212349682698	0.9185410204904884	0.8583935384062023	0.7850325321569223	0.7011890669824282	0.6099415175140018	0.514580460828179	0.41846623951269724	0.3248861294615056	0.23691796516408223	0.0	0.11052010367412529	0.21753260963789647	0.31767732931367526	0.40788183203504663	0.48548804301150833	0.5483591192159711	0.5949616604375307	0.6244195934829065	0.6365375296304602	0.6317929583942022	0.611298218839404
1.0	0.9911586174976097	0.964927801006841	0.922176695820761	0.864318144969067	0.7932565664758952	0.7113178707944894	0.6211641643156401	0.5256965714680477	0.42794995785978496	0.3309836321860903	0.2377722338627177	0.0	0.11058266538358061	0.21802575251038908	0.319300949428775	0.411598223884948	0.492424502410492	0.5596902695337259	0.6117808275480144	0.6476095730472676	0.6666513661781248	0.6689548621667202	0.6551335090834867
1.0	0.9911381892879769	0.9648483010800551	0.9220059654944618	0.8640343300804877	0.7928512145272703	0.7107980800325562	0.6205536182563474	0.5250353621627643	0.42729317764161234	0.3303987922242434	0.23733564392557774	0.0	0.11058012997397923	0.21800570920889117	0.3192346364946575	0.41144538008685083	0.4921366145637868	0.5592145658471199	0.6110647543536994	0.646605457826321	0.6653209531063334	0.6672734088322849	0.6530931545976573
1.0	0.9918897467439457	0.967782396748462	0.9283414361438271	0.8746504092250029	0.8081802525548702	0.7307450043911182	0.6444472752567958	0.5516151836896398	0.4547327246670532	0.356365738537223	0.25908577919137465	0.0	0.11066904918578603	0.2187098608029378	0.3215710612559354	0.41685263573481157	0.502375760040171	0.5762458238057733	0.6369067157627629	0.6831847189522781	0.7143206930366193	0.7299895913819168	0.7303067603625619
1.0	0.9911381892879769	0.9648483010800551	0.9220059654944616	0.8640343300804877	0.7928512145272703	0.7107980800325562	0.6205536182563474	0.5250353621627643	0.42729317764161234	0.3303987922242436	0.23733564392557804	0.0	0.11058012997397917	0.21800570920889115	0.3192346364946574	0.41144538008685066	0.49213661456378666	0.5592145658471196	0.6110647543536992	0.6466054578263205	0.6653209531063329	0.6672734088322843	0.6530931545976565
1.0	0.9911381892879769	0.9648483010800555	0.9220059654944623	0.8640343300804888	0.792851214527272	0.7107980800325585	0.6205536182563504	0.5250353621627676	0.4272931776416162	0.33039879222424756	0.23733564392558215	0.0	0.11058012997397874	0.21800570920889029	0.3192346364946562	0.41144538008684933	0.49213661456378516	0.5592145658471183	0.611064754353698	0.6466054578263198	0.6653209531063329	0.6672734088322849	0.6530931545976579
1.0	0.9907903299919095	0.9634840325110237	0.9190369766573663	0.8590018677284772	0.7854693109939787	0.7009885879241033	0.6084712709577575	0.5110814737766043	0.41211705101882007	0.3148864037673079	0.22258570155238425	0.0	0.11054308318807521	0.21771176001292494	0.31825608975666514	0.4091702271714759	0.48780257476734307	0.5519521960732383	0.5999477791025285	0.6307061378459736	0.6437680574138341	0.6393101919398241	0.6181326765859618
1.0	0.9907685568603084	0.963399192459664	0.9188543838787546	0.8586973603193755	0.7850324629319628	0.700424994106549	0.6078037370075272	0.5103500073112605	0.4113776227675924	0.31420852131123883	0.22204891139210478	0.0	0.11054044869580679	0.21769092282253483	0.3181870914496613	0.40901100254682005	0.48750219969735	0.5514548983014705	0.5991974614586821	0.6296511285748027	0.6423657838596881	0.6375314728681057	0.6159653451766398
1.0	0.9907685568603084	0.963399192459664	0.9188543838787546	0.8586973603193754	0.7850324629319628	0.700424994106549	0.6078037370075273	0.5103500073112605	0.4113776227675923	0.31420852131123883	0.2220489113921046	0.0	0.11054044869580683	0.2176909228225349	0.3181870914496614	0.40901100254682016	0.48750219969735	0.5514548983014709	0.5991974614586825	0.6296511285748032	0.6423657838596888	0.6375314728681063	0.6159653451766407
1.0	0.9907685568603086	0.9633991924596643	0.9188543838787554	0.8586973603193769	0.7850324629319653	0.7004249941065521	0.6078037370075311	0.510350007311265	0.41137762276759726	0.31420852131124416	0.2220489113921099	0.0	0.11054044869580622	0.21769092282253372	0.31818709144965984	0.40901100254681827	0.48750219969734826	0.5514548983014692	0.5991974614586812	0.6296511285748024	0.6423657838596889	0.6375314728681076	0.6159653451766429
1.0	0.9907685568603083	0.9633991924596635	0.9188543838787534	0.8586973603193735	0.78503246293196	0.7004249941065451	0.6078037370075224	0.5103500073112549	0.411377622767586	0.3142085213112321	0.22204891139209787	0.0	0.11054044869580754	0.21769092282253633	0.3181870914496633	0.4090110025468223	0.48750219969735237	0.551454898301473	0.599197461458684	0.6296511285748037	0.6423657838596883	0.6375314728681046	0.6159653451766375
1.0	0.9904858405801622	0.9622917628438916	0.9164493284699247	0.8546328902511036	0.7790941182427313	0.692574058422932	0.5981962620440333	0.4993452806784574	0.3995354028707714	0.30227488971637817	0.21093113328733282	0.0	0.11050973074852961	0.21744738138328532	0.31737741255876695	0.4071319332566996	0.48393116304133643	0.545488470010962	0.5900958326287831	0.6166863689917214	0.6248715078398621	0.6149514033431168	0.587898278090138
1.0	0.9904626101833268	0.9622012183996986	0.9162543619122554	0.8543075089707163	0.778626850083693	0.6919703879395775	0.5974799203368	0.49855827800909835	0.39873676721168244	0.30153815138456314	0.210340671628002	0.0	0.11050694033183259	0.2174253087026734	0.31730431090088906	0.40696319994917507	0.48361275433453166	0.5449611231855005	0.5892998353941973	0.615566579568598	0.6233823090906019	0.6130612721853447	0.5855936674888642
1.0	0.9904626101833268	0.9622012183996986	0.9162543619122556	0.8543075089707167	0.7786268500836937	0.6919703879395784	0.5974799203368012	0.49855827800909963	0.3987367672116839	0.3015381513845647	0.21034067162800346	0.0	0.1105069403318324	0.21742530870267315	0.3173043109008886	0.4069631999491745	0.48361275433453116	0.5449611231855002	0.589299835394197	0.6155665795685978	0.6233823090906023	0.6130612721853451	0.5855936674888652
1.0	0.9904626101833268	0.9622012183996983	0.9162543619122548	0.8543075089707153	0.7786268500836915	0.6919703879395754	0.5974799203367975	0.49855827800909536	0.3987367672116793	0.30153815138455975	0.21034067162799852	0.0	0.11050694033183298	0.21742530870267415	0.3173043109008901	0.4069631999491762	0.4836127543345329	0.5449611231855016	0.589299835394198	0.6155665795685983	0.6233823090906017	0.6130612721853436	0.5855936674888624
1.0	0.9904626101833268	0.962201218399699	0.9162543619122561	0.8543075089707175	0.7786268500836946	0.6919703879395799	0.597479920336803	0.49855827800910174	0.39873676721168627	0.30153815138456713	0.21034067162800602	0.0	0.11050694033183216	0.21742530870267263	0.31730431090088795	0.4069631999491736	0.4836127543345304	0.5449611231854994	0.5892998353941964	0.6155665795685977	0.6233823090906024	0.6130612721853459	0.5855936674888664
1.0	0.9902598480676083	0.9614091742949342	0.9145423355616238	0.8514339227971118	0.7744669221140066	0.6865363790323619	0.5909325864212653	0.491208664737298	0.3910380436188555	0.29406775994148027	0.20377364224231073	0.0	0.11048377891788007	0.21724196840315782	0.3166963880515159	0.4055575967660744	0.4809543226482506	0.5405456740007697	0.5826115404364461	0.6061175136090923	0.6107517310322013	0.5969322276746113	0.5657846178323556
1.0	0.9902349789718816	0.9613123320292363	0.9143341379210507	0.8510872666544799	0.7739706921133992	0.685898041251398	0.5901794683773313	0.49038780357068745	0.39021457270711274	0.2933218955036165	0.2031964204002337	0.0	0.11048074734360212	0.21721799966490285	0.31661707093185154	0.4053747253617472	0.4806097455170163	0.5399760350344507	0.5817536057057812	0.604913737112221	0.6091556914573841	0.5949135693410286	0.5633331520516742
1.0	0.9902349789718816	0.9613123320292362	0.9143341379210502	0.851087266654479	0.773970692113398	0.6858980412513964	0.5901794683773293	0.4903878035706852	0.3902145727071103	0.293321895503614	0.20319642040023117	0.0	0.1104807473436024	0.2172179996649034	0.3166170709318522	0.40537472536174796	0.4806097455170171	0.5399760350344512	0.5817536057057814	0.6049137371122207	0.6091556914573836	0.5949135693410273	0.5633331520516723
1.0	0.9902349789718816	0.9613123320292368	0.9143341379210512	0.8510872666544808	0.7739706921134004	0.6858980412513996	0.5901794683773334	0.4903878035706899	0.39021457270711535	0.2933218955036193	0.2031964204002364	0.0	0.11048074734360182	0.21721799966490227	0.31661707093185076	0.40537472536174624	0.48060974551701546	0.53997603503445	0.5817536057057807	0.604913737112221	0.6091556914573848	0.5949135693410297	0.5633331520516759
1.0	0.9902349789718813	0.9613123320292358	0.9143341379210496	0.851087266654478	0.7739706921133966	0.6858980412513945	0.5901794683773273	0.4903878035706828	0.3902145727071075	0.2933218955036111	0.20319642040022828	0.0	0.11048074734360275	0.21721799966490404	0.3166170709318531	0.405374725361749	0.4806097455170181	0.5399760350344522	0.5817536057057823	0.6049137371122213	0.6091556914573834	0.5949135693410267	0.5633331520516708
1.0	0.9901285376162718	0.960898751828565	0.9134483375341885	0.8496204570605713	0.7718866701543994	0.6832437717630919	0.5870890180138685	0.4870791492149896	0.3869793056963014	0.290508347754744	0.20118721713597681	0.0	0.11046739227554679	0.21711255147280875	0.31626890846437716	0.40457456310885836	0.47910826579316873	0.5375065862439488	0.5780573106494951	0.5997651557751286	0.6023871063966422	0.5864360150571599	0.5531524908432646
1.0	0.9901020740708728	0.9607958580536622	0.9132277125427547	0.8492545381328518	0.7713656962007188	0.6825785261024025	0.5863120247601168	0.48624419829809784	0.3861592915043762	0.2897915187399354	0.2006720415557255	0.0	0.11046408217392092	0.21708639955386097	0.316182471968771	0.4043756200499463	0.4787342456575021	0.5368899977722552	0.5771317941513456	0.5984717399843027	0.6006802288356045	0.5842888717832371	0.5505613161565305
1.0	0.9901020740708728	0.9607958580536627	0.9132277125427559	0.8492545381328542	0.7713656962007223	0.6825785261024073	0.5863120247601225	0.4862441982981045	0.3861592915043834	0.2897915187399427	0.20067204155573248	0.0	0.11046408217392008	0.2170863995538594	0.3161824719687688	0.40437562004994393	0.47873424565749995	0.5368899977722533	0.5771317941513446	0.598471739984303	0.600680228835606	0.5842888717832406	0.5505613161565358
1.0	0.9901020740708728	0.9607958580536626	0.9132277125427556	0.8492545381328535	0.7713656962007214	0.6825785261024059	0.5863120247601209	0.4862441982981026	0.38615929150438133	0.28979151873994075	0.20067204155573054	0.0	0.11046408217392031	0.21708639955385983	0.3161824719687694	0.40437562004994465	0.4787342456575005	0.5368899977722538	0.5771317941513449	0.5984717399843029	0.6006802288356055	0.5842888717832395	0.5505613161565343
1.0	0.9901020740708731	0.9607958580536631	0.9132277125427567	0.8492545381328553	0.771365696200724	0.6825785261024094	0.5863120247601253	0.48624419829810756	0.3861592915043867	0.2897915187399461	0.20067204155573568	0.0	0.11046408217391969	0.2170863995538587	0.3161824719687678	0.4043756200499428	0.47873424565749884	0.5368899977722524	0.5771317941513442	0.5984717399843033	0.6006802288356069	0.5842888717832423	0.5505613161565384
1.0	0.9901074229562088	0.9608192746016653	0.913287664884921	0.8493780593619285	0.7715897708663577	0.6829496623082159	0.5868837963727606	0.4870727376623982	0.38729692027394824	0.29127890708589504	0.20252946814225709	0.0	0.110463286573849	0.21708039564525553	0.3161641966052966	0.4043386907873009	0.4786774893843834	0.5368226572637552	0.5770787868781755	0.598478288891028	0.6008151874455584	0.5846461276379252	0.5512587747608396
1.0	0.990079832936737	0.9607121372344465	0.9130584471265618	0.8489991386984441	0.7710527823701477	0.6822683587169326	0.5860951731571855	0.4862362922499521	0.386492041866978	0.29060052281471777	0.2020821943884177	0.0	0.11045975850706087	0.21705253645037748	0.31607219945081433	0.40412721757988546	0.47828057242754207	0.5361696836743335	0.5761011393413582	0.5971161638721736	0.5990240906552584	0.5824025580242974	0.5485646522110086
1.0	0.9900798329367372	0.9607121372344469	0.913058447126563	0.848999138698446	0.7710527823701505	0.6822683587169366	0.5860951731571902	0.48623629224995746	0.38649204186698377	0.2906005228147237	0.20208219438842345	0.0	0.11045975850706016	0.21705253645037617	0.3160721994508126	0.40412721757988357	0.47828057242754024	0.5361696836743322	0.5761011393413575	0.597116163872174	0.59902409065526	0.5824025580243005	0.5485646522110132
1.0	0.990079832936737	0.9607121372344466	0.9130584471265621	0.8489991386984445	0.7710527823701483	0.6822683587169336	0.5860951731571864	0.4862362922499532	0.38649204186697894	0.2906005228147188	0.20208219438841862	0.0	0.11045975850706076	0.21705253645037725	0.31607219945081405	0.4041272175798853	0.478280572427542	0.5361696836743336	0.5761011393413585	0.597116163872174	0.5990240906552593	0.5824025580242987	0.5485646522110103
1.0	0.9900798329367372	0.9607121372344469	0.9130584471265628	0.8489991386984457	0.7710527823701498	0.6822683587169358	0.5860951731571893	0.48623629224995635	0.38649204186698255	0.29060052281472243	0.2020821943884221	0.0	0.11045975850706032	0.21705253645037645	0.31607219945081294	0.40412721757988396	0.4782805724275406	0.5361696836743325	0.5761011393413578	0.5971161638721739	0.5990240906552597	0.5824025580243001	0.5485646522110122
1.0	0.9902072936267443	0.9612110696471692	0.9141407518687373	0.8508252348074627	0.7737151764241806	0.6857791095439224	0.5903780007676297	0.4911238330430778	0.3917284787103019	0.2958495326504847	0.20693987258661534	0.0	0.11047372306659066	0.2171631892089362	0.31643973084491517	0.4049790559305202	0.47989673749795103	0.5388645177929856	0.5802024098659199	0.6029426771354369	0.606863043910406	0.5924878777924388	0.5610575237297526
1.0	0.990179497986394	0.9611031786465651	0.9139100904550146	0.8504443522622536	0.7731762779585869	0.6850969631248393	0.5895910647090365	0.4902934700320837	0.3909362524472949	0.29519271593830354	0.2065254220797338	0.0	0.11047013746224212	0.2171348785472241	0.3163462589879235	0.40476424633407104	0.479493692752949	0.538201747223233	0.5792106278379064	0.6015617808140966	0.6050487571615674	0.5902175595028007	0.5583346836322084
1.0	0.9901794979863942	0.9611031786465658	0.9139100904550163	0.8504443522622563	0.7731762779585906	0.6850969631248444	0.5895910647090428	0.49029347003209073	0.39093625244730273	0.2951927159383115	0.20652542207974145	0.0	0.11047013746224121	0.21713487854722238	0.3163462589879211	0.4047642463340683	0.4794936927529463	0.5382017472232308	0.579210627837905	0.6015617808140964	0.6050487571615687	0.5902175595028037	0.5583346836322132
1.0	0.9901794979863942	0.9611031786465658	0.9139100904550163	0.8504443522622561	0.7731762779585906	0.6850969631248441	0.5895910647090424	0.49029347003209034	0.39093625244730235	0.29519271593831115	0.20652542207974117	0.0	0.11047013746224126	0.21713487854722244	0.31634625898792124	0.40476424633406843	0.4794936927529464	0.5382017472232308	0.5792106278379051	0.6015617808140965	0.6050487571615687	0.5902175595028039	0.5583346836322133
1.0	0.990179497986394	0.9611031786465651	0.9139100904550149	0.8504443522622542	0.7731762779585876	0.6850969631248403	0.5895910647090378	0.49029347003208495	0.39093625244729635	0.2951927159383048	0.2065254220797349	0.0	0.11047013746224198	0.21713487854722388	0.3163462589879232	0.40476424633407054	0.4794936927529487	0.5382017472232328	0.5792106278379064	0.6015617808140971	0.605048757161568	0.590217559502802	0.55833468363221
1.0	0.9904298682992413	0.9620800538049443	0.9160174071899898	0.8539710214866617	0.7782609761272209	0.6917029380845223	0.5974927443858338	0.4990759447562974	0.4000079153428192	0.30381053669207747	0.21383154514372477	0.0	0.11049946453681153	0.21736690966087752	0.31711499327427933	0.4065395904843778	0.48284632957630785	0.5437597871386308	0.5876107695875133	0.6133980724788869	0.6208222294593293	0.6102899888370465	0.5828895322493163
1.0	0.9904031018073348	0.9619760897265887	0.9157948916487048	0.8536029824770991	0.7777390584062384	0.6910402382279179	0.5967250066735093	0.4982609855307479	0.39922326023697385	0.303149374536714	0.21339721712194787	0.0	0.11049604082521745	0.21733986728103152	0.31702565363126967	0.4063340977843056	0.4824603271730444	0.5431241435003336	0.586657958402204	0.6120687608757217	0.619071605743432	0.6080933681780627	0.5802468153216863
1.0	0.9904031018073347	0.9619760897265879	0.9157948916487029	0.8536029824770958	0.7777390584062335	0.6910402382279116	0.5967250066735015	0.4982609855307389	0.3992232602369639	0.3031493745367039	0.21339721712193796	0.0	0.11049604082521865	0.21733986728103374	0.3170256536312727	0.4063340977843091	0.48246032717304776	0.5431241435003366	0.5866579584022058	0.6120687608757222	0.6190716057434302	0.6080933681780587	0.58024681532168
1.0	0.9904031018073345	0.9619760897265875	0.9157948916487022	0.8536029824770947	0.7777390584062319	0.6910402382279095	0.5967250066734986	0.4982609855307357	0.3992232602369605	0.3031493745367002	0.21339721712193432	0.0	0.11049604082521906	0.21733986728103452	0.3170256536312738	0.4063340977843103	0.48246032717304893	0.5431241435003376	0.5866579584022066	0.6120687608757222	0.6190716057434299	0.6080933681780575	0.5802468153216778
1.0	0.9904031018073345	0.9619760897265878	0.9157948916487025	0.8536029824770951	0.777739058406233	0.6910402382279106	0.5967250066735003	0.4982609855307375	0.39922326023696253	0.3031493745367022	0.21339721712193624	0.0	0.11049604082521884	0.21733986728103408	0.31702565363127316	0.4063340977843097	0.4824603271730483	0.5431241435003371	0.5866579584022062	0.6120687608757223	0.6190716057434302	0.6080933681780585	0.5802468153216792
1.0	0.9907647695473447	0.9633863106113937	0.9188335976625513	0.8586796973393446	0.7850407251965527	0.7004938935182717	0.6079779809699575	0.5106802613982544	0.41191446640674123	0.31499470228613224	0.22311038250345713	0.0	0.1105391620582674	0.217681001002551	0.3181556550217512	0.40894309860692574	0.48738555578647674	0.5512854888485191	0.5989852968223875	0.6294256139377681	0.642179981046147	0.6374646351367205	0.6161231824568527
1.0	0.9907403298196193	0.9632912252964636	0.9186294969212224	0.858340666607754	0.7845570556445763	0.6998746906529173	0.6072524277238193	0.5098974143470311	0.411141554299432	0.31431398968522795	0.2226147526481632	0.0	0.1105361174692939	0.21765693415127724	0.31807604009273455	0.4087596296269378	0.4870400761847135	0.55071483018353	0.5981267134243362	0.6282224576738465	0.6405872387770298	0.6354539521325944	0.6136870182776422
1.0	0.9907403298196193	0.9632912252964635	0.9186294969212223	0.8583406666077539	0.784557055644576	0.6998746906529169	0.6072524277238186	0.5098974143470303	0.4111415542994312	0.314313989685227	0.22261475264816225	0.0	0.110536117469294	0.21765693415127743	0.31807604009273477	0.40875962962693807	0.4870400761847139	0.5507148301835304	0.5981267134243365	0.6282224576738467	0.6405872387770302	0.6354539521325945	0.6136870182776417
1.0	0.9907403298196191	0.9632912252964628	0.9186294969212205	0.8583406666077511	0.7845570556445719	0.6998746906529113	0.6072524277238118	0.5098974143470222	0.4111415542994223	0.31431398968521745	0.22261475264815264	0.0	0.11053611746929504	0.2176569341512794	0.31807604009273754	0.4087596296269413	0.4870400761847172	0.5507148301835333	0.5981267134243387	0.6282224576738478	0.6405872387770294	0.6354539521325918	0.6136870182776373
1.0	0.9907403298196193	0.9632912252964634	0.9186294969212218	0.858340666607753	0.7845570556445749	0.6998746906529152	0.6072524277238166	0.509897414347028	0.4111415542994286	0.3143139896852242	0.22261475264815944	0.0	0.11053611746929429	0.21765693415127801	0.31807604009273566	0.408759629626939	0.48704007618471495	0.5507148301835312	0.5981267134243371	0.6282224576738472	0.6405872387770299	0.6354539521325938	0.6136870182776407
1.0	0.9911889161349684	0.9650413664428558	0.9224043034628842	0.8646558477207099	0.7936563917761611	0.7116827038249621	0.6213474711747916	0.5255072582888186	0.42716227512322674	0.3293516433439236	0.23504799987976646	0.0	0.11058938759323123	0.21807855928893277	0.3194737927807656	0.4119904759572594	0.49314811570727485	0.5608542948215588	0.6134745490429964	0.6498856658641142	0.6695105291794288	0.6723333253912679	0.6588946604446047
1.0	0.9911678813772502	0.9649593226789662	0.9222274308275394	0.8643601528076039	0.7932307583198794	0.7111311218694887	0.6206902900491755	0.5247813630169649	0.42642014626235153	0.3286593235431797	0.2344820533738642	0.0	0.1105868796299762	0.21805871171131036	0.3194080095163691	0.41183846911612615	0.49286086311426536	0.560377709811982	0.6127536467883946	0.6488689789031468	0.6681545064579903	0.6706064450442439	0.6567809971319919
1.0	0.99116788137725	0.9649593226789654	0.922227430827538	0.8643601528076011	0.7932307583198754	0.7111311218694832	0.6206902900491689	0.524781363016957	0.4264201462623424	0.32865932354317007	0.23448205337385414	0.0	0.1105868796299773	0.21805871171131247	0.31940800951637194	0.4118384691161296	0.49286086311426897	0.5603777098119852	0.6127536467883974	0.6488689789031485	0.6681545064579908	0.6706064450442428	0.6567809971319888
1.0	0.99116788137725	0.9649593226789658	0.9222274308275383	0.8643601528076017	0.7932307583198764	0.7111311218694844	0.6206902900491702	0.5247813630169588	0.4264201462623445	0.32865932354317223	0.23448205337385644	0.0	0.11058687962997707	0.21805871171131197	0.3194080095163713	0.41183846911612876	0.492860863114268	0.5603777098119844	0.6127536467883965	0.648868978903148	0.6681545064579905	0.6706064450442427	0.656780997131989
1.0	0.99116788137725	0.9649593226789656	0.9222274308275382	0.8643601528076017	0.7932307583198762	0.7111311218694846	0.6206902900491703	0.5247813630169589	0.42642014626234453	0.32865932354317245	0.23448205337385672	0.0	0.11058687962997703	0.21805871171131194	0.31940800951637116	0.41183846911612865	0.49286086311426786	0.5603777098119841	0.6127536467883964	0.6488689789031479	0.6681545064579902	0.6706064450442423	0.6567809971319887
1.0	0.9916686540250925	0.9669156823611804	0.9264566615259878	0.8714590617547155	0.8035053785251554	0.7245432215858764	0.6368239973360819	0.54283219181772	0.44520756556972946	0.3466627980447034	0.24989926073575638	0.0	0.11064525794230734	0.21852114782953552	0.3209431700865964	0.4153938214583837	0.4995993327691156	0.5715985464584139	0.6298017250540348	0.6730374161710524	0.700585895831046	0.7121981564345161	0.7080998835364798
1.0	0.9917122217468427	0.9670860403691358	0.9268255015532464	0.8720795405002504	0.8044061045639624	0.7257235645136063	0.6382509883929447	0.5444392104406882	0.4468949218979052	0.34830023107579294	0.25133027960436555	0.0	0.11065027868693823	0.218560942263956	0.3210754059822073	0.4157004952403344	0.5001816113757718	0.5725702914218244	0.6312820196455965	0.6751424686238335	0.7034207269136424	0.7158484963241007	0.7126247001381188
1.0	0.9917122217468427	0.967086040369135	0.926825501553245	0.8720795405002482	0.8044061045639591	0.725723564513602	0.638250988392939	0.5444392104406812	0.4468949218978972	0.3483002310757839	0.25133027960435605	0.0	0.11065027868693916	0.21856094226395786	0.32107540598220985	0.4157004952403374	0.5001816113757752	0.5725702914218276	0.6312820196455995	0.6751424686238358	0.7034207269136438	0.7158484963241004	0.7126247001381171
1.0	0.9917715181367511	0.9673179951895154	0.9273280602627177	0.8729258602920082	0.8056364976741572	0.727339196359907	0.6402096887386478	0.5466536570479356	0.44923334462794323	0.35058966500360583	0.25336227369608827	0.0	0.11065703721389729	0.21861451606963098	0.3212534623013691	0.4161135383727608	0.500966115040812	0.5738800732019448	0.633278282175009	0.6779830014582773	0.7072488100472498	0.7207820688613761	0.7187463544973567
1.0	0.9917122217468427	0.9670860403691354	0.9268255015532457	0.8720795405002495	0.8044061045639609	0.7257235645136043	0.6382509883929421	0.544439210440685	0.44689492189790164	0.3483002310757887	0.25133027960436133	0.0	0.11065027868693862	0.21856094226395684	0.3210754059822084	0.4157004952403357	0.5001816113757733	0.5725702914218257	0.6312820196455977	0.6751424686238344	0.7034207269136428	0.7158484963241002	0.7126247001381175
1.0	0.9918924531699731	0.9677911063429676	0.9283532488382447	0.8746525938520977	0.8081473298528532	0.7306367794649318	0.6442080001652121	0.5511739690926294	0.4540052505584337	0.3552572414348849	0.2574952203996836	0.0	0.11067085595817644	0.2187240721266777	0.3216176737948965	0.4169587182241816	0.5025721368876452	0.5765629677464733	0.6373700983556033	0.6838099050879527	0.7151084882502811	0.73092155734926	0.7313414040090307
1.0	0.9918772474680633	0.9677315289137894	0.9282238064639807	0.8744337064308267	0.8078272682599875	0.7302131993518495	0.6436889884491787	0.5505785421378865	0.45336326821841666	0.3546087281397408	0.2568891121672802	0.0	0.11066919702608079	0.2187109159525122	0.3215739143195012	0.41685709571576174	0.5023788426255147	0.5762396628536606	0.636876250121899	0.6831053281707682	0.7141559671511358	0.7296894210497603	0.729805923892744
1.0	0.9918772474680633	0.9677315289137897	0.9282238064639811	0.8744337064308275	0.8078272682599886	0.7302131993518509	0.6436889884491805	0.5505785421378887	0.45336326821841927	0.35460872813974376	0.25688911216728333	0.0	0.11066919702608047	0.21871091595251158	0.32157391431950033	0.41685709571576063	0.5023788426255136	0.5762396628536595	0.6368762501218979	0.6831053281707673	0.7141559671511352	0.72968942104976	0.7298059238927443
1.0	0.9918772474680634	0.9677315289137899	0.9282238064639814	0.874433706430828	0.8078272682599896	0.7302131993518522	0.6436889884491822	0.5505785421378909	0.4533632682184216	0.35460872813974637	0.25688911216728594	0.0	0.11066919702608022	0.21871091595251113	0.3215739143194997	0.41685709571575985	0.5023788426255128	0.5762396628536587	0.6368762501218974	0.6831053281707671	0.7141559671511354	0.7296894210497606	0.7298059238927453
1.0	0.9918772474680633	0.9677315289137893	0.9282238064639804	0.8744337064308266	0.8078272682599871	0.7302131993518489	0.6436889884491781	0.5505785421378857	0.45336326821841577	0.3546087281397398	0.2568891121672791	0.0	0.11066919702608091	0.2187109159525124	0.32157391431950155	0.41685709571576207	0.5023788426255152	0.5762396628536611	0.6368762501218993	0.6831053281707685	0.7141559671511362	0.7296894210497603	0.729805923892744
1.0	0.9921713168864108	0.9688832084309076	0.9307240443913161	0.8786564193726158	0.8139906572141652	0.7383487749355485	0.6536199273152096	0.5619085936483091	0.4654769723298247	0.3666832107818632	0.26791721327001683	0.0	0.11070202618323063	0.21897130937471895	0.3224402511623303	0.41886971697175784	0.5062087569536803	0.5826490584738884	0.6466726109613548	0.697091258025776	0.7330770436485491	0.7541825221475452	0.7603504878900321
1.0	0.9920527991634903	0.9684189295043196	0.9297156705745842	0.8769522656539759	0.8115011916500698	0.735059126051942	0.6495987571408721	0.5573128513453046	0.4605522169769511	0.36175937989563967	0.263399908706885	0.0	0.11068883589798352	0.21886666760826243	0.3220919967950331	0.41806032046068475	0.5046676476185019	0.5800682047279389	0.6427246640325522	0.6914494508312455	0.7254359502308395	0.7442787330905375	0.7479822456575395
1.0	0.9921061103483348	0.9686277045298236	0.9301688682729861	0.8777175638473267	0.8126179317534334	0.7365326409385595	0.6513963753981377	0.5593618000577208	0.4627395643342675	0.36393407144362094	0.265376860413738	0.0	0.11069481443748354	0.21891409143322854	0.3222497961230197	0.41842697113889854	0.5053655125435774	0.5812363864482699	0.6445106883387846	0.6940001560357495	0.7288879964610475	0.7487491685827037	0.7535595717029973
1.0	0.9921061103483348	0.9686277045298236	0.9301688682729855	0.8777175638473259	0.8126179317534321	0.7365326409385575	0.6513963753981354	0.5593618000577181	0.4627395643342643	0.36393407144361734	0.26537686041373415	0.0	0.11069481443748391	0.21891409143322926	0.3222497961230208	0.4184269711388998	0.5053655125435789	0.5812363864482714	0.6445106883387859	0.6940001560357508	0.7288879964610484	0.7487491685827043	0.7535595717029973
1.0	0.9921061103483351	0.9686277045298239	0.9301688682729864	0.8777175638473274	0.8126179317534342	0.7365326409385604	0.6513963753981392	0.5593618000577226	0.4627395643342694	0.363934071443623	0.26537686041374015	0.0	0.11069481443748334	0.21891409143322815	0.3222497961230192	0.41842697113889804	0.5053655125435768	0.5812363864482694	0.6445106883387841	0.6940001560357495	0.7288879964610478	0.7487491685827043	0.7535595717029986
1.0	0.9926959021352608	0.9709406453540257	0.9352016502924472	0.8862457408045654	0.8251211368057864	0.7531328538430542	0.6718121011683756	0.5828804142137509	0.488209383611487	0.38977694821273534	0.28962130137858333	0.0	0.11075928195461106	0.21942585037303755	0.3239547585955035	0.42239545427843855	0.5129361555403724	0.5939449184430711	0.6640064185026527	0.7219535726189618	0.7668932526062657	0.7982254843639821	0.815655684163031
1.0	0.9925910872581774	0.9705292613847938	0.9343052568962315	0.8847237222337536	0.8228837014746379	0.7501519905052046	0.6681300288880243	0.5786151488104062	0.48355714208126993	0.38501122165809754	0.28508854275013684	0.0	0.11074795692727908	0.21933589979463017	0.3236548045869629	0.4216963719641676	0.5116002824020934	0.5916978096627291	0.6605507213020452	0.7169845125274492	0.7601151610789768	0.7893687523781107	0.8044935019076901
1.0	0.9925910872581775	0.9705292613847939	0.9343052568962321	0.8847237222337545	0.8228837014746392	0.7501519905052065	0.6681300288880268	0.5786151488104094	0.48355714208127365	0.38501122165810164	0.28508854275014156	0.0	0.11074795692727864	0.21933589979462928	0.32365480458696166	0.4216963719641661	0.5116002824020917	0.5916978096627274	0.6605507213020434	0.7169845125274477	0.7601151610789755	0.7893687523781099	0.8044935019076901
1.0	0.9925910872581775	0.9705292613847942	0.9343052568962323	0.8847237222337552	0.82288370147464	0.7501519905052075	0.668130028888028	0.5786151488104108	0.4835571420812753	0.3850112216581036	0.2850885427501436	0.0	0.11074795692727844	0.21933589979462895	0.3236548045869611	0.4216963719641655	0.5116002824020909	0.5916978096627264	0.6605507213020425	0.716984512527447	0.7601151610789749	0.7893687523781096	0.8044935019076901
1.0	0.9924890104600159	0.9701289147511784	0.9334339972354162	0.8832470618002999	0.8207183130661212	0.747276552339585	0.6645934268243231	0.5745416483636312	0.47914825202589884	0.3805440911671126	0.280910860958562	0.0	0.11073674744668913	0.21924689646016235	0.3233581739561706	0.4210055759448098	0.5102815837163506	0.5894823768799918	0.6571488709278137	0.7121015404631693	0.753468149437964	0.7807036925238479	0.793602052350061
1.0	0.9934420814478842	0.9738715566560153	0.9415963488354736	0.8971237968977669	0.8411519654760535	0.774557696271213	0.6983816133011544	0.6138103486975613	0.5221563049258413	0.4248353128109655	0.3233425817486266	0.0	0.110839256180553	0.22006141974832538	0.3260761872524372	0.4273463639371168	0.5224132524695225	0.6099206664351927	0.6886371489158092	0.7574760087460303	0.8155128262795645	0.8620001259637011	0.8963789638970165
1.0	0.9934375132869969	0.973853578011881	0.9415569903369403	0.8970565141676872	0.8410521470938506	0.7744231116168178	0.6982127857896627	0.6136108418395089	0.5219329109050738	0.4245981358064005	0.32310501097667726	0.0	0.11083879033710622	0.22005771446010522	0.3260638019831543	0.4273174016226193	0.5223576678864108	0.6098266640405129	0.6884916591655421	0.7572652296696915	0.8152228151849503	0.8616174246176361	0.8958912394140037
1.0	0.9934375132869969	0.973853578011881	0.9415569903369403	0.8970565141676868	0.8410521470938506	0.7744231116168174	0.6982127857896625	0.6136108418395085	0.5219329109050733	0.4245981358064002	0.3231050109766769	0.0	0.11083879033710627	0.22005771446010525	0.32606380198315443	0.4273174016226194	0.5223576678864109	0.609826664040513	0.6884916591655422	0.7572652296696915	0.8152228151849503	0.8616174246176364	0.8958912394140037
1.0	0.9934375132869969	0.9738535780118808	0.94155699033694	0.8970565141676863	0.8410521470938493	0.7744231116168157	0.6982127857896602	0.6136108418395058	0.5219329109050699	0.4245981358063961	0.3231050109766722	0.0	0.1108387903371067	0.2200577144601061	0.32606380198315565	0.42731740162262094	0.5223576678864127	0.6098266640405149	0.6884916591655443	0.7572652296696935	0.815222815184952	0.8616174246176378	0.8958912394140046
1.0	0.9934375132869971	0.973853578011881	0.9415569903369404	0.8970565141676872	0.8410521470938506	0.7744231116168178	0.6982127857896628	0.613610841839509	0.5219329109050738	0.4245981358064006	0.3231050109766773	0.0	0.11083879033710622	0.22005771446010525	0.32606380198315443	0.4273174016226193	0.5223576678864109	0.609826664040513	0.6884916591655423	0.7572652296696918	0.8152228151849503	0.8616174246176365	0.8958912394140042
1.0	0.9937587217647477	0.9751165331338353	0.9443172575714547	0.9017635674564329	0.8480114890806183	0.7837628189979036	0.7098555591513408	0.6272525061835471	0.5370281563328401	0.44035411095574584	0.3384831886525558	0.0	0.11087281852250774	0.22032834204269647	0.3269682268330976	0.4294317678728006	0.5264140623974369	0.6166833970814656	0.6990976175552436	0.7726192536175451	0.8363291914145334	0.8894387047530098	0.9312996812893313
1.0	0.9937554529882185	0.9751037100660821	0.9442893424734965	0.9017162412961259	0.8479420818216256	0.7836706844463924	0.7097423809776948	0.6271225235034832	0.5368882993092843	0.4402140392226566	0.3383552279115036	0.0	0.11087244806626148	0.22032539770083862	0.32695839770428564	0.42940882479132136	0.5263701350407045	0.6166093311105716	0.6989834015917478	0.772454503772135	0.8361036792886453	0.8891429133772707	0.9309253723796764
1.0	0.9937554529882185	0.9751037100660825	0.9442893424734975	0.9017162412961276	0.8479420818216282	0.783670684446396	0.7097423809776997	0.6271225235034893	0.5368882993092917	0.4402140392226653	0.33835522791151346	0.0	0.11087244806626055	0.22032539770083676	0.326958397704283	0.42940882479131787	0.5263701350407006	0.6166093311105674	0.6989834015917433	0.7724545037721305	0.8361036792886413	0.889142913377267	0.9309253723796739
1.0	0.9937554529882185	0.9751037100660824	0.9442893424734972	0.9017162412961272	0.8479420818216274	0.7836706844463951	0.7097423809776983	0.6271225235034876	0.5368882993092896	0.44021403922266283	0.33835522791151074	0.0	0.11087244806626081	0.22032539770083726	0.32695839770428364	0.4294088247913188	0.5263701350407016	0.6166093311105685	0.6989834015917444	0.7724545037721319	0.8361036792886423	0.8891429133772679	0.9309253723796744
1.0	0.9937554529882185	0.9751037100660828	0.9442893424734976	0.901716241296128	0.8479420818216291	0.7836706844463973	0.709742380977701	0.6271225235034912	0.5368882993092939	0.4402140392226679	0.33835522791151645	0.0	0.11087244806626026	0.2203253977008362	0.32695839770428214	0.42940882479131687	0.5263701350406994	0.616609331110566	0.698983401591742	0.7724545037721293	0.83610367928864	0.8891429133772659	0.9309253723796727
1.0	0.9936323746132816	0.9746203827338327	0.9432352683289745	0.8999244315319055	0.8453044993922727	0.7801517844547319	0.7053902874274676	0.6220774402477592	0.5313878225570644	0.4345951173426569	0.33305259973471296	0.0	0.11085890160276186	0.22021769956570714	0.3265986856427638	0.42856858435334655	0.5247598803049784	0.6138910953257732	0.694785692837592	0.766389309854549	0.827785044930962	0.8782065628254698	0.917048813034342
1.0	0.993628055323798	0.9746034413621845	0.9431983977210119	0.8998619451882042	0.8452128994992285	0.7800302523656703	0.7052410781908431	0.621906165464931	0.5312036089934487	0.4344106322340156	0.3328839375359081	0.0	0.11085841311397956	0.22021381795035452	0.3265857322464263	0.4285383637881629	0.5247020565800022	0.6137936753583734	0.6946356025287977	0.7661730449493206	0.8274893763906515	0.8778192744820105	0.9165594479286401
1.0	0.9936280553237982	0.9746034413621846	0.9431983977210119	0.8998619451882045	0.8452128994992287	0.7800302523656705	0.7052410781908435	0.6219061654649317	0.5312036089934493	0.4344106322340164	0.33288393753590906	0.0	0.11085841311397948	0.22021381795035436	0.326585732246426	0.42853836378816257	0.5247020565800018	0.6137936753583729	0.6946356025287972	0.7661730449493201	0.8274893763906508	0.87781927448201	0.9165594479286396
1.0	0.9936280553237982	0.9746034413621845	0.9431983977210119	0.8998619451882042	0.8452128994992284	0.7800302523656703	0.7052410781908433	0.6219061654649312	0.5312036089934487	0.4344106322340157	0.33288393753590834	0.0	0.11085841311397952	0.2202138179503545	0.3265857322464262	0.42853836378816274	0.524702056580002	0.6137936753583733	0.6946356025287976	0.7661730449493203	0.8274893763906511	0.87781927448201	0.9165594479286399
1.0	0.993628055323798	0.9746034413621841	0.943198397721011	0.8998619451882026	0.8452128994992258	0.7800302523656667	0.7052410781908386	0.6219061654649254	0.5312036089934418	0.43441063223400755	0.3328839375358989	0.0	0.11085841311398043	0.22021381795035622	0.32658573224642873	0.4285383637881659	0.5247020565800058	0.6137936753583774	0.6946356025288019	0.7661730449493246	0.8274893763906549	0.8778192744820135	0.9165594479286423
1.0	0.9930735372741405	0.9724262220217184	0.9384514514061809	0.891795544577004	0.8333439461191497	0.7642023411080159	0.6856731003475071	0.5992275776195984	0.5064748722801303	0.4091277482429613	0.3089664625615199	0.0	0.11079769448727153	0.21973122803934522	0.32497465910513	0.424777649065943	0.5175011928183414	0.6016509162508523	0.6759072149090497	0.7391515787931552	0.7904885334988546	0.8292627258673257	0.8550707907404049
1.0	0.9930448432506414	0.972313495603591	0.9382054280202596	0.8913768342602622	0.832726470006761	0.7633762741255047	0.6846472063094006	0.5980308422746895	0.5051573622660775	0.40776064874831963	0.3076412729952131	0.0	0.1107946461790363	0.21970700402874738	0.3248938110704023	0.42458899376176273	0.5171401245825553	0.6010423684943876	0.6749691709578675	0.7377990133939395	0.7886376508895874	0.826835349034967	0.8519987497040121
1.0	0.9930232221424029	0.9722285792460537	0.9380201875876036	0.8910617886581655	0.8322623032226745	0.7627560665281885	0.6838781914752997	0.5971356164014373	0.5041744911621994	0.4067446372126855	0.3066618825098287	0.0	0.11079233526997705	0.21968864244606146	0.3248325431271297	0.4244460741841251	0.5168667053096588	0.6005817845488377	0.6742596465555155	0.7367766944989167	0.7872398584120128	0.8250039382012994	0.8496834560913861
1.0	0.9930097785640933	0.9721757901139224	0.9379050688733148	0.8908660954968588	0.8319741693034578	0.7623713973852707	0.6834017555473153	0.5965817877533233	0.5035676093644861	0.40611896268552	0.30606113926285095	0.0	0.11079089237490354	0.21967717885450846	0.32479429811702704	0.42435688013797374	0.5166961178486658	0.6002945273015274	0.6738173199055548	0.7361396880932022	0.7863693995734701	0.8238642029324467	0.8482436662590866
1.0	0.9930052167488732	0.9721578789214816	0.9378660160209085	0.8907997248429733	0.8318764792128002	0.7622410345287158	0.6832403848892515	0.5963943429514398	0.5033624118228451	0.4059077019345602	0.30585871205006904	0.0	0.1107904017142512	0.219673280815981	0.324781294476193	0.4243265568412321	0.5166381318273546	0.6001969007995913	0.6736670248452912	0.7359232997130464	0.7860737959511189	0.8234772851428248	0.8477550728733374
1.0	0.9930097785640934	0.9721757901139227	0.9379050688733158	0.8908660954968605	0.8319741693034601	0.7623713973852742	0.6834017555473199	0.5965817877533288	0.5035676093644926	0.40611896268552766	0.3060611392628596	0.0	0.11079089237490267	0.2196771788545068	0.3247942981170246	0.42435688013797074	0.5166961178486623	0.6002945273015236	0.6738173199055508	0.7361396880931984	0.7863693995734666	0.8238642029324439	0.8482436662590846
1.0	0.9930232221424029	0.9722285792460537	0.9380201875876039	0.8910617886581659	0.8322623032226745	0.7627560665281885	0.6838781914753	0.5971356164014378	0.5041744911621998	0.40674463721268594	0.30666188250982923	0.0	0.110792335269977	0.21968864244606137	0.32483254312712956	0.42444607418412494	0.5168667053096587	0.6005817845488376	0.6742596465555154	0.7367766944989165	0.7872398584120128	0.8250039382012994	0.8496834560913862
1.0	0.9930448432506414	0.9723134956035908	0.9382054280202593	0.8913768342602617	0.83272647000676	0.7633762741255036	0.6846472063093991	0.5980308422746876	0.5051573622660752	0.4077606487483171	0.30764127299521027	0.0	0.11079464617903655	0.21970700402874788	0.324893811070403	0.42458899376176357	0.5171401245825562	0.6010423684943885	0.6749691709578682	0.7377990133939403	0.7886376508895877	0.8268353490349671	0.8519987497040118
1.0	0.99214581591087	0.9687903878232684	0.9305490922251075	0.8784277471687614	0.8137935137701299	0.738335370676997	0.654015330329186	0.5630118390413094	0.4676570331146402	0.3703697034741275	0.2735859463726933	0.0	0.11069333810188474	0.2189027675987159	0.32221428986309414	0.4183516743099858	0.5052402736670495	0.5810649258044908	0.644320247317251	0.6938518502300389	0.7288872829414339	0.7490558017637206	0.7543964110172047
1.0	0.9917941639543946	0.9674146087202142	0.9275676757986597	0.873405786166464	0.8064910588285051	0.728746030293879	0.6423930636684103	0.5498843997715195	0.45382510284529454	0.3568913802855839	0.26174690204626383	0.0	0.11065279376299073	0.21858123902320278	0.3211448910145701	0.4158684274195727	0.5005175841272385	0.5731673814537062	0.6322604642370034	0.6766536996942513	0.7056515574179293	0.7190252239616055	0.7170168661490329
1.0	0.9914191121665246	0.9659489996698657	0.924397937172567	0.868082117841255	0.7987803993199274	0.7186731920061407	0.6302676374324185	0.5363117047871176	0.43970022040261775	0.34337612470050444	0.25023041375824057	0.0	0.1106087954862459	0.21823256045975295	0.31998653089239887	0.41318297990877184	0.49542112059058097	0.5646670119853582	0.6193206931603044	0.6582682219328962	0.6809168285814877	0.6872119913377764	0.6776358785030587
1.0	0.9915123849530719	0.9663127637383784	0.9251819655070868	0.8693922000963915	0.8006643510878858	0.7211102509547993	0.6331619170076719	0.5394901724953072	0.44291543888054485	0.3463137505050951	0.25252120246575666	0.0	0.11062020801356663	0.218322937305194	0.3202864107379372	0.4138769984742201	0.49673526430689086	0.5668526898997921	0.6226364758001032	0.6629602292298444	0.6871988350837255	0.6952463513414844	0.6875163543107737
1.0	0.9916183880789178	0.9667266736908838	0.9260759341316835	0.8708906189691785	0.8028284907596465	0.7239264279527624	0.636533899325245	0.5432363297848114	0.44677091305328565	0.34993767628957645	0.25550875678990875	0.0	0.11063286434705015	0.21842321003715645	0.32061938317149796	0.4146484476321512	0.4981981158060923	0.5692900453660997	0.6263420803975386	0.6682173862954036	0.6942588676360746	0.7043077517773506	0.698705751570573
1.0	0.9917360631239716	0.9671866032918277	0.9270709547625391	0.8725625316150676	0.8052514826001256	0.7270941173674687	0.640350746059789	0.5475139495563897	0.4512296068410979	0.354213238955436	0.2591643781869994	0.0	0.11064664317087876	0.2185324197889714	0.32098227689565334	0.41549002203233953	0.4997959271252855	0.5719563907556333	0.6304034194982635	0.6739920213023578	0.7020339982632017	0.7143170696359316	0.7111087339951699
1.0	0.9918641754246214	0.9676877211348824	0.9281565525566072	0.8743902777820701	0.8079076026169888	0.7305794350035939	0.6445711673034553	0.5522759553602025	0.4562410958403075	0.3590898191030942	0.26344095694941094	0.0	0.11066141372822347	0.21864953143681484	0.3213716592606988	0.41639378417225975	0.5015136857326586	0.5748267949209317	0.6347827439507159	0.6802308459786048	0.7104530942825769	0.72518366565612	0.7246143398204371
1.0	0.9920013000834805	0.9682244384141346	0.9293205622621504	0.8763532279941671	0.8107665641143592	0.734342070742419	0.6491453758511521	0.5574645748847958	0.4617420365203688	0.3645017554382335	0.268274466953382	0.0	0.11067703208870504	0.21877340419153912	0.3217837395144813	0.41735094316652616	0.5033347021264217	0.5778734104624671	0.6394376458305759	0.6868735828200102	0.7194350377488149	0.7368031884753735	0.739093390900195
1.0	0.9914276915764945	0.9659815306412782	0.9244645694008622	0.8681847473905523	0.7989102854289851	0.7188094271133797	0.6303766250591448	0.5363477394758926	0.43960719677419324	0.3430903323959636	0.24968430530611968	0.0	0.11061047716575892	0.21824580368212446	0.3200300589499567	0.4132823541237911	0.49560589722594683	0.5649672493951261	0.6197630434874414	0.6588718751400122	0.6816895952029828	0.6881468128358177	0.6787080400742238
1.0	0.9913673735731235	0.9657451301006544	0.9239506899440103	0.8673151299218046	0.7976374016442456	0.7171225030859834	0.6283057725651042	0.5339659597466526	0.43703011965221567	0.3404736591124116	0.24721903067631001	0.0	0.11060393994274056	0.21819395467144292	0.3198575700654334	0.4128816803816746	0.49484352270764165	0.5636915446912748	0.6178133584046973	0.6560884288662532	0.6779236841184639	0.683270835686952	0.6726248423254461
1.0	0.9913234200530536	0.9655728845581798	0.9235763369518556	0.8666817924851224	0.7967106856706132	0.7158948795948503	0.6267995602193912	0.5322347354840634	0.43515845874327636	0.3385751846139118	0.2454328324825327	0.0	0.11059917175088065	0.21815613976807346	0.31973178754331477	0.41258956055159274	0.4942878443975398	0.5627620142579395	0.616393290280238	0.6540620019181876	0.6751834173114545	0.6797249119530927	0.6682039119279816
1.0	0.9912966911527392	0.9654681473292412	0.9233487347362983	0.8662968039904935	0.796147501785094	0.7151490654771945	0.6258848571909411	0.5311838976710404	0.43402306498300824	0.33742441480946783	0.2443512471807706	0.0	0.11059626990624837	0.21813312764863524	0.31965525095206837	0.41241183623089567	0.49394983574271756	0.5621967289026684	0.6155299265528775	0.6528303831854032	0.6735185544266208	0.6775714653103361	0.6655203264425857
1.0	0.9912877211187111	0.9654329997013031	0.9232723615417806	0.8661676318874374	0.795958566221914	0.7148989036092314	0.6255781105433966	0.5308315892384037	0.43364253089324845	0.33703888716295166	0.24398910145555278	0.0	0.11059529565452653	0.21812540191433563	0.31962955710882945	0.412352177473205	0.4938363835243561	0.5620070142003883	0.6152402154395248	0.6524171687559316	0.6729600907990698	0.6768492665253794	0.6646205537618718
1.0	0.9912966911527392	0.9654681473292416	0.923348734736299	0.8662968039904946	0.7961475017850954	0.7151490654771967	0.6258848571909438	0.5311838976710436	0.434023064983012	0.33742441480947183	0.24435124718077492	0.0	0.11059626990624792	0.21813312764863438	0.31965525095206715	0.4124118362308941	0.493949835742716	0.5621967289026668	0.6155299265528761	0.6528303831854021	0.6735185544266203	0.6775714653103363	0.6655203264425865
1.0	0.9913234200530537	0.9655728845581805	0.9235763369518569	0.8666817924851244	0.7967106856706161	0.7158948795948542	0.6267995602193962	0.5322347354840692	0.4351584587432829	0.33857518461391894	0.2454328324825401	0.0	0.11059917175087988	0.21815613976807197	0.3197317875433128	0.41258956055159035	0.49428784439753726	0.5627620142579373	0.6163932902802363	0.6540620019181865	0.6751834173114545	0.679724911953094	0.6682039119279842
1.0	0.9913673735731234	0.9657451301006547	0.9239506899440105	0.8673151299218047	0.7976374016442459	0.7171225030859837	0.6283057725651048	0.5339659597466532	0.4370301196522163	0.34047365911241223	0.24721903067631074	0.0	0.11060393994274051	0.21819395467144279	0.31985757006543325	0.4128816803816745	0.4948435227076416	0.5636915446912748	0.6178133584046973	0.6560884288662533	0.6779236841184642	0.6832708356869523	0.6726248423254468
1.0	0.9907264182079852	0.9632449299893807	0.9185600056904514	0.8583019586401722	0.7846630837372729	0.7003118633620534	0.6082886759822823	0.511887180311018	0.4145261161873071	0.31961663958201375	0.23043047822696505	0.0	0.11052669024481988	0.21758237589212906	0.3178292171213521	0.4081904148785102	0.4859677227674718	0.5489439377783738	0.595466318752599	0.6245076504636656	0.6357025718555643	0.629357782643927	0.606435792629102
1.0	0.9906513234139624	0.9629514791600167	0.9179253065972859	0.8572357031039092	0.783117793639072	0.6982905308068936	0.6058493022653336	0.5091438874480566	0.411646692810069	0.3168165802546206	0.22796377147225874	0.0	0.11051809866650382	0.2175143394517058	0.31760346818562096	0.407667955632089	0.484978377354546	0.5472982313832125	0.5929690072244086	0.6209721243592202	0.6309653000775806	0.6232919465289001	0.5989632924686177
1.0	0.9905967958035883	0.9627384343873985	0.917464644158895	0.856462127882994	0.7819972757492647	0.6968258393370099	0.6040832492457443	0.5071600448476612	0.4095674858290358	0.31479880725075887	0.2261917468143914	0.0	0.11051184843529696	0.21746484973762575	0.31743928987499953	0.4072880942378111	0.484259311676455	0.5461026336962265	0.5911556620565251	0.618406469462456	0.6275299706098171	0.6188966942112899	0.593553676306103
1.0	0.9905637166406842	0.9626092057565263	0.9171852704864054	0.8559931174855594	0.7813181749960927	0.6959385838713626	0.6030141099543322	0.5059600245861131	0.40831110979729146	0.31358134077587496	0.22512496431878729	0.0	0.11050805156244942	0.21743478826613571	0.3173395765885307	0.4070574298064892	0.4838227777567932	0.5453770233011707	0.590055537045621	0.6168505900005928	0.6254477156350204	0.6162340868433811	0.5902786441510278
1.0	0.9905526290770095	0.9625658931403832	0.917091644350238	0.8558359616216922	0.7810906667335544	0.6956414163491789	0.6026561405870706	0.5055584014440326	0.4078908570369654	0.31317441499740634	0.22476882415417845	0.0	0.11050677800647125	0.21742470539020503	0.3173061341890093	0.40698007575566797	0.48367640306363985	0.5451337557142553	0.589686778367939	0.6163291771273284	0.6247500766806662	0.6153422621012712	0.5891820471676243
1.0	0.9905637166406845	0.9626092057565269	0.9171852704864071	0.8559931174855623	0.7813181749960968	0.695938583871368	0.603014109954339	0.505960024586121	0.4083111097973001	0.31358134077588395	0.22512496431879633	0.0	0.11050805156244838	0.21743478826613374	0.31733957658852807	0.40705742980648607	0.4838227777567901	0.545377023301168	0.5900555370456191	0.6168505900005921	0.6254477156350212	0.616234086843384	0.5902786441510327
1.0	0.9905967958035885	0.9627384343873991	0.9174646441588961	0.8564621278829959	0.7819972757492676	0.6968258393370136	0.6040832492457487	0.5071600448476664	0.40956748582904157	0.31479880725076487	0.22619174681439735	0.0	0.11051184843529628	0.21746484973762445	0.31743928987499787	0.4072880942378091	0.4842593116764529	0.5461026336962247	0.5911556620565238	0.6184064694624556	0.6275299706098177	0.6188966942112919	0.5935536763061063
1.0	0.9906513234139624	0.9629514791600163	0.9179253065972852	0.857235703103908	0.7831177936390702	0.6982905308068914	0.6058493022653307	0.5091438874480534	0.4116466928100653	0.31681658025461684	0.22796377147225502	0.0	0.11051809866650422	0.2175143394517066	0.31760346818562196	0.40766795563209013	0.4849783773545471	0.5472982313832134	0.5929690072244092	0.6209721243592201	0.6309653000775797	0.6232919465288984	0.598963292468615
1.0	0.9901095856830493	0.9608441894031672	0.9134035375593008	0.8497285973615205	0.7724164817335593	0.6846067260888389	0.5898440490882332	0.49192376012698685	0.39472674575856526	0.302051420751749	0.2174501467658346	0.0	0.11044998529287546	0.21697587620770417	0.3158219631283028	0.40356180726851376	0.47724446973840773	0.534519590425364	0.5737357828058024	0.5940080202078609	0.595251093027982	0.5781777505520123	0.544261735028631
1.0	0.9900205191630278	0.9604973209303249	0.9126576718260959	0.848486304018638	0.7706372564012407	0.6823161317594085	0.5871381328330485	0.4889683363596657	0.39175146183730936	0.29933885423745876	0.21532050634815925	0.0	0.11043915595119577	0.2168902590932311	0.31553865880113446	0.40290868470984054	0.4760139364567075	0.5324855238697531	0.5706725097644931	0.589710084100166	0.5895524786416023	0.5709692466496011	0.5355052074547181
1.0	0.9899559281148264	0.9602458323763038	0.912117122516266	0.8475865206883149	0.7693496338842235	0.6806602373615748	0.5851848198070121	0.4868390711813512	0.38961381255640765	0.29739833592225934	0.21380921957539786	0.0	0.11043127799878442	0.21682798481430396	0.3153326454291021	0.4024339103389671	0.4751198258804484	0.5310083849508414	0.568449451741132	0.5865934813514492	0.5854239930964241	0.5657524327408288	0.5291757952207492
1.0	0.9899167782925686	0.9600934258349987	0.9117896330601329	0.8470416169742272	0.7685702988624905	0.679658760664142	0.5840046472251617	0.4855543327876735	0.388326501097803	0.29623326076982476	0.21290700941600843	0.0	0.11042649271409744	0.2167901614831443	0.3152075406852602	0.4021456645811055	0.4745771591450841	0.5301122006450067	0.5671013370808398	0.5847045273734714	0.5829233269128729	0.5625948624254365	0.5253480132415065
1.0	0.989903661832091	0.9600423690228139	0.9116799386610028	0.8468591371180948	0.7683093871172831	0.6793236077730086	0.5836098942798805	0.485124902153325	0.3878966362060132	0.29584481787394945	0.21260709437533387	0.0	0.11042488772024488	0.21677747610799422	0.31516558601227423	0.4020490111576215	0.4743952227825893	0.5298118011524563	0.5666495571460901	0.5840716766036186	0.5820858059834474	0.5615377250879059	0.5240670395493885
1.0	0.989916778292569	0.9600934258349995	0.9117896330601345	0.8470416169742299	0.7685702988624944	0.6796587606641473	0.5840046472251681	0.485554332787681	0.38832650109781114	0.2962332607698329	0.21290700941601626	0.0	0.11042649271409645	0.21679016148314248	0.3152075406852577	0.4021456645811027	0.4745771591450815	0.5301122006450045	0.5671013370808385	0.5847045273734714	0.5829233269128747	0.5625948624254403	0.5253480132415121
1.0	0.9899559281148265	0.9602458323763042	0.9121171225162671	0.847586520688317	0.7693496338842263	0.6806602373615788	0.585184819807017	0.4868390711813567	0.38961381255641375	0.2973983359222655	0.2138092195754036	0.0	0.11043127799878369	0.21682798481430254	0.3153326454291002	0.4024339103389649	0.4751198258804464	0.5310083849508398	0.5684494517411312	0.5865934813514493	0.5854239930964256	0.5657524327408315	0.5291757952207536
1.0	0.9900205191630278	0.9604973209303244	0.9126576718260948	0.8484863040186362	0.770637256401238	0.6823161317594051	0.5871381328330441	0.48896833635966064	0.3917514618373039	0.29933885423745316	0.21532050634815375	0.0	0.11043915595119644	0.2168902590932323	0.3155386588011362	0.40290868470984237	0.4760139364567093	0.5324855238697546	0.570672509764494	0.589710084100166	0.5895524786416011	0.5709692466495988	0.5355052074547142
1.0	0.9896406168795835	0.9590240159106844	0.9095128001852468	0.843305585052943	0.7633321524982288	0.6731139528321085	0.5765967998096734	0.47796395859444896	0.381438769735747	0.29108643997885447	0.2106246388274801	0.0	0.11038919284101327	0.21649586240041205	0.31423702328648606	0.399919077983399	0.4704087720955136	0.5232769858940894	0.5569084406422292	0.5705720872845313	0.5644488908570814	0.5396158285607868	0.49798707716316354
1.0	0.9895393560560065	0.9586309635094451	0.9086724650306905	0.841917829231708	0.7613681568717041	0.6706265221145452	0.5737240884636754	0.47492615926186155	0.3785278032074809	0.2886491870999249	0.20904072700782633	0.0	0.11037617482310229	0.21639309520331307	0.31389782259664145	0.399139871685107	0.46894750430268495	0.520875516286113	0.5533172908506692	0.5655756918825131	0.5578894407519034	0.5314138550619639	0.4881571130779846
1.0	0.989465872026836	0.9583458270985484	0.9080632124599645	0.8409125710887144	0.7599472147471119	0.6688298609909125	0.5716538702897648	0.4727440896087532	0.3764473162939112	0.28692288987070885	0.20794387510430765	0.0	0.11036668440993168	0.21631818964268046	0.3136506611295208	0.3985723471515325	0.4678838229369108	0.5191287020845217	0.5507073822871303	0.5619482560705606	0.5531329817058389	0.5254747426328498	0.4810508051439265
1.0	0.9894213121051451	0.9581729639827217	0.90769400417439	0.8403037466694179	0.759087351051371	0.6677438699732512	0.5704044845351823	0.4714301491690194	0.3751988915311811	0.28589350745887465	0.2073003317838213	0.0	0.11036091160621643	0.21627263204104005	0.31350036928649305	0.39822735532598075	0.4672374765198919	0.5180677686725274	0.5491231841132529	0.5597479742992236	0.5502502546799432	0.5218787130235081	0.476752863530327
1.0	0.9894063797726141	0.9581150432570164	0.907570320005659	0.8400998532868357	0.7587995068795153	0.6673805379443992	0.5699868191355959	0.4709914045753385	0.3747827637192055	0.2855515018817932	0.20708832174707859	0.0	0.11035897405946896	0.21625734235754854	0.3134499349347685	0.3981116019058371	0.46702065410433863	0.5177119575724038	0.5485920420422831	0.559010537578688	0.5492844967694013	0.5206745751249439	0.4753145037340178
1.0	0.9894213121051453	0.958172963982722	0.9076940041743911	0.8403037466694196	0.7590873510513736	0.6677438699732545	0.5704044845351862	0.47143014916902387	0.3751988915311859	0.2858935074588792	0.2073003317838256	0.0	0.11036091160621582	0.21627263204103894	0.31350036928649155	0.3982273553259791	0.46723747651989034	0.5180677686725261	0.5491231841132523	0.559747974299224	0.5502502546799445	0.5218787130235105	0.47675286353033075
1.0	0.989465872026836	0.9583458270985488	0.9080632124599649	0.8409125710887153	0.7599472147471131	0.6688298609909141	0.5716538702897669	0.47274408960875564	0.3764473162939137	0.2869228898707113	0.20794387510430995	0.0	0.11036668440993136	0.21631818964267982	0.31365066112952	0.39857234715153167	0.4678838229369098	0.5191287020845212	0.5507073822871299	0.5619482560705609	0.5531329817058397	0.5254747426328512	0.48105080514392856
1.0	0.9895393560560063	0.9586309635094448	0.90867246503069	0.8419178292317072	0.761368156871703	0.6706265221145437	0.5737240884636735	0.4749261592618595	0.37852780320747853	0.28864918709992265	0.2090407270078244	0.0	0.11037617482310261	0.2163930952033136	0.3138978225966422	0.39913987168510784	0.4689475043026858	0.5208755162861135	0.5533172908506696	0.565575691882513	0.5578894407519028	0.5314138550619628	0.48815711307798293
1.0	0.9893740709236898	0.9579925834999686	0.9073194910159736	0.8397128579285352	0.758306540820069	0.6668532328531721	0.5695370072106122	0.4707650593389892	0.3749493989981791	0.28628972650651024	0.20856861898773005	0.0	0.11035306996109796	0.21621102529113892	0.3132986763227309	0.39776942170746604	0.4663919803498324	0.5167056740465423	0.5471363934559859	0.5570674408915666	0.54686180466002	0.517834955364037	0.472179829799425
1.0	0.9892644322336088	0.9575681011759675	0.9064159949721652	0.8382307156738913	0.7562286801715319	0.6642560724865881	0.5665932138926052	0.46773766723535587	0.37217748519265087	0.28416649116075743	0.2075133217243806	0.0	0.11033839630064037	0.21609531722034578	0.312917478020547	0.39689606892444224	0.4647598647404895	0.514035132513379	0.5431640864850812	0.5515758548479587	0.5397064559977689	0.5089669954993645	0.46166204147650836
1.0	0.989184731691752	0.9572596731061563	0.9057600484803964	0.8371559661623802	0.7547245178625596	0.6623804300791547	0.5644743377882384	0.46556946454341236	0.3702086171677866	0.2826838769437052	0.20682116842753312	0.0	0.11032766356725028	0.21601070511017129	0.3126388359246595	0.3962580404665933	0.4635684026477535	0.5120874080906421	0.5402701851140899	0.5475804806321678	0.5345088318276427	0.5025372434398533	0.45405255694411495
1.0	0.9891363456061584	0.9570724865654974	0.905362171367921	0.8365045934758112	0.7538139511521795	0.6612468201670098	0.563196661964526	0.46426654367621173	0.3690322889926009	0.2818087485779669	0.20643165133849942	0.0	0.11032112054910947	0.2159591311770476	0.31246904021781413	0.3958693954987426	0.4628430073111322	0.5109023245569547	0.5385107496569213	0.545153585542393	0.5313550552599299	0.4986407685685991	0.44944796750891997
1.0	0.9891201215032276	0.9570097320978878	0.9052288200675812	0.8362863726658059	0.753509076041232	0.6608675782384634	0.5627697238006824	0.46383193576675696	0.36864106970901167	0.28151953261515744	0.20630622283437303	0.0	0.11031892203002633	0.21594180323753737	0.3124119996556894	0.3957388608986221	0.46259943002783044	0.5105045172560587	0.5379203731110611	0.5443396197830052	0.530297874726841	0.49733546335225415	0.4479066028362703
1.0	0.9891363456061584	0.9570724865654979	0.9053621713679221	0.8365045934758131	0.7538139511521823	0.6612468201670134	0.5631966619645306	0.46426654367621667	0.3690322889926061	0.2818087485779717	0.20643165133850366	0.0	0.11032112054910881	0.21595913117704643	0.3124690402178125	0.39586939549874106	0.4628430073111306	0.5109023245569538	0.538510749656921	0.5451535855423938	0.5313550552599321	0.4986407685686028	0.4494479675089251
1.0	0.9891847316917523	0.9572596731061572	0.9057600484803981	0.8371559661623833	0.7547245178625641	0.6623804300791606	0.5644743377882454	0.4655694645434202	0.37020861716779463	0.28268387694371305	0.20682116842753984	0.0	0.11032766356724925	0.21601070511016932	0.3126388359246571	0.3962580404665906	0.4635684026477512	0.5120874080906407	0.5402701851140896	0.5475804806321692	0.5345088318276463	0.502537243439859	0.4540525569441228
1.0	0.9892644322336088	0.957568101175967	0.9064159949721644	0.8382307156738901	0.7562286801715301	0.6642560724865858	0.5665932138926024	0.4677376672353527	0.37217748519264754	0.28416649116075415	0.20751332172437778	0.0	0.1103383963006408	0.21609531722034653	0.312917478020548	0.39689606892444335	0.46475986474049064	0.5140351325133797	0.5431640864850815	0.5515758548479582	0.5397064559977677	0.5089669954993624	0.46166204147650536
1.0	0.9893466797746306	0.9578885163459111	0.9071053713801475	0.8393799271942756	0.7578766959918302	0.6663816549827365	0.569110942767009	0.4704986604019135	0.3749748882780318	0.28674550100967244	0.20958521332096494	0.0	0.1103482707060165	0.21617338169470318	0.31317577504245664	0.3974914893312946	0.46588156008597664	0.5158890447627947	0.5459556176146297	0.5554918328146331	0.5448976168360355	0.5155321896260561	0.4696352856782574
1.0	0.9892350275394222	0.9574566847133477	0.9061878855936901	0.8378788991156032	0.7557804420768144	0.6637756764924513	0.5661801356823918	0.4675203041987274	0.3723026877169435	0.28478567056020515	0.20876624715000758	0.0	0.1103330944649518	0.21605376450167332	0.3127819969663208	0.3965902864411571	0.4641997740320543	0.513142092378825	0.5418784492793776	0.5498698088267662	0.5375946841488608	0.5065138924247207	0.45898448379448614
1.0	0.9891537454883426	0.9571424917009741	0.9055209934860219	0.8367894468014382	0.7542621275345127	0.6618936480891197	0.5640723073994646	0.46539178060350683	0.3704135369805334	0.28343282659473984	0.20826081428747015	0.0	0.11032196455552491	0.21596606451672595	0.31249342564106114	0.39593030088972814	0.46296921277845215	0.511134344900377	0.5389024048172208	0.5457726410516016	0.5322825005427754	0.4999684016094619	0.4512741030903216
1.0	0.989104349865785	0.9569516284376381	0.9051161478829323	0.8361287457949773	0.7533426552421371	0.6607561968632172	0.5628020525081898	0.46411469392173155	0.3692887012748814	0.28264115105241905	0.20799095809463855	0.0	0.11031516694138412	0.2159125118169306	0.31231727046119856	0.3955276037233646	0.4622188211677771	0.5099109428658914	0.5370906289694496	0.5432810520860092	0.529056184843362	0.4959990595160569	0.4466066530222013
1.0	0.9890877788017182	0.9568876109118408	0.904980404868915	0.8359073289816163	0.753034741892791	0.6603756758844032	0.5623777293036485	0.46368905322296056	0.3689152850821368	0.28238072414998716	0.20790673749513267	0.0	0.11031288073496448	0.21589450246149433	0.31225804051092115	0.39539223324117106	0.4619666463718187	0.509499965349331	0.5364822801708496	0.5424449014524767	0.5279741759514472	0.49466888696198325	0.4450439523993944
1.0	0.989104349865785	0.9569516284376385	0.9051161478829327	0.8361287457949781	0.7533426552421382	0.6607561968632185	0.5628020525081915	0.46411469392173343	0.36928870127488334	0.2826411510524209	0.20799095809464008	0.0	0.11031516694138387	0.21591251181693008	0.3123172704611979	0.3955276037233639	0.4622188211677765	0.5099109428658911	0.5370906289694495	0.5432810520860095	0.5290561848433629	0.4959990595160582	0.4466066530222032
1.0	0.9891537454883428	0.9571424917009748	0.9055209934860232	0.8367894468014402	0.7542621275345157	0.6618936480891235	0.5640723073994693	0.46539178060351194	0.3704135369805387	0.2834328265947449	0.20826081428747453	0.0	0.11032196455552422	0.2159660645167247	0.31249342564105953	0.3959303008897264	0.46296921277845066	0.5111343449003761	0.5389024048172207	0.5457726410516028	0.5322825005427778	0.4999684016094659	0.45127410309032706
1.0	0.9892350275394222	0.9574566847133474	0.9061878855936897	0.8378788991156025	0.7557804420768135	0.6637756764924498	0.5661801356823902	0.46752030419872553	0.3723026877169416	0.2847856705602032	0.2087662471500058	0.0	0.11033309446495206	0.21605376450167377	0.3127819969663214	0.39659028644115785	0.46419977403205503	0.5131420923788256	0.5418784492793778	0.5498698088267661	0.5375946841488602	0.5065138924247196	0.45898448379448464
1.0	0.9895666850810643	0.9587421187139711	0.9089290054934269	0.8423882822271458	0.7621278910190662	0.6717550979177055	0.5752998866274965	0.47701841438034803	0.38118650575766494	0.29189362945096164	0.2128477296190955	0.0	0.11037672394445185	0.2163979438252587	0.3139166818048921	0.39919252357213664	0.4690692208920611	0.5211229710923686	0.5537740012469701	0.5663559794494052	0.5591399488791265	0.5333118179477174	0.49090481885670756
1.0	0.9894609289770055	0.958332635524591	0.908057308620922	0.8409579794640137	0.76012201585015	0.6692466110344998	0.5724543095550724	0.474088152535312	0.37849705406002343	0.289822484636151	0.21179741442789915	0.0	0.11036258700142343	0.2162864664032797	0.3135494119720735	0.39835104916974107	0.46749659120228876	0.5185495613731738	0.5499457604238681	0.5610627815143134	0.552241715166489	0.5247601959480428	0.4807584871378183
1.0	0.9893839450431181	0.9580347226538843	0.9074237304703505	0.8399198795779607	0.7586691107424722	0.6674347447774205	0.5704071032406197	0.4719924379243784	0.3765922660681219	0.2883846668418874	0.21111893046277	0.0	0.1103522199876541	0.21620473989096983	0.313280285701944	0.39773485040488243	0.46634598710555386	0.5166688026294219	0.5471516326123868	0.5572055387264232	0.5472242368466398	0.5185537066860241	0.47341340453572367
1.0	0.9893371630335824	0.9578537547032623	0.9070391173749789	0.8392903260685882	0.7577892298913907	0.6663396094144878	0.5691731341396747	0.470734445223753	0.37545676490210933	0.28753988810751896	0.210742220789102	0.0	0.11034588830130797	0.2161548348007978	0.3131160010234917	0.3973588727940554	0.46564436110461377	0.5155227985831389	0.5454506400938907	0.5548599088937985	0.5441769791981421	0.5147900111696629	0.46896710506717304
1.0	0.9893214689713582	0.9577930568533131	0.9069101593172285	0.8390793479976107	0.7574945718288022	0.6659732311581118	0.5687608934742072	0.4703150737664586	0.3750795847688246	0.28726141467810823	0.2106218896052415	0.0	0.11034375876500961	0.2161380518688921	0.3130607617023369	0.3972324831345461	0.465408572863652	0.515137820297726	0.5448794899882725	0.5540727436337033	0.5431550269154313	0.5135287601136863	0.4674784493364829
1.0	0.9893371630335824	0.9578537547032622	0.9070391173749783	0.8392903260685873	0.7577892298913893	0.6663396094144859	0.5691731341396726	0.47073444522375063	0.37545676490210683	0.2875398881075165	0.21074222078909988	0.0	0.11034588830130826	0.21615483480079845	0.31311600102349246	0.39735887279405635	0.46564436110461455	0.5155227985831393	0.5454506400938909	0.5548599088937981	0.5441769791981411	0.5147900111696613	0.4689671050671709
1.0	0.9893839450431183	0.958034722653885	0.9074237304703516	0.8399198795779622	0.7586691107424748	0.6674347447774238	0.5704071032406236	0.4719924379243829	0.3765922660681266	0.288384666841892	0.2111189304627742	0.0	0.1103522199876535	0.21620473989096872	0.31328028570194255	0.39773485040488094	0.46634598710555236	0.516668802629421	0.5471516326123865	0.5572055387264239	0.5472242368466417	0.5185537066860272	0.47341340453572817
1.0	0.9894609289770055	0.958332635524591	0.9080573086209218	0.8409579794640136	0.7601220158501499	0.6692466110344995	0.5724543095550719	0.4740881525353115	0.37849705406002304	0.28982248463615073	0.2117974144278991	0.0	0.11036258700142348	0.2162864664032798	0.3135494119720736	0.3983510491697411	0.46749659120228865	0.5185495613731738	0.5499457604238679	0.5610627815143131	0.5522417151664885	0.524760195948042	0.4807584871378175
1.0	0.9900077481937413	0.9604534000588264	0.912584884139222	0.8484186816089263	0.7706478722028888	0.6825195333565702	0.5876872706752058	0.4900458188324806	0.3935554789221577	0.30206461194592316	0.21913846755400931	0.0	0.110434041490415	0.2168503898031308	0.31540988025051436	0.4026220962705197	0.47549936845807694	0.5316874161186351	0.5695666094033963	0.5883192308449342	0.5879597336230065	0.5693267515932173	0.5340374278284498
1.0	0.9903048818588158	0.9616079155275041	0.9150574642324856	0.8525122130207075	0.7764608785489752	0.6899148620133768	0.5962786270156597	0.4992035684839648	0.4024318611558062	0.30963720418207524	0.22426949327404624	0.0	0.11047192521951811	0.21714966896767499	0.3163989011958772	0.4048979571941429	0.47977689400351575	0.5387366897776831	0.5801433814683903	0.6030930645669733	0.607444988726295	0.5938214149481098	0.5635743882030322
1.0	0.99061016579903	0.9627954519275362	0.917605752001503	0.8567432542767699	0.7824930902455255	0.6976303508358656	0.6053073669897542	0.5089259730677248	0.4120000919575353	0.31801437374560226	0.23028476896555433	0.0	0.11051026164261474	0.21745271856387258	0.31740145922822466	0.4072084755823465	0.4841281569220791	0.5459251217575435	0.5909609476956528	0.618256252230201	0.6275256191060501	0.619184010870977	0.5943245091952066
1.0	0.9909193034971997	0.963999417687063	0.9201946053443367	0.8610546290092087	0.7886654182318169	0.7055692953977941	0.6146678935224288	0.51911157570838	0.4221796903249382	0.3271563476267216	0.2372065686907692	0.0	0.11054844071254095	0.21775472496275758	0.3184016801791293	0.4095172396756541	0.4884850336990021	0.5531411584160768	0.6018533795791642	0.6335797233606609	0.6479042225791791	0.6450484895191139	0.6258587405843815
1.0	0.9907062347493774	0.9631692175380797	0.9184080180844136	0.8580757654429781	0.784393624165801	0.7000621904835056	0.6081539452405986	0.5119911731090251	0.41501434632991857	0.32064635154093746	0.23215809458779815	0.0	0.11052235723352698	0.21754835995065208	0.31771800482759965	0.40793845228427555	0.4855039915622065	0.5482002994425751	0.5943887848583266	0.6230676365950444	0.6339071553281711	0.6272580139048887	0.6041322064481132
1.0	0.9905058751076222	0.9623892540985348	0.9167321907040269	0.8552880680809104	0.780408789939456	0.6949472485382673	0.6021392387864719	0.5054698601540797	0.40853010105499393	0.31486970570865386	0.22785256400479928	0.0	0.11049748500022126	0.2173516725187164	0.31706691575809165	0.4064366271826726	0.48267247289084925	0.5435159088350487	0.5873273780287358	0.6131494523897042	0.6207413264721487	0.6105833037708643	0.5838512055251154
1.0	0.9903209664742137	0.9616700864126637	0.9151893844690957	0.8527275180256734	0.7767602555665605	0.690284135156061	0.5966880194255146	0.4996082360358622	0.4027737078582406	0.3098479031506628	0.22427455412010208	0.0	0.11047421543805323	0.21716774322675217	0.31645852788332623	0.4050348244757103	0.4800332817950906	0.5391573993228067	0.5807712076315616	0.6039641324904056	0.6085842929033894	0.5952388938195434	0.5652618411195329
1.0	0.9901541170803203	0.9610217177427981	0.9138005365297327	0.8504275790853181	0.7734931504932515	0.6861260696053855	0.5918553291735998	0.4944545314876461	0.39777620305789796	0.30558353396745097	0.22138717790563414	0.0	0.1104529407365081	0.2169996535773261	0.3159029310983246	0.4037559556720663	0.4776287218366125	0.5351929097701217	0.5748196075439416	0.5956455379548784	0.597604902998778	0.5814255467381432	0.5485897806967711
