1.1008048 -0.5045901 1.0574914 1.3110867 -2.8340206 -0.04191239 -0.53061926 -1.3090175 0.21601325 -0.8644718 0.89545316 0.8459808 
0.9267455 -0.25488618 0.98117185 1.1024204 -2.8968632 -0.21256422 -0.7699237 -1.4302301 0.028764203 -0.88255143 0.7176668 0.8814651 
0.972833 -0.19599761 1.0275832 1.264173 -2.8489342 -0.04891712 -0.65805054 -1.4092329 0.082750976 -1.0044086 0.9864082 0.8983806 
0.8035612 -0.2939755 1.0166633 1.311534 -2.9140553 -0.10099942 -0.67722625 -1.3094679 0.0041619507 -0.84860307 0.96172947 0.85374564 
0.8983574 -0.35490045 0.90944076 1.2287383 -2.9004333 -0.02182544 -0.9344002 -1.4117905 0.026179468 -0.7573697 0.9520761 0.5609596 
1.7362075 -0.39065632 0.8783018 0.6144879 -2.4433951 0.13620919 -0.88173366 -0.33096352 -0.046340793 -0.7148564 0.7336585 0.771305 
2.0466716 -0.5174105 0.52862644 1.02516 -2.290705 -0.115450986 -0.95584124 -0.6555356 -0.6291797 -0.7246195 0.83831584 0.88773656 
1.8632989 -0.43692893 0.64445037 0.8603064 -2.3980668 -0.007570354 -0.86478823 -0.58052063 -0.49780077 -0.69448864 0.71036625 0.78338057 
1.9616416 -0.2642685 0.6570167 0.9721199 -2.3373988 0.058059637 -0.7484503 -0.5260462 -0.38830277 -0.7665898 1.0514266 0.71155894 
1.9439313 -0.3374742 0.6577801 0.99123657 -2.3664703 -0.006621618 -0.77892584 -0.54095304 -0.5003005 -0.6557446 0.92495424 0.6922988 
1.2776389 -0.07383742 -0.10957667 0.6642103 -2.3549833 -0.061756108 -1.200222 0.23711647 0.1360326 -0.4362048 0.89157337 1.179588 
1.3497285 -0.17148755 -0.32732102 0.85938597 -2.5012612 0.06087432 -0.92985076 0.23601966 0.13527146 -0.108895265 0.72192335 1.1874558 
1.1792698 -0.24287276 -0.2259546 0.9547703 -2.5885954 0.22399962 -0.8947253 0.32755747 0.021463005 -0.25976542 0.7441863 1.2349037 
1.4020145 -0.24595259 -0.14909236 0.6874702 -2.6897929 0.062050715 -0.9362205 0.24899095 -0.00362022 -0.08956452 0.5628573 1.235336 
1.3594077 -0.22813958 -0.10396636 0.8048581 -2.5895824 0.079578824 -0.85833037 0.30079874 -0.041038476 -0.17566966 0.73228437 1.0618902 
0.99571687 -1.1513948 -0.2392472 0.6183586 -1.9497837 0.07325459 -1.3556578 0.3456721 0.24190705 0.3424326 1.0011994 0.75800323 
0.6666153 -1.0482891 -0.4575372 0.6873308 -2.211829 -0.31924808 -1.5697616 0.15438694 0.23603877 0.29533094 1.1176113 0.6822648 
0.55591303 -1.369856 -0.26273084 0.58994853 -1.5377464 0.11717912 -1.3540279 0.44508272 0.032858983 -0.20499992 1.0145085 0.90750724 
0.90747523 -0.9125639 -0.3364343 0.6512922 -2.0409036 0.07198739 -1.5903584 0.19964364 0.16810258 0.25391662 1.3209844 0.35089248 
0.86277544 -0.9770019 -0.1481823 0.46754533 -2.0429306 -0.18462482 -1.614126 0.31125015 0.010336545 0.3917982 1.3483585 0.5937672 
1.2405344 -1.0170819 -0.4511168 -0.12314685 -1.545759 -0.15387842 -1.7874479 -0.25593323 0.7645467 0.5486113 0.6154297 0.95350873 
1.3794338 -0.99715996 -0.60196656 -0.023838392 -1.4553094 -0.0054480843 -1.8059047 -0.37723783 0.38745034 0.69651705 0.47861096 1.0206125 
1.4587911 -0.9952952 -0.78091294 0.044320956 -1.5019257 -0.0076928637 -1.8557326 -0.6066858 0.45336598 0.76027244 0.56490844 0.7407581 
1.281221 -0.9209767 -0.67050993 -0.19073862 -1.4984853 -0.080054276 -1.8621876 -0.33386838 0.4904917 0.78988236 0.57366353 1.0713052 
1.3572185 -0.97876555 -0.9195591 -0.18692003 -1.517476 0.092929706 -1.760052 -0.13696559 0.4952763 0.7461438 0.5255709 0.94191134 
1.5652326 -0.4716357 -0.65325886 0.039475925 -0.8931218 -0.26149848 -1.275769 -0.7210437 1.0501192 0.7471274 1.3563813 1.0637875 
1.7644309 -0.6543125 -0.42656437 0.05771782 -0.7865175 0.13687111 -1.0073376 -0.6591338 1.3012594 0.8000913 1.3026626 1.1479738 
1.6178169 -0.686757 -0.51788646 0.0965021 -0.98710805 0.09156242 -0.9249166 -0.6844968 1.396471 0.9861166 1.2778915 0.92470455 
1.6759546 -0.6225923 -0.70392084 0.11245503 -1.0533553 0.09102805 -0.98848397 -0.6206032 1.3589993 0.95080316 1.2312076 0.8320311 
1.5872879 -0.76461536 -0.54088825 0.07640467 -0.82478666 0.062426686 -0.9020893 -0.59455276 1.2826116 0.9252682 1.2030667 1.1734582 
1.3991307 -0.47395214 0.02781766 -0.7044583 -1.0542618 -0.7451684 -0.6303291 -0.45984888 0.9905451 1.2771279 1.527878 1.2180657 
1.7604036 -0.40095964 0.034983534 -0.5539487 -0.8573668 -0.65454805 -0.46091697 -0.6071416 0.67434067 1.3581066 1.6582974 1.1632758 
1.6716516 -0.5328481 0.12762372 -0.720319 -1.009036 -0.7053715 -0.60244477 -0.68537736 0.63294655 1.5147765 1.5077584 0.9126836 
1.7153889 -0.53885984 0.03425246 -0.6596807 -0.8953531 -0.6161563 -0.57516223 -0.741855 0.5951971 1.5152843 1.5931051 1.0093958 
1.6943654 -0.5119116 -0.021127349 -0.6643707 -0.9814414 -0.6902151 -0.5170369 -0.47043574 0.5743252 1.4111509 1.6810684 0.9540415 
1.4782767 -0.5878047 -1.0118843 -0.70473695 -0.848231 -1.4477084 -0.0366433 -0.57642114 0.5049522 0.97143614 1.3876102 1.2259179 
1.4447267 -0.70707494 -0.7712144 -0.82877576 -1.0257556 -1.413974 0.23491815 -0.23148572 0.55070907 1.0188483 1.1930692 1.4753132 
1.4082144 -0.8512137 -0.8610666 -0.66375494 -0.8047804 -1.2724998 0.1799163 -0.35467857 0.734863 0.9930235 1.2278241 1.6151581 
1.5315481 -0.91714954 -0.77369213 -0.53511196 -0.7928889 -1.3777217 0.20138982 -0.37996054 0.5522954 0.94823307 1.3323399 1.3417525 
1.6135292 -0.95135933 -0.8202357 -0.697156 -0.76559275 -1.362434 0.4579031 -0.47507155 0.8027434 0.88456094 1.3320218 1.5502983 
0.64907765 -0.8507644 -0.9565969 -0.43704566 -1.085769 -1.2229215 0.8012214 -0.71042496 0.6876941 1.349568 1.7707204 0.6157362 
0.5626134 -0.8006387 -0.93815297 -0.28474143 -0.90831566 -1.4585394 0.6275589 -1.0690082 0.44835353 1.1605715 1.8260901 0.61481625 
0.4615473 -0.8821687 -0.7833045 -0.28994268 -0.92487764 -1.4444554 0.6570869 -0.95236087 0.3968812 1.2126732 1.8200147 0.56075114 
0.5073602 -0.77769226 -0.83440125 -0.38326892 -0.91052985 -1.3708293 0.72354525 -1.1275803 0.66734344 1.3685004 1.8740051 0.9266452 
0.34667557 -0.88570356 -0.63410497 -0.24279223 -0.9947861 -1.5103408 0.7100525 -0.96214634 0.4706891 1.1735011 1.7949169 0.7259427 
0.40752363 -0.3950602 -0.61686677 -0.94705296 -1.629703 -1.5058118 0.744823 -0.9331119 1.1534745 0.438537 1.4870534 0.09311063 
0.85464895 -0.22007652 -0.5908408 -0.65151983 -1.7513567 -1.5519098 0.97366023 -1.4405352 0.9523992 0.62239325 1.2863665 0.084160045 
0.57220435 -0.20888591 -0.83607686 -0.5343873 -1.7840676 -1.434672 0.93631476 -1.3568324 1.2210777 0.5073575 1.2030717 0.1856637 
0.6099414 -0.30322573 -0.7271109 -0.44287655 -1.7890366 -1.4477568 0.8173245 -1.259445 1.1150433 0.44500867 1.2609705 0.04448664 
0.43635178 -0.22446904 -0.5243295 -0.70546377 -1.7364395 -1.4562159 0.8365001 -1.0524787 1.1568009 0.42306125 1.3496461 0.20033117 
0.7984578 -0.4050395 -0.2999316 -0.64434606 -1.1431549 -1.0883517 1.2739758 -1.0168458 1.0107993 -0.52227974 1.879698 -0.19739835 
1.0364354 -0.12050355 -0.5718012 -0.9316837 -1.1071321 -1.048119 1.3587928 -1.2134755 0.85886985 -0.6609789 2.2618876 -0.40078634 
1.1242942 -0.09812955 -0.64507073 -0.89864945 -1.0188607 -0.99753004 1.2064372 -1.055393 0.96736175 -0.70866036 2.1100156 -0.33929265 
1.1443347 -0.17888577 -0.57452625 -0.80294806 -1.0519216 -1.0378873 1.2790736 -1.2831107 1.0206481 -0.681701 2.0885594 -0.32218575 
1.0629498 -0.03837385 -0.5880044 -0.9524759 -1.0868896 -1.011842 1.2090259 -1.2032868 0.99589705 -0.72894615 2.1326122 -0.36098352 
0.32997078 -1.214856 -0.53870106 -0.23343392 -1.5480732 -0.9743462 0.96202815 -1.0597967 0.16507845 -0.7590367 1.6394382 -1.076479 
0.6466867 -1.3901832 -0.15116586 -0.59315753 -1.8432106 -1.0422273 0.9573978 -0.7612028 -0.34459862 -0.6618477 1.6785959 -1.2187083 
0.70884615 -1.4331222 -0.35536307 -0.4078239 -1.6922388 -1.0713376 0.98983103 -1.0365647 -0.34264132 -0.92934895 1.5625261 -1.1947917 
0.6175908 -1.3940386 -0.42350486 -0.48496273 -1.6620547 -1.1257763 0.7559911 -0.9658819 -0.24186091 -0.7319702 1.65057 -1.2201898 
0.4987058 -1.5427413 -0.112660766 -0.5648738 -1.7517643 -1.0027388 0.84146065 -0.8816726 -0.22544764 -0.7852636 1.6892687 -1.2089182 
-0.49841243 -1.3352911 -0.5217311 -0.11647145 -1.7831075 -0.6460055 1.3116744 -0.5408153 0.59426516 -1.5601141 1.2096158 -0.06751276 
-0.7777373 -1.1341233 -0.5727897 -0.4934065 -2.3111453 -0.5457805 1.2452885 -0.43390664 0.36114743 -1.6269624 1.1202877 -0.17101222 
-0.77886176 -1.0367949 -0.5695071 -0.46720514 -2.2576444 -0.75281745 1.1006337 -0.29386345 0.35420504 -1.650404 1.2277523 -0.10031282 
-0.7631153 -0.95975983 -0.6404352 -0.23195817 -2.3320415 -0.6536458 1.1575295 -0.5234146 0.20570731 -1.6795822 1.2093687 -0.12782228 
-0.8262926 -0.9376061 -0.68710726 -0.34797758 -2.2873626 -0.685326 1.1655794 -0.57129633 0.25701064 -1.6944084 1.1822817 -0.13550639 
0.18245585 -1.4088297 -1.4133406 0.36150038 -1.2375635 0.029229963 1.0805467 0.018950853 0.122084655 -1.5797107 1.1821696 0.17643875 
0.31439582 -1.5626712 -1.6072433 0.38823137 -1.2040986 0.3572586 1.3584739 0.18891883 0.11515738 -1.3967568 1.3339334 0.31299204 
0.47323853 -1.6895083 -1.5510299 0.39035806 -1.2589879 0.35749367 1.2878108 0.24383818 0.08868848 -1.4977448 1.2497749 0.17403117 
0.0133478725 -1.8324689 -1.508918 0.36842707 -1.3389332 0.51118773 1.0917104 0.21761006 0.4212798 -1.1876253 1.2851241 0.15312748 
0.3049321 -1.6034287 -1.5994173 0.4228625 -1.3321149 0.4321635 1.2487096 0.12996702 0.09134129 -1.4855483 1.219604 0.17609788 
-0.16801007 -1.5241017 -1.75613 0.043761678 -0.9314761 -0.3398843 -0.37576297 -0.43341067 0.51006573 -1.8182874 1.0741222 0.568737 
-0.2114454 -1.5015633 -1.9983921 0.20192322 -0.9534144 -0.3949999 -0.5275525 -0.823216 0.39221984 -1.9291712 1.022088 0.7970167 
-0.1473334 -1.5154418 -1.9735094 0.08380072 -0.9538419 -0.3461745 -0.38175002 -0.790501 0.59817225 -2.0691383 1.0696751 0.792745 
-0.118513055 -1.6521202 -1.947341 0.38257974 -0.81342924 -0.4450096 -0.37892523 -1.0265434 0.38854396 -1.9379236 1.1094162 0.8096678 
-0.23171148 -1.5141606 -1.9491527 0.21828791 -0.9372979 -0.36172327 -0.44896138 -0.84915686 0.54656315 -1.9364942 1.0416507 0.8019921 
-0.089159556 -1.8172076 -0.79480857 0.6417882 -0.7902733 0.876549 -0.5131153 -0.20942701 0.6107395 -1.4615875 1.3895497 0.6892747 
-0.011443103 -2.0410514 -0.6967665 0.5367528 -0.9857781 1.1018689 -0.18900731 -0.057598922 0.39793307 -1.6148748 1.3974175 0.27132225 
-0.13686115 -2.065328 -0.7791841 0.60471535 -1.0023117 1.3362756 -0.40965986 -0.23710561 0.5644603 -1.5246043 1.3848717 0.4538301 
0.016086794 -1.9261901 -0.57236147 0.588606 -0.9772398 1.2831119 -0.40290102 -0.22337693 0.70161206 -1.6433548 1.3684287 0.50856423 
0.0729715 -2.0353105 -0.6713179 0.6030319 -0.8812935 1.187762 -0.26229855 -0.24072824 0.7024507 -1.5289927 1.355088 0.552327 
-0.2437777 -1.6880226 -0.38597482 0.17916702 -0.84291345 0.41513488 -1.0213231 0.41553122 -0.21662496 -0.8373125 1.1516834 1.3854684 
0.06730576 -1.8437551 -0.3702042 0.043679107 -0.88442093 0.21255313 -1.0527414 0.57012373 -0.3192634 -0.83987546 1.083311 1.5462329 
-0.10601239 -1.8712168 -0.4823498 0.070336536 -1.0633358 0.22881773 -1.1342102 0.5116497 -0.22558166 -0.7388139 1.0183698 1.6243244 
-0.033941492 -1.7898738 -0.40600747 0.042266905 -0.967857 0.2993144 -1.0298098 0.5793937 -0.22146451 -0.67948425 1.0032277 1.6392008 
0.021072622 -1.6207663 -0.349461 0.2922159 -1.2039901 0.2638012 -1.2226717 0.5148051 -0.16947122 -0.7127976 1.0128664 1.6020082 
-1.0262736 -1.7487888 0.37278917 -0.2059318 -0.65230894 0.52843106 -0.65069145 -0.13628566 -0.49596372 -0.145694 1.8200017 1.2809299 
-1.43134 -1.9531364 0.27341816 -0.10484315 -0.7526929 0.49056578 -0.73834753 -0.77639204 -0.52873874 -0.04699975 1.8872832 1.3883417 
-1.2256507 -2.070415 0.34173033 0.1325895 -0.747929 0.5776152 -0.60529304 -0.6576319 -0.6080725 0.013857217 2.0108695 1.2416509 
-1.4888432 -1.9363558 0.25379387 -0.02347412 -0.802595 0.33510673 -0.79539925 -0.86090636 -0.5184796 -0.057512682 1.8347131 1.4210752 
-1.4092022 -2.0887985 0.23809116 -0.07901447 -0.6009107 0.5046584 -0.79122317 -0.834773 -0.4369869 -0.028152991 2.0306346 1.418766 
-0.7458457 -0.56525624 0.6304743 -0.98317415 -0.5111484 0.44727325 -1.0554501 -0.4678196 -0.72368383 -0.82451326 2.1700492 1.1737233 
-0.49297154 -0.58488816 0.99092704 -1.1511512 -0.6695451 0.22640897 -1.1779833 -0.515838 -0.55595213 -1.0376215 2.3664382 1.1683853 
-0.463817 -0.6172613 0.99696696 -1.1446673 -0.74696094 0.19089425 -1.0109553 -0.44246498 -0.84786206 -1.0751163 2.3427336 0.97204554 
-0.48478568 -0.66636604 0.9536529 -1.0408416 -0.6275111 0.15340899 -1.1354272 -0.58974075 -0.7432216 -1.0478787 2.3944144 0.9887287 
-0.51932734 -0.72214705 1.0062673 -1.1286912 -0.5923629 0.25443426 -1.0205768 -0.6411652 -0.78267527 -1.1137916 2.3557832 1.1402615 
-0.6792878 0.25365815 -0.37586236 -0.8456882 -0.4159057 0.6296742 -0.330346 -0.30987167 -0.7139463 -0.3576702 2.4517524 1.1017934 
-0.5625343 0.25555244 -0.54060566 -0.9359453 -0.22861274 0.59660155 -0.14668043 -0.19989085 -0.526924 -0.45150104 2.8239057 1.458919 
-0.67086005 0.32854798 -0.5212926 -0.86706054 -0.3932875 0.49427062 -0.14839815 -0.21947062 -0.5878749 -0.4147002 2.751191 1.4985954 
-0.66381615 0.35413948 -0.44340757 -0.9077675 -0.43396327 0.48106495 -0.19734713 -0.2868301 -0.5735666 -0.38036892 2.888359 1.3796957 
-0.7208305 0.30253252 -0.6686797 -0.8760183 -0.38345984 0.463331 -0.34671322 -0.26289588 -0.6768827 -0.31104225 2.7607892 1.4529065 
-0.17265876 0.4389547 -0.33809724 -0.6787778 -0.5299331 1.2011783 -0.0091038495 -0.48896697 -1.2428459 -0.23034349 2.0618186 0.3981166 
0.42475343 0.510372 -0.22686964 -0.15292767 -0.6967705 1.3270668 -0.050853476 -0.5154823 -1.2836401 -0.1229832 2.5726905 0.110140935 
1.1851035 0.72148025 -0.48780403 -0.040190253 -0.7127147 1.1520364 -0.17749387 -0.7856696 -1.3940868 -0.32654396 2.7844832 0.011542299 
1.4340872 0.6391653 -1.0138373 -0.033455744 -0.52576023 1.0187262 -0.7033602 -1.1788692 -1.5177404 -0.9073924 2.6634195 -0.048503853 
1.0937318 0.20967305 -1.3101479 -0.1429913 -0.47418097 0.5189715 -0.5161753 -1.3232969 -2.0760975 -0.6250453 2.4437673 -0.10971423 
0.4529985 0.097529225 -1.4632907 -0.43872657 -0.65401405 0.5532803 -0.59193844 -1.5050255 -2.1027555 -0.39014855 2.4788616 -0.32212633 
-0.06775293 0.264962 -1.3303239 -0.79686207 -0.5401074 0.7354209 -0.15368186 -1.3221062 -1.9865549 -0.67194563 2.3740494 -0.077769965 
-0.39363322 0.16358747 -0.93984467 -0.8396146 -0.5351323 1.0487802 -0.010503816 -0.96542645 -1.7695339 -0.43824017 2.3323011 0.07261127 
-0.18698247 0.5187731 -0.35196772 -0.9992721 -1.0117211 1.5549937 0.045015372 -0.23851071 -0.98780453 0.086491406 1.3657572 0.34591022 
0.28433198 0.08250816 -0.5081049 -1.3480835 -0.7681121 1.993599 -0.10289857 -0.07077194 -0.7078823 0.32390404 1.4091294 0.1925266 
0.41306782 -0.376695 -0.8540439 -1.8317945 -0.8199053 1.9072266 0.06339204 0.21806419 -0.38474903 0.36692798 1.4591606 -0.02755365 
0.4879939 -0.19172709 -1.4280198 -2.0489082 -1.3293364 1.49022 0.005590852 0.4811661 -0.43407187 0.4090084 1.361201 -0.17486909 
0.69308025 0.12096373 -1.4742185 -2.1944232 -1.6142125 1.0060754 0.056143977 0.48026755 -0.6043012 0.48498493 1.2449441 -0.13166526 
0.47572547 0.40215695 -1.13678 -2.06278 -1.9142209 0.78370816 -0.00048512363 0.60845804 -0.9348737 0.48986968 1.38048 0.106663 
0.3006217 0.8645803 -0.7351461 -2.0763485 -1.9254142 0.7979201 -0.25526595 0.30018196 -1.1856915 0.3235499 1.3865361 0.4180895 
-0.06792131 0.7613384 -0.38966808 -1.654268 -1.6255013 1.1609141 -0.16799489 0.0847028 -1.3059196 0.09187553 1.2705051 0.5382873 
-0.3756536 0.8092201 -0.27354795 -0.87527573 -1.3622892 1.4910438 0.37831393 -1.0285563 -0.4647955 0.34527478 1.0460716 0.36718738 
-0.23402525 0.7520411 -0.11836009 -0.6680066 -1.7878186 1.540504 0.15472558 -1.3034638 -0.43674248 1.0151039 1.220717 0.046073742 
-0.114710554 0.48728204 0.25023755 -0.5672834 -2.152231 1.5516821 0.013505019 -1.5110651 -0.25444978 1.1465325 1.151564 -0.32718968 
-0.34611762 0.3498216 0.37047073 -0.68933445 -2.3606954 1.4365532 -0.17078644 -1.7295038 0.28862682 1.0044324 1.1411074 -0.37711152 
-0.4648245 0.35261536 0.41892412 -0.9209893 -2.1262908 1.5451722 -0.3936416 -1.8722069 0.81099045 0.58455926 1.3236659 -0.36836392 
-0.67496413 0.6453842 0.061694656 -1.2012752 -1.9054345 1.4671112 -0.5541387 -1.7706445 0.85535574 -0.0075769625 1.3194549 -0.21154165 
-0.9978401 0.8320227 -0.3375263 -1.3206754 -1.8466731 1.6647475 0.045721196 -1.5667578 0.597449 -0.2747031 1.3636018 -0.09414666 
-0.8715301 0.83789045 -0.39467168 -1.411117 -1.549246 1.6077749 0.27626383 -1.4682592 0.059002466 -0.034221526 1.2494359 0.1265578 
-0.01638542 0.9939949 -0.6665542 -0.49904415 -1.2732478 1.3942928 0.45895222 -1.2486376 -0.31462023 0.22081466 0.5326413 0.9801447 
0.007926644 0.920025 -1.3028959 0.101655856 -1.6309893 1.7380607 0.20338216 -1.3090639 -0.44534442 -0.17122644 0.4255721 0.8438076 
-0.26102152 0.5238913 -1.6714234 0.45399255 -1.6522655 1.8597986 -0.031447113 -1.5114384 -0.531386 -0.10834857 0.5180883 1.1371055 
-0.39470416 0.23520263 -2.1774378 0.62779886 -1.6952106 1.7742156 -0.18015127 -1.5318278 -0.25074688 0.33659115 0.6734693 1.2244054 
-0.5867025 0.12541832 -2.329487 0.27182427 -1.5038272 1.5485477 -0.16210912 -1.4465157 -0.12986536 0.6178217 0.6298696 1.7174432 
-0.63146555 0.29588228 -2.0185723 -0.1467089 -1.2906911 1.1669466 0.04531884 -1.6760879 0.13842832 0.8996309 0.64541703 1.8878338 
-0.25032863 0.79744416 -1.6827598 -0.62130356 -1.0542475 1.1358702 0.2348566 -1.7985382 0.19544706 0.82703567 0.6948987 1.8383085 
-0.070898585 1.0789553 -1.106496 -0.62760746 -1.1491992 1.1909302 0.35902056 -1.6773554 0.05103096 0.6509443 0.6750609 1.6146842 
0.08608897 0.42447963 -0.29558265 -0.6219275 -1.3228981 1.277617 1.0370214 -1.2853869 -0.47916815 0.089515686 0.039926223 1.2615991 
0.1291313 0.4791159 -0.55424523 -0.8417371 -1.4109334 1.0265405 1.8384674 -1.225752 -0.6299741 0.14411266 0.32105258 1.3413339 
0.25482386 0.33752054 -0.6610127 -0.692761 -1.8625015 0.668687 2.2027729 -0.90211844 -0.7501143 0.34599409 0.41849598 1.6138259 
0.15443783 0.2537361 -0.27463302 -0.5208801 -2.1618044 0.6583743 2.2232747 -0.43282762 -0.5007612 0.41721356 0.51381683 1.85894 
0.4580036 0.05858873 0.20338255 -0.47912276 -2.125539 1.0106274 2.1128306 -0.25660798 -0.09750356 0.3208442 0.58042634 1.9174522 
0.14891359 -0.030282052 0.49850255 -0.40440795 -1.9705899 1.3355405 1.7035354 -0.18775596 0.17814359 0.16891837 0.56022525 2.1562293 
0.120326556 0.029924462 0.3166801 -0.42883444 -1.8459884 1.6155968 1.3935472 -0.5337916 0.2496173 -0.030285697 0.21709526 2.084974 
0.20686138 0.23073521 0.050836038 -0.61745006 -1.5617642 1.6429838 1.1307439 -0.97346205 0.011531313 0.037667733 -0.021701992 1.8034009 
0.16889739 0.0030213543 0.03523801 -0.80930465 -0.92243844 1.125785 0.9341693 -1.9142996 -0.69654834 -0.2092869 -0.06902009 1.1060748 
0.3279915 -0.22512329 0.6271147 -0.9695472 -0.7820832 0.93216425 0.8089572 -2.195239 -0.814235 0.31655842 0.17586927 1.602204 
0.8608134 -0.29786977 0.82937086 -0.7206925 -0.5753339 0.9471673 0.7610419 -2.3404288 -0.91451645 0.5742309 0.55082315 2.0660574 
0.9649541 -0.42888403 0.73089445 -0.07384597 -0.4671924 0.65344256 0.88165903 -2.5875516 -0.6518559 0.37180784 0.8007625 2.0558326 
1.1218127 -0.5685514 0.43438783 0.4196087 -0.225266 0.78765464 1.0395185 -2.6167605 -0.45818338 -0.16585593 0.9298216 1.9037147 
0.57921416 -0.867535 0.09932816 0.5283987 -0.46669888 0.7283357 1.2053126 -2.5767887 -0.7883583 -0.51156384 0.482304 1.702347 
0.37441546 -0.6891664 -0.05138362 0.2716213 -0.7060432 1.1081387 1.4386737 -2.4865396 -0.7319683 -0.5743758 0.2798934 1.1011114 
0.025411583 -0.31157622 -0.059313364 -0.31892505 -0.8101393 1.0432712 1.3137848 -2.3661675 -0.6079841 -0.5248261 0.17200129 0.9425041 
0.72108454 -0.43605757 -0.30567238 -1.21378 -0.9420006 0.7694156 0.557946 -1.6857184 -0.77719206 -0.44900215 -0.6147398 1.039602 
0.73429334 -0.39829433 -0.7679262 -1.3486887 -0.8327123 0.69168884 0.42980278 -1.5597225 -0.87782955 -1.08867 -0.60433877 1.6154481 
0.7652956 -0.2904067 -0.997171 -1.4762506 -0.8283863 0.2847907 0.21578683 -1.4391156 -0.9745168 -1.5552188 -0.4888061 1.893881 
1.1194787 0.035133287 -0.6648822 -1.438732 -1.0114235 -0.08886943 0.31166348 -1.2174832 -1.0138483 -1.8370297 -0.226172 1.7493105 
0.97295827 0.20874618 -0.37380317 -1.6386777 -1.2836442 -0.5966538 0.13309751 -1.5439105 -0.8195308 -1.6780672 -0.24120285 1.612834 
1.4694399 0.3641962 -0.12036843 -1.7850903 -1.6077396 -0.40392724 0.48451287 -1.8235765 -0.82979244 -1.3145952 -0.2815652 1.216802 
1.3047926 0.3512353 -0.21555215 -1.7548158 -1.5882427 -0.18028113 0.42189446 -2.180719 -0.7465478 -0.89959764 -0.40957645 0.962584 
1.0495424 -0.0047074547 -0.3058476 -1.4473088 -1.269451 0.396278 0.38921323 -2.1577926 -0.74991065 -0.6062235 -0.6084191 0.7984774 
0.98717237 -1.2285433 -0.42762202 -1.3002415 -0.9290342 0.7881838 0.570575 -1.3858833 -0.43309045 -0.07008581 -0.7195912 0.6066425 
0.9128781 -1.6299969 -0.7521321 -1.2073823 -1.1902099 0.59763795 0.58924264 -1.3392829 -0.94265956 0.4726627 -0.80750424 0.86053544 
0.5610534 -1.9649824 -0.7650507 -0.9839375 -1.496556 0.38909668 0.48692045 -1.325154 -1.4009372 0.5911999 -0.7344945 0.72254527 
0.19308913 -2.348466 -0.6568618 -1.0802433 -2.0221152 0.35959232 0.22550538 -1.4674231 -1.4979094 0.25042832 -0.7605419 0.43793336 
0.06361439 -2.356162 0.0147095695 -1.2698128 -2.2526455 0.42045772 -0.0993718 -1.500275 -1.117317 -0.059947472 -0.79336387 0.2919772 
0.24893604 -2.2504504 -0.027616475 -1.349503 -2.3013551 0.8103328 -0.1729656 -1.4166801 -0.54922247 -0.54292417 -1.0293571 0.30347207 
0.6992166 -2.0688696 0.38256553 -1.2866198 -1.9429092 0.8956422 0.11733698 -1.4654858 -0.16613829 -0.6620054 -1.066844 0.47530904 
0.9089693 -1.6886753 0.03159992 -1.2143508 -1.3396932 0.9296409 0.47867253 -1.5534625 -0.16727412 -0.4664061 -0.88558626 0.4973572 
1.0264859 -1.5039903 -0.4691686 -2.0124826 -0.39674228 0.8106555 0.5219028 -1.36715 -0.26972383 0.026559684 -0.072651 0.28205997 
1.3587928 -1.8162357 -0.78252465 -1.810022 0.014811056 0.7634079 -0.07203443 -1.6875597 -0.2643306 -0.3562496 0.14543182 0.1995295 
1.253357 -1.911309 -0.9061112 -1.9591782 0.1619843 0.6594355 -0.57716894 -2.1339843 -0.11429933 -0.46325874 0.4804874 0.214235 
0.73021585 -1.8760546 -0.9973094 -1.9724003 0.12278758 0.4314292 -0.6712053 -2.454757 0.14477281 -0.28294295 0.6207826 0.1276675 
0.098366 -1.8516793 -1.1513715 -2.1937199 -0.11308463 0.21712199 -0.4247589 -2.5672634 0.37454957 -0.11163284 0.6629909 0.101726346 
-0.08648796 -1.9586055 -1.2414672 -2.2011597 -0.13252799 0.46835625 0.042688496 -2.2349846 0.67506295 0.1728996 0.5681535 0.32606038 
-0.11645918 -1.7524464 -1.0692064 -2.5661716 -0.34213212 0.43369672 0.40987998 -1.8969269 0.34198862 -0.09561608 0.39695227 0.31613898 
0.3817597 -1.6620972 -1.0759993 -2.456299 -0.5554255 0.6255662 0.5995356 -1.5193017 0.15980197 -0.11299336 0.007108784 0.18999992 
1.0052862 -1.3818984 -0.112455316 -2.3483393 -0.26827946 0.9390827 0.58722377 -0.65551114 -0.3900996 -0.09919798 0.39134327 0.4523555 
0.97871625 -1.324865 -0.15619822 -2.397857 -0.42079106 1.1377681 0.733276 -0.3639388 -0.83014125 0.16702713 0.7324266 0.2909007 
0.807522 -1.259062 -0.42993495 -2.1209981 -0.5743121 1.6332726 0.5491089 -0.16253804 -0.7498988 0.36006185 1.1341037 -0.020633018 
0.86509466 -0.90224844 -0.37417015 -2.0153234 -0.7573252 1.9011868 0.2733736 0.08459573 -0.3803657 0.27673328 1.3291227 -0.22895701 
1.3587079 -0.9437282 -0.1880579 -2.0372567 -0.8318931 2.0844903 0.38738018 0.12075748 0.03376735 -0.2720629 1.255203 -0.18577221 
1.6774534 -0.86123776 0.023670051 -2.1269743 -0.7971523 1.9407439 0.20463957 0.033192616 0.32402614 -0.6059079 1.0095909 0.018526185 
1.4443779 -1.092866 -0.004027474 -2.4937432 -0.710218 1.6853403 0.07221375 -0.00989846 0.4771125 -0.61862904 0.619586 0.52425176 
1.3254131 -1.2486818 -0.027212532 -2.512836 -0.35830793 1.2486305 0.3405389 -0.248584 0.31673318 -0.43103737 0.4448946 0.72547626 