1.0	0.9902153376378473	0.9613007643365563	0.9145496409622739	0.8520362464875895	0.7764993250764696	0.6911897152884086	0.5996918250331762	0.5057302944225488	0.4129739825285487	0.3248493747003261	0.24437464621089255	0.0	0.11044186852070224	0.21691809394385486	0.31566610232309245	0.40331705508758536	0.47706254914307067	0.5347874068117641	0.5751608940393335	0.5976814877555544	0.6026733973305638	0.5912362119262898	0.5651520721484325
1.0	0.9901759844732918	0.9611506717578964	0.9142385439808351	0.8515463697635814	0.7758529691419439	0.6904520927854519	0.5989686615316357	0.5051602455870385	0.41271645993968564	0.32506886430021126	0.24522299808909379	0.0	0.11043542283129378	0.216867555319126	0.3155011946172901	0.40294437979713	0.4763785712938432	0.5336935307406225	0.5735789946090576	0.5955681779287395	0.6000313985655701	0.5881214432650431	0.5616754653079159
1.0	0.9901759844732916	0.9611506717578959	0.9142385439808342	0.85154636976358	0.7758529691419418	0.6904520927854494	0.5989686615316328	0.5051602455870351	0.41271645993968226	0.32506886430020804	0.245222998089091	0.0	0.11043542283129425	0.2168675553191269	0.3155011946172913	0.40294437979713127	0.4763785712938443	0.5336935307406232	0.5735789946090577	0.5955681779287388	0.6000313985655686	0.5881214432650407	0.5616754653079128
1.0	0.9901759844732918	0.9611506717578967	0.9142385439808361	0.8515463697635833	0.7758529691419466	0.6904520927854555	0.5989686615316401	0.5051602455870433	0.4127164599396907	0.32506886430021625	0.24522299808909848	0.0	0.11043542283129308	0.2168675553191247	0.31550119461728837	0.4029443797971281	0.4763785712938413	0.5336935307406211	0.5735789946090568	0.5955681779287394	0.6000313985655712	0.5881214432650453	0.5616754653079192
1.0	0.9901759844732916	0.9611506717578956	0.9142385439808332	0.8515463697635786	0.7758529691419398	0.6904520927854467	0.5989686615316298	0.5051602455870319	0.41271645993967876	0.32506886430020476	0.24522299808908826	0.0	0.11043542283129472	0.21686755531912774	0.3155011946172925	0.40294437979713243	0.4763785712938454	0.5336935307406241	0.5735789946090579	0.5955681779287384	0.6000313985655674	0.5881214432650386	0.5616754653079098
1.0	0.9904049447553119	0.9620251428885446	0.9160555589397373	0.8544186283931576	0.7796647994891468	0.694841608424452	0.6033389631547896	0.5087196360191455	0.4145447206212166	0.3242039503743344	0.24076030206987442	0.0	0.11047239595305293	0.21715762890354182	0.31644869115735413	0.40508880739309516	0.4803219788072737	0.5400157457989718	0.5827496301383531	0.6078648183841414	0.6154730032751795	0.6064247558667156	0.5822401997670104
1.0	0.9903699296758275	0.9618910710920421	0.9157757183469593	0.8539731285741997	0.7790671739087907	0.694141755857669	0.6026220013592416	0.5081006286473595	0.4141596357252113	0.32419758026774426	0.24127218629704703	0.0	0.1104669097859152	0.2171145475023513	0.3163077514046305	0.40476911493932966	0.479732359031787	0.5390668973483135	0.5813668621457215	0.6060000697472405	0.613114878697072	0.6036054668324021	0.5790385570685971
1.0	0.9903699296758275	0.9618910710920421	0.9157757183469591	0.8539731285741994	0.7790671739087902	0.6941417558576686	0.6026220013592409	0.5081006286473588	0.41415963572521075	0.3241975802677438	0.24127218629704675	0.0	0.1104669097859153	0.21711454750235148	0.3163077514046308	0.40476911493932977	0.4797323590317872	0.5390668973483136	0.5813668621457215	0.6060000697472403	0.6131148786970716	0.6036054668324016	0.5790385570685964
1.0	0.9903699296758274	0.9618910710920414	0.9157757183469578	0.8539731285741972	0.779067173908787	0.6941417558576645	0.602622001359236	0.5081006286473533	0.4141596357252049	0.32419758026773793	0.24127218629704134	0.0	0.11046690978591604	0.21711454750235287	0.31630775140463263	0.40476911493933193	0.4797323590317892	0.5390668973483153	0.5813668621457224	0.6060000697472401	0.6131148786970702	0.6036054668323988	0.5790385570685922
1.0	0.9903699296758274	0.9618910710920417	0.9157757183469585	0.8539731285741982	0.7790671739087884	0.6941417558576664	0.6026220013592383	0.5081006286473557	0.4141596357252073	0.32419758026774026	0.24127218629704336	0.0	0.11046690978591574	0.2171145475023523	0.3163077514046319	0.40476911493933115	0.4797323590317886	0.5390668973483147	0.5813668621457224	0.6060000697472405	0.6131148786970713	0.6036054668324006	0.5790385570685944
1.0	0.9907423493112387	0.9633198735837685	0.9187683459633847	0.8587626462261495	0.7855423270620836	0.701812618631578	0.6106257480821998	0.5152483865254549	0.41902166431431603	0.3252204850668808	0.23691880728977815	0.0	0.11052408380600136	0.21756395492867073	0.31778037539642945	0.40811719997796647	0.48592613511966476	0.549072325488787	0.5960159409727753	0.6258661662305531	0.6384054001738398	0.6340829777379953	0.6139792496959714
1.0	0.9907144676356672	0.963212337846289	0.918540995473561	0.8583934978044861	0.785032476115756	0.7011889984991992	0.609941442469004	0.514580387732282	0.41846617898352234	0.32488609346255276	0.23691796606169094	0.0	0.11052010323498176	0.21753260617971992	0.3176773179466336	0.40788180607655106	0.4854879947069746	0.5483590406019078	0.5949615442728725	0.624419434167439	0.6365373240284724	0.6317927064872793	0.6112979241441472
1.0	0.9907144676356672	0.9632123378462892	0.9185409954735614	0.8583934978044868	0.785032476115757	0.7011889984992006	0.6099414424690056	0.5145803877322839	0.4184661789835244	0.32488609346255487	0.2369179660616931	0.0	0.11052010323498149	0.21753260617971942	0.3176773179466329	0.4078818060765503	0.4854879947069738	0.548359040601907	0.5949615442728718	0.6244194341674386	0.6365373240284725	0.6317927064872796	0.611297924144148
1.0	0.9907144676356674	0.9632123378462895	0.918540995473562	0.8583934978044878	0.7850324761157585	0.7011889984992027	0.6099414424690083	0.5145803877322868	0.41846617898352756	0.32488609346255815	0.23691796606169596	0.0	0.11052010323498111	0.21753260617971873	0.317677317946632	0.40788180607654934	0.48548799470697285	0.5483590406019062	0.5949615442728715	0.6244194341674388	0.6365373240284735	0.6317927064872815	0.6112979241441506
1.0	0.9907144676356672	0.963212337846289	0.9185409954735613	0.8583934978044865	0.7850324761157563	0.7011889984992	0.6099414424690048	0.514580387732283	0.41846617898352345	0.32488609346255387	0.23691796606169188	0.0	0.11052010323498161	0.21753260617971967	0.31767731794663323	0.40788180607655067	0.4854879947069741	0.5483590406019074	0.5949615442728722	0.6244194341674387	0.6365373240284725	0.6317927064872796	0.6112979241441476
1.0	0.991158615278852	0.9649277923706728	0.9221766772686049	0.8643181141151126	0.7932565223822435	0.7113178142045091	0.6211640977675957	0.5256964992785162	0.4279498859745431	0.33098356790456596	0.23777218545024517	0.0	0.1105826651090275	0.2180257503397923	0.31930094224647854	0.41159820732757607	0.49242447121659644	0.5596902179739479	0.6117807499076585	0.6476094641294579	0.6666512217938976	0.6689546795786285	0.6551332873715612
1.0	0.9911381870421483	0.9648482923407348	0.9220059467289324	0.864034298891881	0.792851169995513	0.7107980229504387	0.6205535512423382	0.5250352896399567	0.4272931056806601	0.330398728256866	0.23733559634364088	0.0	0.11058012969490577	0.21800570700280864	0.3192346291963991	0.4114453632669244	0.4921365828869831	0.559214513513325	0.6110646755918271	0.6466053474084523	0.6653208068473269	0.6672732240404154	0.6530929304442677
1.0	0.9918897452383606	0.9677823908508414	0.9283414233354433	0.874650387578837	0.8081802209288902	0.7307449625805914	0.6444472240972928	0.5516151251046987	0.454732661657086	0.3563656751090298	0.25908572023047105	0.0	0.11066904902036541	0.21870985949118887	0.32157105689351395	0.4168526256060955	0.5023757407796621	0.5762457916008863	0.6369066665880951	0.6831846488238401	0.714320598273437	0.7299894688619061	0.7303066077596848
1.0	0.9911381870421484	0.9648482923407353	0.9220059467289335	0.8640342988918825	0.7928511699955157	0.7107980229504423	0.6205535512423427	0.5250352896399619	0.4272931056806661	0.33039872825687233	0.23733559634364726	0.0	0.1105801296949051	0.21800570700280733	0.31923462919639733	0.4114453632669223	0.49213658288698103	0.5592145135133231	0.6110646755918256	0.6466053474084513	0.665320806847327	0.6672732240404167	0.6530929304442704
1.0	0.9911381870421484	0.9648482923407351	0.9220059467289332	0.8640342988918822	0.7928511699955151	0.7107980229504415	0.6205535512423418	0.5250352896399609	0.42729310568066464	0.3303987282568709	0.23733559634364573	0.0	0.11058012969490523	0.21800570700280758	0.31923462919639767	0.4114453632669227	0.4921365828869815	0.5592145135133235	0.611064675591826	0.6466053474084515	0.6653208068473271	0.6672732240404166	0.6530929304442699
1.0	0.9907903276229719	0.9634840232791198	0.919036956783903	0.8590018345745168	0.785469263408585	0.7009885264927587	0.6084711981326548	0.5110813938776111	0.4121169701016014	0.3148863293631027	0.22258564229176603	0.0	0.11054308290214618	0.21771175775128906	0.31825608226699004	0.40917020988551916	0.4878025421518536	0.5519521420634433	0.5999476975912513	0.6307060231976718	0.6437679049708457	0.6393099984879784	0.6181324407484842
1.0	0.990768554467987	0.9633991831383624	0.9188543638192674	0.8586973268708921	0.7850324149553046	0.7004249322251079	0.6078036637373656	0.5103499270590209	0.4113775416928031	0.31420844705781775	0.2220488527019283	0.0	0.11054044840612039	0.21769092053135988	0.31818708386325917	0.409010985041224	0.4875021666763286	0.5514548436384745	0.5991973789950876	0.6296510126429343	0.6423656297970759	0.637531277489343	0.6159651071710902
1.0	0.990768554467987	0.9633991831383626	0.9188543638192679	0.8586973268708926	0.7850324149553056	0.7004249322251093	0.6078036637373669	0.5103499270590226	0.4113775416928051	0.31420844705782	0.22204885270193045	0.0	0.11054044840612012	0.2176909205313595	0.31818708386325856	0.4090109850412233	0.487502166676328	0.5514548436384739	0.5991973789950872	0.6296510126429341	0.642365629797076	0.6375312774893436	0.6159651071710913
1.0	0.9907685544679872	0.9633991831383627	0.9188543638192685	0.8586973268708937	0.7850324149553072	0.7004249322251115	0.6078036637373697	0.5103499270590259	0.4113775416928087	0.31420844705782364	0.22204885270193417	0.0	0.11054044840611975	0.21769092053135874	0.3181870838632575	0.4090109850412221	0.48750216667632673	0.5514548436384729	0.5991973789950866	0.629651012642934	0.6423656297970765	0.6375312774893449	0.6159651071710934
1.0	0.9907685544679872	0.9633991831383631	0.9188543638192693	0.8586973268708954	0.7850324149553094	0.7004249322251143	0.6078036637373733	0.5103499270590302	0.41137754169281343	0.31420844705782874	0.22204885270193944	0.0	0.11054044840611917	0.21769092053135763	0.318187083863256	0.4090109850412203	0.4875021666763249	0.5514548436384712	0.5991973789950852	0.6296510126429332	0.6423656297970763	0.6375312774893458	0.6159651071710953
1.0	0.990485838050891	0.9622917529844178	0.91644930723533	0.8546328548013858	0.779094067312369	0.6925739925858466	0.5981961838547163	0.49934519467724164	0.39953531544917675	0.30227480884676455	0.21093106812926013	0.0	0.11050973044543735	0.21744737898567007	0.31737740461754205	0.407131914924586	0.48393112844228636	0.5454884126970472	0.5900957460965258	0.6166862472258842	0.6248713458505363	0.614951197661698	0.5878980271914869
1.0	0.9904626076314623	0.9622012084537693	0.9162543404974647	0.8543074732349826	0.7786267987719439	0.6919703216612546	0.5974798417070191	0.4985581916512892	0.3987366796177071	0.3015380706368072	0.21034060699630286	0.0	0.11050694002513595	0.21742530627670506	0.3173043028667364	0.40696318140577814	0.4836127193447152	0.5449610652408079	0.5892997479398427	0.6155664565558139	0.6233821455214588	0.6130610646149034	0.5855934144513086
1.0	0.9904626076314623	0.9622012084537696	0.9162543404974648	0.8543074732349832	0.7786267987719444	0.6919703216612554	0.5974798417070201	0.49855819165129034	0.39873667961770837	0.30153807063680843	0.210340606996304	0.0	0.11050694002513581	0.2174253062767048	0.31730430286673605	0.4069631814057778	0.483612719344715	0.5449610652408079	0.5892997479398429	0.6155664565558142	0.6233821455214598	0.6130610646149047	0.5855934144513102
1.0	0.9904626076314623	0.9622012084537693	0.9162543404974647	0.8543074732349828	0.7786267987719439	0.6919703216612547	0.5974798417070192	0.49855819165128923	0.39873667961770715	0.3015380706368072	0.2103406069963028	0.0	0.11050694002513593	0.217425306276705	0.3173043028667364	0.40696318140577814	0.48361271934471534	0.544961065240808	0.589299747939843	0.6155664565558142	0.6233821455214594	0.613061064614904	0.5855934144513092
1.0	0.9904626076314625	0.9622012084537697	0.9162543404974651	0.8543074732349836	0.778626798771945	0.6919703216612563	0.5974798417070212	0.4985581916512915	0.39873667961770953	0.3015380706368098	0.21034060699630547	0.0	0.11050694002513567	0.2174253062767045	0.31730430286673567	0.40696318140577736	0.4836127193447145	0.5449610652408072	0.5892997479398424	0.6155664565558141	0.6233821455214595	0.6130610646149047	0.5855934144513105
1.0	0.9902598453605751	0.9614091637519835	0.914542312889965	0.8514338850337827	0.7744668680281431	0.6865363094072416	0.590932504194653	0.4912085749872633	0.39103795339173236	0.29406767792845806	0.20377357832071402	0.0	0.11048377858881422	0.21724196580129299	0.31669637944059453	0.4055575769101637	0.4809542852276483	0.5405456121244511	0.5826114472181525	0.6061173827696936	0.6107515574887076	0.5969320080762848	0.5657843510068249
1.0	0.9902349762397614	0.9613123213906359	0.9143341150513374	0.8510872285800675	0.7739706376194688	0.6858979711666461	0.5901793857138746	0.4903877135061516	0.39021448240570505	0.29332181378306665	0.20319635726130467	0.0	0.11048074701034284	0.21721799703010483	0.316617062213205	0.4053747052615812	0.48060970764630184	0.539975972434916	0.5817535114363771	0.6049136048616233	0.6091555161419376	0.594913347647677	0.5633328828879919
1.0	0.9902349762397612	0.9613123213906355	0.9143341150513363	0.8510872285800655	0.7739706376194659	0.6858979711666423	0.5901793857138701	0.4903877135061464	0.3902144824056992	0.29332181378306077	0.20319635726129895	0.0	0.11048074701034354	0.21721799703010605	0.3166170622132067	0.4053747052615831	0.48060970764630373	0.5399759724349175	0.5817535114363779	0.604913604861623	0.6091555161419363	0.5949133476476743	0.5633328828879878
1.0	0.9902349762397614	0.9613123213906359	0.914334115051337	0.8510872285800667	0.7739706376194676	0.6858979711666445	0.5901793857138726	0.49038771350614935	0.3902144824057025	0.29332181378306416	0.20319635726130214	0.0	0.11048074701034313	0.21721799703010536	0.3166170622132058	0.40537470526158204	0.4806097076463027	0.5399759724349167	0.5817535114363775	0.6049136048616232	0.6091555161419373	0.594913347647676	0.5633328828879902
1.0	0.9902349762397614	0.9613123213906359	0.9143341150513371	0.8510872285800667	0.7739706376194679	0.6858979711666449	0.5901793857138731	0.4903877135061499	0.39021448240570306	0.2933218137830646	0.20319635726130267	0.0	0.1104807470103431	0.21721799703010522	0.3166170622132056	0.40537470526158187	0.48060970764630256	0.5399759724349166	0.5817535114363775	0.6049136048616234	0.6091555161419376	0.5949133476476764	0.563332882887991
1.0	0.9901285347379846	0.9608987406353577	0.9134483135260856	0.849620417222942	0.7718866133981176	0.6832436992226384	0.5870889331790017	0.4870790578824184	0.3869792157395719	0.29050826872260466	0.20118715970106468	0.0	0.11046739191673176	0.21711254863774035	0.3162688990928575	0.40457454153553934	0.4791082252253256	0.5375065193470331	0.5780572102004846	0.5997650153385683	0.6023869209759832	0.5864357816746976	0.5531522090056471
1.0	0.9901020711628001	0.9607958467473897	0.9132276883024061	0.8492544979351528	0.7713656389818994	0.682578453059302	0.5863119394806107	0.48624410670713836	0.3861592016241031	0.28979144027474407	0.20067198532509428	0.0	0.11046408180986432	0.21708639667768861	0.316182462463098	0.40437559817341295	0.47873420453326315	0.5368899299862314	0.5771316924190489	0.5984715978398135	0.6006800412939841	0.5842886359284535	0.5505610316108438
1.0	0.9901020711627998	0.9607958467473888	0.9132276883024043	0.8492544979351496	0.7713656389818951	0.6825784530592962	0.5863119394806035	0.48624410670713014	0.3861592016240942	0.2897914402747349	0.20067198532508548	0.0	0.11046408180986537	0.21708639667769064	0.31618246246310067	0.4043755981734159	0.4787342045332661	0.5368899299862339	0.5771316924190503	0.5984715978398133	0.600680041293982	0.584288635928449	0.5505610316108371
1.0	0.9901020711627998	0.9607958467473888	0.9132276883024045	0.84925449793515	0.7713656389818955	0.6825784530592967	0.5863119394806041	0.4862441067071307	0.38615920162409473	0.2897914402747355	0.20067198532508582	0.0	0.1104640818098653	0.21708639667769045	0.31618246246310044	0.40437559817341573	0.4787342045332658	0.5368899299862339	0.5771316924190504	0.5984715978398136	0.6006800412939824	0.5842886359284498	0.5505610316108382
1.0	0.9901020711627998	0.9607958467473892	0.9132276883024051	0.849254497935151	0.771365638981897	0.6825784530592988	0.5863119394806066	0.4862441067071336	0.386159201624098	0.2897914402747388	0.20067198532508915	0.0	0.1104640818098649	0.21708639667768978	0.3161824624630995	0.4043755981734146	0.4787342045332648	0.536889929986233	0.5771316924190498	0.5984715978398133	0.600680041293983	0.5842886359284511	0.5505610316108401
1.0	0.9901074199582136	0.9608192629574708	0.913287639963512	0.8493780181420909	0.7715897124069816	0.6829495880588868	0.5868837102979096	0.48707264616481033	0.38729683191704656	0.29127883212806827	0.20252941790969053	0.0	0.11046328619188861	0.21708039262889695	0.31616418664329593	0.4043386678833712	0.4786774463849515	0.5368225865026032	0.5770786808922727	0.5984781411562057	0.6008149930783532	0.5846458840111007	0.5512584819847285
1.0	0.9900798299039343	0.9607121254583697	0.913058421935188	0.8489990970624381	0.771052723381198	0.6822682839017805	0.5860950866000099	0.4862362005087608	0.3864919536837487	0.290600448633355	0.20208214570819955	0.0	0.11045975811883864	0.21705253338492453	0.3160721893286968	0.4041271943144498	0.4782805287657235	0.5361696118567236	0.5761010318343426	0.5971160141191708	0.5990238937917556	0.5824023115026966	0.5485643562861956
1.0	0.9900798299039343	0.9607121254583697	0.9130584219351879	0.8489990970624378	0.7710527233811977	0.68226828390178	0.5860950866000093	0.48623620050876026	0.3864919536837481	0.2906004486333544	0.20208214570819893	0.0	0.1104597581188387	0.21705253338492467	0.31607218932869696	0.40412719431445004	0.4782805287657238	0.5361696118567236	0.5761010318343425	0.5971160141191705	0.5990238937917551	0.5824023115026961	0.5485643562861949
1.0	0.9900798299039341	0.960712125458369	0.9130584219351868	0.8489990970624359	0.7710527233811948	0.6822682839017762	0.5860950866000046	0.48623620050875493	0.38649195368374245	0.2906004486333485	0.2020821457081934	0.0	0.11045975811883942	0.21705253338492597	0.3160721893286986	0.4041271943144519	0.4782805287657255	0.5361696118567251	0.5761010318343434	0.5971160141191704	0.5990238937917536	0.5824023115026931	0.5485643562861904
1.0	0.9900798299039341	0.9607121254583694	0.9130584219351875	0.8489990970624371	0.7710527233811967	0.6822682839017787	0.5860950866000079	0.48623620050875854	0.3864919536837463	0.2906004486333526	0.20208214570819738	0.0	0.11045975811883893	0.21705253338492508	0.3160721893286975	0.40412719431445054	0.47828052876572424	0.5361696118567241	0.5761010318343428	0.5971160141191704	0.5990238937917546	0.5824023115026948	0.5485643562861934
1.0	0.9902072906088298	0.9612110579304542	0.9141407268103456	0.8508251934069077	0.7737151178024042	0.6857790352586616	0.5903779149377075	0.49112374226705274	0.39172839177887325	0.2958494600662489	0.20693982591830973	0.0	0.11047372267871997	0.21716318614621577	0.316439720731563	0.4049790326844696	0.47989669387092104	0.5388644460300726	0.580202302437863	0.6029425274909123	0.6068628471932999	0.5924876314702407	0.5610572280839484
1.0	0.9901794949301913	0.9611031667846267	0.9139100650987733	0.8504443104010931	0.773176218747674	0.6850968882044023	0.5895909783270302	0.4902933789554986	0.39093616566183326	0.29519264415083335	0.20652537705192164	0.0	0.11047013706754459	0.21713487543096205	0.31634624869983147	0.40476422269310425	0.47949364840133507	0.538201674302623	0.5792105187392059	0.6015616289466129	0.6050485576847012	0.5902173099648308	0.5583343844657264
1.0	0.9901794949301913	0.9611031667846263	0.9139100650987723	0.8504443104010916	0.7731762187476717	0.6850968882043992	0.5895909783270266	0.49029337895549424	0.3909361656618286	0.2951926441508287	0.20652537705191734	0.0	0.11047013706754512	0.21713487543096308	0.31634624869983285	0.40476422269310564	0.4794936484013365	0.538201674302624	0.5792105187392063	0.6015616289466126	0.6050485576846999	0.5902173099648282	0.5583343844657225
1.0	0.9901794949301913	0.9611031667846265	0.9139100650987726	0.8504443104010921	0.7731762187476725	0.6850968882044002	0.5895909783270277	0.49029337895549574	0.39093616566183026	0.2951926441508303	0.20652537705191884	0.0	0.11047013706754492	0.21713487543096271	0.3163462486998323	0.4047642226931052	0.47949364840133596	0.5382016743026237	0.579210518739206	0.6015616289466126	0.6050485576847002	0.590217309964829	0.5583343844657236
1.0	0.9901794949301913	0.961103166784627	0.9139100650987738	0.8504443104010941	0.7731762187476755	0.6850968882044043	0.5895909783270328	0.4902933789555015	0.3909361656618366	0.2951926441508366	0.20652537705192492	0.0	0.11047013706754422	0.21713487543096138	0.3163462486998305	0.40476422269310314	0.47949364840133407	0.5382016743026221	0.5792105187392054	0.601561628946613	0.6050485576847021	0.5902173099648322	0.5583343844657286
1.0	0.9904298653946743	0.962080042521109	0.9160173830309739	0.853970981507734	0.7782609193924211	0.6917028659739743	0.5974926607270202	0.49907585576496355	0.40000782937166907	0.30381046379821136	0.21383149649806157	0.0	0.1104994641665774	0.2173669067363583	0.3171149836114101	0.40653956825471316	0.48284628781013705	0.5437597183412716	0.5876106664264141	0.6133979284937316	0.620822039744886	0.6102897506492105	0.5828892454886695
1.0	0.9904030988637743	0.9619760782943736	0.9157948671835525	0.8536029420201487	0.7777390010503588	0.6910401654292543	0.5967249223818609	0.49826089612424135	0.3992231742594277	0.3031493022493249	0.2133971698936243	0.0	0.11049604044826915	0.21733986430378696	0.31702564379601783	0.40633407516406933	0.4824602846878434	0.5431240735491429	0.5866578535668183	0.6120686146471636	0.6190714132190637	0.6080931266783806	0.5802465248798627
1.0	0.9904030988637743	0.9619760782943734	0.9157948671835523	0.853602942020148	0.7777390010503578	0.6910401654292531	0.5967249223818594	0.4982608961242396	0.39922317425942583	0.3031493022493229	0.2133971698936224	0.0	0.11049604044826937	0.21733986430378738	0.3170256437960184	0.40633407516406994	0.482460284687844	0.5431240735491434	0.5866578535668188	0.6120686146471638	0.6190714132190634	0.60809312667838	0.5802465248798618
1.0	0.9904030988637743	0.9619760782943737	0.9157948671835529	0.8536029420201492	0.7777390010503596	0.6910401654292555	0.5967249223818625	0.4982608961242431	0.39922317425942955	0.3031493022493268	0.2133971698936262	0.0	0.11049604044826894	0.21733986430378657	0.3170256437960173	0.4063340751640687	0.4824602846878429	0.5431240735491426	0.5866578535668182	0.6120686146471637	0.6190714132190642	0.6080931266783817	0.5802465248798645
1.0	0.9904030988637742	0.961976078294373	0.9157948671835517	0.8536029420201472	0.7777390010503566	0.6910401654292513	0.5967249223818574	0.4982608961242372	0.39922317425942316	0.30314930224932013	0.21339716989361973	0.0	0.11049604044826969	0.21733986430378793	0.3170256437960191	0.40633407516407083	0.4824602846878449	0.5431240735491442	0.5866578535668191	0.6120686146471634	0.6190714132190627	0.6080931266783786	0.5802465248798596
1.0	0.99076476689602	0.9633863002944384	0.9188335755108555	0.8586796605275318	0.7850406726482301	0.7004938261886419	0.6079779019838579	0.5106801760305114	0.4119143819014051	0.3149946275211957	0.22311032751744558	0.0	0.11053916172899617	0.2176809983995699	0.31815564640998373	0.408943078758502	0.48738551840366884	0.5512854270847168	0.5989852038675348	0.6294254836301034	0.6421798084697476	0.637464417164399	0.6161229182004049
1.0	0.9907403271317072	0.9632912148396222	0.9186294744784211	0.8583406293350568	0.7845570024841807	0.6998746226199527	0.607252348044434	0.5098973284344184	0.41114146956448255	0.3143139151888595	0.22261469861249641	0.0	0.11053611713407042	0.21765693150148926	0.31807603132756374	0.40875960942972744	0.4870400381567935	0.5507147673782753	0.5981266189467807	0.628222325306473	0.6405870635899841	0.6354537310366702	0.6136867504809916
1.0	0.990740327131707	0.9632912148396221	0.9186294744784208	0.8583406293350564	0.7845570024841799	0.6998746226199517	0.6072523480444326	0.5098973284344169	0.41114146956448094	0.31431391518885776	0.2226146986124947	0.0	0.11053611713407059	0.2176569315014896	0.31807603132756423	0.40875960942972794	0.4870400381567939	0.5507147673782757	0.598126618946781	0.6282223253064732	0.6405870635899839	0.6354537310366697	0.6136867504809909
1.0	0.990740327131707	0.9632912148396218	0.9186294744784201	0.8583406293350554	0.7845570024841784	0.6998746226199496	0.6072523480444302	0.509897328434414	0.4111414695644777	0.3143139151888543	0.22261469861249128	0.0	0.11053611713407101	0.21765693150149035	0.3180760313275652	0.4087596094297291	0.48704003815679503	0.5507147673782767	0.5981266189467818	0.6282223253064735	0.6405870635899834	0.6354537310366687	0.613686750480989
1.0	0.990740327131707	0.9632912148396219	0.9186294744784204	0.8583406293350557	0.784557002484179	0.6998746226199504	0.6072523480444311	0.5098973284344152	0.4111414695644789	0.3143139151888556	0.22261469861249256	0.0	0.11053611713407084	0.21765693150149007	0.31807603132756485	0.40875960942972867	0.48704003815679475	0.5507147673782764	0.5981266189467814	0.6282223253064734	0.6405870635899836	0.6354537310366691	0.6136867504809896
1.0	0.9911889138531267	0.9650413575416312	0.9224042842690425	0.8646558156218971	0.7936563455506966	0.7116826438833189	0.6213473996961083	0.5255071792415928	0.4271621941658154	0.3293515676072599	0.23504793764145065	0.0	0.11058938732185332	0.21807855714119448	0.31947378566162155	0.41199045950480767	0.49314808461133136	0.560854243219079	0.6134744709671957	0.6498855557207424	0.6695103822216665	0.6723331381642588	0.6588944311717483
1.0	0.9911678790637982	0.9649593136561657	0.9222274113779848	0.8643601202970675	0.7932307115332994	0.7111310612561464	0.6206902178599916	0.5247812833228611	0.42642006484931533	0.32865924768667826	0.23448199150221882	0.0	0.11058687935386231	0.21805870952625084	0.3194080022745367	0.4118384523835209	0.4928608314971871	0.5603776573620377	0.6127535674621608	0.6488688670491167	0.6681543573014188	0.6706062551400597	0.6567807647571423
1.0	0.9911678790637982	0.964959313656165	0.9222274113779833	0.8643601202970647	0.7932307115332953	0.711131061256141	0.6206902178599846	0.5247812833228528	0.42642006484930606	0.3286592476866685	0.23448199150220883	0.0	0.1105868793538634	0.21805870952625295	0.3194080022745396	0.4118384523835242	0.49286083149719045	0.5603776573620408	0.6127535674621633	0.648868867049118	0.6681543573014186	0.6706062551400576	0.6567807647571381
1.0	0.9911678790637982	0.9649593136561655	0.9222274113779845	0.8643601202970669	0.7932307115332985	0.7111310612561451	0.6206902178599899	0.524781283322859	0.426420064849313	0.32865924768667576	0.23448199150221613	0.0	0.1105868793538626	0.21805870952625148	0.31940800227453753	0.41183845238352185	0.49286083149718807	0.5603776573620388	0.6127535674621618	0.6488688670491176	0.6681543573014195	0.6706062551400599	0.6567807647571422
1.0	0.9911678790637982	0.9649593136561652	0.9222274113779836	0.8643601202970653	0.793230711533296	0.7111310612561419	0.6206902178599859	0.5247812833228543	0.4264200648493077	0.3286592476866701	0.23448199150221044	0.0	0.11058687935386322	0.21805870952625261	0.31940800227453914	0.4118384523835237	0.49286083149718996	0.5603776573620405	0.6127535674621629	0.6488688670491181	0.6681543573014191	0.6706062551400584	0.6567807647571393
1.0	0.9916686521801679	0.966915675142346	0.9264566458780796	0.8714590353834546	0.8035053401424493	0.7245431710995052	0.6368239359726132	0.542832122170757	0.44520749156925044	0.3466627248471605	0.2498991945385638	0.0	0.1106452577353685	0.2185211461894538	0.32094316463730627	0.415393808822774	0.4995993087827602	0.5715985064373226	0.6298016641026988	0.6730373295148724	0.7005857791557912	0.712198006214844	0.708099697335775
1.0	0.9917122199367358	0.967086033284662	0.9268254861896168	0.8720795145908762	0.8044060668191982	0.7257235148062029	0.6382509278794718	0.5444391416112692	0.44689484855007244	0.34830015821198756	0.25133021325637184	0.0	0.11065027848499195	0.2185609406632454	0.321075400662625	0.415700482901861	0.5001815879445097	0.5725702523083156	0.6312819600423499	0.6751423838268893	0.7034206126516075	0.7158483490774674	0.7126245174318705
1.0	0.9917122199367356	0.9670860332846616	0.9268254861896157	0.8720795145908746	0.8044060668191959	0.7257235148061996	0.6382509278794677	0.5444391416112642	0.4468948485500668	0.3483001582119814	0.25133021325636523	0.0	0.1106502784849926	0.21856094066324666	0.32107540066262674	0.41570048290186307	0.500181587944512	0.5725702523083176	0.6312819600423517	0.6751423838268906	0.7034206126516078	0.715848349077467	0.7126245174318686
1.0	0.991771516384482	0.9673179883287673	0.9273280453744406	0.872925835160037	0.8056364610136246	0.7273391479958962	0.6402096297249693	0.5466535897187473	0.4492332725781201	0.35058959299718234	0.2533622075055768	0.0	0.11065703701990705	0.2186145145316898	0.3212534571887828	0.4161135265091575	0.5009660924983823	0.573880035545278	0.6332782247424235	0.6779829196665857	0.7072486997045743	0.7207819264720149	0.718746177542826
1.0	0.9917122199367356	0.9670860332846613	0.9268254861896146	0.8720795145908727	0.8044060668191929	0.7257235148061957	0.6382509278794626	0.5444391416112581	0.44689484855005973	0.3483001582119736	0.25133021325635707	0.0	0.11065027848499343	0.21856094066324822	0.32107540066262896	0.4157004829018657	0.5001815879445147	0.5725702523083204	0.631281960042354	0.6751423838268922	0.7034206126516084	0.7158483490774662	0.7126245174318664
1.0	0.9918924515204117	0.9677910998793953	0.9283532347934111	0.8746525700983245	0.8081472951118308	0.7306367334739845	0.6442079437910507	0.5511739043859956	0.45400518074574575	0.35525717084589326	0.25749515433312137	0.0	0.11067085577844217	0.21872407070125263	0.3216176690534407	0.4169587072122117	0.5025721159397527	0.5765629327043033	0.6373700448201983	0.6838098286943511	0.715108384951068	0.7309214236931748	0.731341237400744
1.0	0.9918772457957018	0.967731522361593	0.9282237922292242	0.8744336823623526	0.8078272330715979	0.7302131527910525	0.6436889314120965	0.5505784767236038	0.45336319771883404	0.354608656963988	0.25688904570281124	0.0	0.11066919684349175	0.21871091450451527	0.32157390950342873	0.4168570845320442	0.5023788213547487	0.5762396272793356	0.6368761957880902	0.6831052506623344	0.7141558623827551	0.729689285549528	0.7298057550660927
1.0	0.9918772457957018	0.967731522361593	0.9282237922292248	0.8744336823623535	0.8078272330715992	0.7302131527910544	0.6436889314120988	0.5505784767236067	0.45336319771883726	0.3546086569639915	0.25688904570281523	0.0	0.11066919684349136	0.2187109145045145	0.32157390950342774	0.41685708453204284	0.5023788213547472	0.5762396272793342	0.6368761957880889	0.6831052506623333	0.7141558623827543	0.7296892855495277	0.7298057550660929
1.0	0.9918772457957018	0.9677315223615932	0.9282237922292248	0.8744336823623532	0.807827233071599	0.730213152791054	0.6436889314120984	0.5505784767236063	0.45336319771883665	0.3546086569639909	0.2568890457028144	0.0	0.11066919684349145	0.21871091450451466	0.3215739095034279	0.4168570845320431	0.5023788213547475	0.5762396272793345	0.6368761957880894	0.6831052506623337	0.7141558623827549	0.729689285549528	0.7298057550660931
1.0	0.9918772457957018	0.967731522361593	0.9282237922292248	0.8744336823623534	0.8078272330715992	0.7302131527910543	0.6436889314120987	0.5505784767236066	0.4533631977188373	0.35460865696399163	0.25688904570281523	0.0	0.11066919684349132	0.2187109145045144	0.32157390950342746	0.4168570845320427	0.5023788213547469	0.5762396272793339	0.6368761957880883	0.6831052506623326	0.7141558623827535	0.7296892855495268	0.7298057550660919
1.0	0.9921713155091058	0.9688832030244814	0.9307240326076899	0.8786563993546436	0.8139906277605361	0.7383487356357522	0.6536198786481374	0.5619085370395466	0.4654769101643782	0.366683146370901	0.26791715077210776	0.0	0.1107020260386462	0.21897130822700578	0.3224402473388116	0.4188697080725729	0.5062087399775933	0.5826490299776221	0.6466725672456688	0.6970911953403257	0.7330769584066971	0.7541824111417798	0.760350348498503
1.0	0.9920527976744805	0.9684189236637146	0.9297156578606206	0.8769522440948821	0.8115011600069747	0.7350590839665934	0.649598705240735	0.5573127913004339	0.4605521515051031	0.361759312714329	0.2633998444334038	0.0	0.11068883573922865	0.21886666634854463	0.322091992601054	0.41806031070802446	0.5046676290359969	0.5800681735800359	0.6427246163314796	0.6914493825694504	0.7254358576231483	0.7442786128149375	0.747982095083388
1.0	0.9921061089069517	0.9686276988741115	0.9301688559543574	0.8777175429409899	0.8126179010333621	0.7365326000196447	0.6513963248385434	0.5593617414161283	0.46273950017859744	0.3639340053098694	0.26537679671569536	0.0	0.11069481428492066	0.21891409022243444	0.32224979209076576	0.4184269617585238	0.5053654946610419	0.5812363564542016	0.6445106423689838	0.6940000901913256	0.7288879070384164	0.7487490523031445	0.7535594259313404
1.0	0.9921061089069517	0.9686276988741113	0.9301688559543566	0.8777175429409887	0.8126179010333602	0.736532600019642	0.6513963248385402	0.5593617414161244	0.46273950017859294	0.3639340053098644	0.26537679671569014	0.0	0.11069481428492116	0.21891409022243538	0.32224979209076715	0.41842696175852545	0.5053654946610436	0.5812363564542031	0.6445106423689853	0.6940000901913267	0.7288879070384168	0.7487490523031441	0.7535594259313392
1.0	0.9921061089069516	0.968627698874111	0.9301688559543566	0.8777175429409884	0.8126179010333596	0.7365326000196414	0.6513963248385392	0.5593617414161233	0.46273950017859167	0.36393400530986286	0.26537679671568853	0.0	0.11069481428492134	0.21891409022243571	0.32224979209076754	0.418426961758526	0.5053654946610443	0.5812363564542038	0.6445106423689858	0.694000090191327	0.7288879070384172	0.7487490523031445	0.7535594259313392
1.0	0.9926959012110179	0.970940641716386	0.9352016423281381	0.886245727186469	0.8251211165929722	0.7531328265669329	0.671812066901771	0.5828803736202289	0.488209337972913	0.38977689943372074	0.28962125196722593	0.0	0.11075928186287184	0.21942584964373385	0.32395475615986136	0.4223954485897336	0.5129361446395646	0.5939449000429036	0.6640063900874256	0.7219535315566548	0.7668931962692537	0.7982254102542776	0.8156555900377868
1.0	0.9925910862740233	0.9705292575118943	0.9343052484188251	0.8847237077431199	0.8228836799760634	0.7501519615097116	0.6681299924853749	0.5786151057204988	0.48355709368174915	0.3850111699867837	0.285088490481704	0.0	0.11074795682949276	0.21933589901733466	0.3236548019915493	0.42169636590397425	0.5116002707935822	0.5916977900765891	0.6605506910711216	0.716984468867811	0.7601151012199572	0.7893686736968263	0.8044934020633352
1.0	0.9925910862740233	0.9705292575118946	0.9343052484188253	0.8847237077431206	0.8228836799760643	0.7501519615097128	0.6681299924853765	0.5786151057205007	0.4835570936817516	0.38501116998678664	0.2850884904817071	0.0	0.11074795682949241	0.21933589901733402	0.32365480199154834	0.42169636590397314	0.5116002707935808	0.5916977900765876	0.6605506910711202	0.7169844688678095	0.760115101219956	0.7893686736968253	0.8044934020633346
1.0	0.9925910862740233	0.9705292575118943	0.9343052484188251	0.8847237077431198	0.822883679976063	0.7501519615097111	0.6681299924853742	0.5786151057204979	0.48355709368174815	0.38501116998678253	0.28508849048170254	0.0	0.11074795682949289	0.21933589901733497	0.3236548019915497	0.42169636590397475	0.5116002707935827	0.5916977900765896	0.6605506910711224	0.7169844688678118	0.760115101219958	0.789368673696827	0.8044934020633359
1.0	0.992489009416098	0.9701289106445973	0.9334339882520782	0.8832470464585602	0.8207182903319279	0.7472765217245142	0.6645933884626254	0.5745416030651197	0.47914820130233804	0.3805440372306642	0.28091080669181145	0.0	0.11073674734216567	0.21924689562949193	0.32335817118352483	0.42100556947402745	0.510281571329362	0.5894823559970256	0.6571488387258317	0.7121014940083148	0.7534680858272793	0.7807036090311528	0.7936019465706834
1.0	0.9934420809575789	0.9738715547263243	0.9415963446109356	0.8971237896757528	0.8411519547612581	0.7745576818237146	0.6983815951764868	0.6138103272774524	0.5221562809385154	0.4248352873401719	0.3233425562308549	0.0	0.11083925613056429	0.22006141935071438	0.3260761859233655	0.427346360829086	0.5224132465044169	0.6099206563469133	0.6886371333013231	0.757475986123423	0.815512795151476	0.8620000848843666	0.8963789115410107
1.0	0.993437512782707	0.9738535760272151	0.941556985992292	0.8970565067409347	0.8410521360764798	0.7744230967633856	0.6982127671589996	0.6136108198262671	0.5219328862604835	0.424598109647376	0.3231049847827163	0.0	0.11083879028565999	0.22005771405090196	0.3260638006153737	0.4273173984242091	0.522357661748201	0.609826653660223	0.6884916431004644	0.7572652063965826	0.8152227831654554	0.8616173823673993	0.8958911855734932
1.0	0.993437512782707	0.9738535760272148	0.9415569859922914	0.8970565067409337	0.8410521360764783	0.7744230967633835	0.6982127671589969	0.6136108198262638	0.5219328862604797	0.4245981096473713	0.3231049847827111	0.0	0.1108387902856605	0.22005771405090294	0.3260638006153751	0.42731739842421096	0.5223576617482031	0.6098266536602254	0.6884916431004667	0.7572652063965848	0.8152227831654576	0.861617382367401	0.8958911855734945
1.0	0.993437512782707	0.9738535760272147	0.941556985992291	0.8970565067409332	0.8410521360764774	0.7744230967633823	0.6982127671589953	0.6136108198262616	0.5219328862604771	0.4245981096473683	0.32310498478270766	0.0	0.1108387902856608	0.22005771405090352	0.326063800615376	0.427317398424212	0.5223576617482043	0.6098266536602266	0.6884916431004681	0.7572652063965862	0.8152227831654585	0.8616173823674019	0.8958911855734948
1.0	0.993437512782707	0.9738535760272147	0.941556985992291	0.8970565067409328	0.841052136076477	0.7744230967633815	0.6982127671589943	0.6136108198262605	0.5219328862604756	0.42459810964736666	0.32310498478270583	0.0	0.11083879028566097	0.22005771405090385	0.32606380061537643	0.4273173984242126	0.522357661748205	0.6098266536602274	0.6884916431004687	0.7572652063965867	0.8152227831654592	0.8616173823674025	0.8958911855734951
1.0	0.9937587214193085	0.9751165317786816	0.9443172546212402	0.9017635624544545	0.848011481744247	0.7837628092581717	0.7098555471852794	0.6272524924380435	0.5370281415390107	0.4403540961330656	0.3384831751022485	0.0	0.11087281848337832	0.2203283417317038	0.326968225794894	0.4294317654493793	0.5264140577573596	0.6166833892575331	0.6990976054895375	0.7726192362125466	0.836329167588837	0.8894386734999977	0.9312996417370539
1.0	0.9937554526254788	0.9751037086431189	0.9442893393758851	0.9017162360448054	0.8479420741206806	0.7836706742246687	0.7097423684227603	0.6271225090866406	0.5368882838005788	0.4402140236950787	0.33835521373387073	0.0	0.11087244802513595	0.22032539737397497	0.32695839661312504	0.4294088222443892	0.5263701301644106	0.616609322888902	0.6989833889137158	0.7724544854856207	0.8361036542590586	0.889142880549307	0.9309253308403174
1.0	0.9937554526254789	0.9751037086431197	0.9442893393758868	0.9017162360448081	0.8479420741206847	0.7836706742246747	0.7097423684227682	0.6271225090866506	0.5368882838005908	0.44021402369509266	0.3383552137338867	0.0	0.11087244802513443	0.22032539737397205	0.32695839661312076	0.42940882224438376	0.5263701301644044	0.6166093228888953	0.6989833889137088	0.7724544854856138	0.8361036542590521	0.8891428805493014	0.9309253308403133
1.0	0.9937554526254789	0.9751037086431189	0.9442893393758854	0.9017162360448058	0.8479420741206809	0.7836706742246694	0.7097423684227612	0.6271225090866419	0.5368882838005804	0.4402140236950803	0.3383552137338726	0.0	0.11087244802513578	0.22032539737397466	0.32695839661312454	0.4294088222443886	0.5263701301644099	0.6166093228889015	0.698983388913715	0.7724544854856201	0.836103654259058	0.8891428805493065	0.9309253308403171
1.0	0.9937554526254789	0.9751037086431192	0.9442893393758853	0.901716236044806	0.8479420741206811	0.7836706742246697	0.7097423684227615	0.6271225090866422	0.5368882838005808	0.44021402369508095	0.3383552137338733	0.0	0.11087244802513573	0.22032539737397455	0.32695839661312437	0.4294088222443883	0.5263701301644096	0.616609322888901	0.6989833889137148	0.7724544854856196	0.8361036542590576	0.8891428805493062	0.9309253308403168
1.0	0.9936323741541401	0.9746203809328791	0.9432352644091403	0.899924424888027	0.8453044896513685	0.7801517715280782	0.705390271552524	0.6220774220182784	0.5313878029400562	0.4345950976812398	0.33305258173629587	0.0	0.11085890155088798	0.2202176991535057	0.32659868426716154	0.4285685811439015	0.5247598741637208	0.6138910849784286	0.694785676894618	0.7663892868801131	0.8277850135177135	0.8782065216727606	0.917048761027402
1.0	0.9936280548454267	0.9746034394859502	0.9431983936378727	0.8998619382688929	0.8452128893572406	0.7800302389116309	0.7052410616762066	0.6219061465132663	0.531203588617918	0.434410611840043	0.3328839189084546	0.0	0.11085841305984015	0.22021381752015165	0.32658573081081865	0.42853836043896454	0.5247020501719508	0.6137936645628181	0.6946355858976555	0.7661730209873243	0.8274893436336296	0.8778192315787312	0.9165593937235855
1.0	0.9936280548454268	0.9746034394859505	0.9431983936378733	0.8998619382688939	0.845212889357242	0.7800302389116329	0.705241061676209	0.6219061465132693	0.5312035886179218	0.4344106118400472	0.33288391890845953	0.0	0.11085841305983968	0.2202138175201508	0.3265857308108173	0.4285383604389629	0.5247020501719488	0.613793664562816	0.6946355858976535	0.7661730209873222	0.8274893436336279	0.8778192315787295	0.9165593937235844
1.0	0.9936280548454268	0.9746034394859505	0.9431983936378733	0.8998619382688939	0.8452128893572418	0.7800302389116329	0.7052410616762089	0.621906146513269	0.5312035886179214	0.4344106118400469	0.33288391890845903	0.0	0.11085841305983973	0.22021381752015087	0.3265857308108175	0.42853836043896304	0.5247020501719493	0.6137936645628165	0.694635585897654	0.7661730209873227	0.8274893436336284	0.8778192315787302	0.9165593937235852
1.0	0.9936280548454268	0.9746034394859502	0.9431983936378725	0.8998619382688926	0.8452128893572403	0.7800302389116307	0.7052410616762059	0.6219061465132654	0.531203588617917	0.4344106118400417	0.33288391890845315	0.0	0.11085841305984032	0.22021381752015196	0.3265857308108191	0.428538360438965	0.5247020501719516	0.6137936645628187	0.6946355858976565	0.7661730209873251	0.8274893436336306	0.877819231578732	0.9165593937235863
1.0	0.993073536461434	0.9724262188285986	0.9384514444359682	0.8917955327111606	0.8333439286142675	0.7642023176790673	0.6856730712341834	0.5992275436330877	0.5064748348283011	0.4091277093325996	0.30896642477699865	0.0	0.11079769440109474	0.21973122735447445	0.3249746568191021	0.42477764373074944	0.5175011826051948	0.6016508990331816	0.6759071883609707	0.739151540500141	0.7904884810768935	0.8292626570865423	0.8550707036489219
1.0	0.993044842360276	0.9723134921063118	0.9382054203896777	0.8913768212790465	0.8327264508739881	0.7633762485483633	0.6846471745756549	0.5980308053029305	0.5051573216315031	0.40776060668258624	0.3076412323597451	0.0	0.1107946460840864	0.2197070032742645	0.32489380855262806	0.4245889878877187	0.517140113342855	0.6010423495564319	0.674969141776246	0.737798971334259	0.7886375933614542	0.8268352736295042	0.8519986543310741
1.0	0.9930232211911267	0.9722285755103748	0.938020179440038	0.8910617748052817	0.8322622828207701	0.7627560392817324	0.6838781577141974	0.597135577133881	0.5041744481006684	0.4067445927715544	0.3066618397739897	0.0	0.1107923351680403	0.21968864163615925	0.32483254042494486	0.424446067881574	0.5168666932543097	0.6005817642454699	0.674259615286286	0.7367766494579266	0.7872397968495373	0.8250038575725518	0.849683354204477
1.0	0.9930097775739806	0.9721757862263088	0.9379050603965268	0.8908660810895226	0.831974148095569	0.762371369080974	0.6834017205052271	0.596581747040984	0.5035675647843922	0.4061189167711402	0.30606109524405406	0.0	0.11079089226846837	0.2196771780089324	0.32479429529617176	0.4243568735597909	0.516696105268952	0.6002945061209719	0.6738172872962997	0.736139641140434	0.7863693354269842	0.8238641189627307	0.8482435602122351
1.0	0.9930052157454217	0.9721578749816955	0.937866007431113	0.8907997102454273	0.8318764577286304	0.7622410058621941	0.6832403494091673	0.5963943017460926	0.5033623667260674	0.40590765552115915	0.3058586676001228	0.0	0.11079040160626374	0.21967327995809527	0.32478129161439523	0.424326550167973	0.5166381190668169	0.6001968793166461	0.6736669917742862	0.7359232521018382	0.7860737309151854	0.8234772000238861	0.847754965396679
1.0	0.9930097775739806	0.9721757862263085	0.9379050603965261	0.8908660810895217	0.8319741480955676	0.7623713690809722	0.6834017205052247	0.596581747040981	0.5035675647843888	0.4061189167711362	0.30606109524404956	0.0	0.11079089226846882	0.21967717800893324	0.32479429529617293	0.42435687355979235	0.5166961052689538	0.6002945061209737	0.6738172872963014	0.7361396411404355	0.7863693354269853	0.8238641189627316	0.8482435602122356
1.0	0.9930232211911267	0.9722285755103748	0.9380201794400381	0.8910617748052819	0.8322622828207707	0.7627560392817332	0.6838781577141984	0.5971355771338821	0.5041744481006696	0.406744592771556	0.30666183977399136	0.0	0.11079233516804016	0.21968864163615898	0.3248325404249444	0.4244460678815735	0.516866693254309	0.6005817642454694	0.6742596152862854	0.7367766494579264	0.7872397968495368	0.8250038575725517	0.8496833542044773
1.0	0.9930448423602763	0.9723134921063118	0.938205420389678	0.8913768212790469	0.8327264508739889	0.7633762485483642	0.6846471745756562	0.5980308053029322	0.505157321631505	0.4077606066825885	0.3076412323597477	0.0	0.11079464608408614	0.21970700327426404	0.32489380855262734	0.42458898788771793	0.5171401133428541	0.6010423495564308	0.6749691417762448	0.7377989713342578	0.7886375933614529	0.8268352736295033	0.8519986543310734
1.0	0.992145814567535	0.968790382548462	0.9305490807221077	0.8784277276127569	0.8137934849685877	0.7383353322029335	0.6540152826213959	0.5630117834668701	0.46765697199045186	0.370369640045824	0.27358588475090667	0.0	0.11069333796055297	0.21890276647640397	0.32221428612184444	0.41835166559457615	0.5052402570225354	0.5810648978255826	0.6443202043235787	0.6938517884602943	0.7288871987585755	0.7490556918629147	0.7543962726279637
1.0	0.9917941624053113	0.967414602642069	0.9275676625606182	0.8734057637017622	0.8064910258233927	0.7287459863416945	0.6423930093813466	0.5498843368443912	0.4538250340676096	0.35689130950039055	0.26174683405647764	0.0	0.11065279359819581	0.2185812377152227	0.32114488665805	0.41586841728284063	0.5005175647978531	0.5731673490226414	0.6322604145135129	0.6766536284420828	0.7056514606025627	0.7190250979976033	0.717016708136461
1.0	0.9914191103827797	0.9659489926797469	0.9243979219806939	0.8680820921402179	0.7987803617160034	0.7186731421982567	0.6302675763347698	0.5363116345884286	0.43970014455796713	0.34337604785477094	0.2502303416034255	0.0	0.11060879529221405	0.2182325589208562	0.3199865257730808	0.41318296801783083	0.4954210979670753	0.5646669741324669	0.6193206353159393	0.6582681393640261	0.6809167168878824	0.6872118467502705	0.6776356981614953
1.0	0.9915123832184827	0.9663127569370352	0.925181950711171	0.869392175029965	0.8006643143424051	0.721110202161792	0.6331618569596604	0.5394901032083533	0.4429153635943979	0.3463136736197174	0.25252112941587634	0.0	0.11062020782713032	0.21832293582612256	0.3202864058152988	0.41387698703246384	0.4967352425190923	0.5668526534060547	0.6226364199610193	0.6629601494032372	0.6871987269117137	0.6952462110342995	0.6875161789137318
1.0	0.9916183864021172	0.9667266671131229	0.9260759198110012	0.8708905946804584	0.802828455099938	0.7239263805073085	0.6365338407859349	0.5432362620148151	0.44677083909394233	0.3499376003081129	0.25550868396914567	0.0	0.11063286416846255	0.21842320861999887	0.32061937845296573	0.41464843665840306	0.4981980948936967	0.5692900103059556	0.626342026692154	0.6682173094188745	0.6942587633049973	0.7043076162202992	0.6987055817836736
1.0	0.991736061514643	0.9671865969764868	0.9270709410048201	0.8725625082606976	0.805251448271842	0.7270940716239032	0.6403506895106373	0.5475138839279978	0.451229534988671	0.35421316482030707	0.2591643066997245	0.0	0.11064664300056831	0.2185324184372126	0.3209822723932653	0.4154900115560066	0.49979590714780486	0.5719563572360179	0.630403368103466	0.6739919476509612	0.7020338981803941	0.7143169394084882	0.7111085706150234
1.0	0.9918641738932276	0.967687715123737	0.9281565394555304	0.8743902555276782	0.8079075698767733	0.7305793913270316	0.6445711132330537	0.5522758924969909	0.45624102686014095	0.35908974772213054	0.2634408878392056	0.0	0.11066141356679812	0.2186495301553323	0.3213716549910585	0.41639377423316626	0.50151366676898	0.5748267630803	0.6347826950899412	0.6802307758911746	0.7104529989375582	0.7251835414382071	0.724614183760717
1.0	0.9920012986408268	0.9682244327501728	0.9293205499135405	0.8763532070078023	0.8107665332199704	0.7343420294951706	0.6491453247377058	0.5574645153877511	0.4617419711376262	0.36450168765561447	0.2682744011706938	0.0	0.11067703193691084	0.2187734029863222	0.3217837354978524	0.4173509338128314	0.5033346842708607	0.5778733804641929	0.6394375997637022	0.6868735166846731	0.7194349476935578	0.7368030710215705	0.7390932431590427
1.0	0.9914276897572968	0.9659815235122147	0.924464553906977	0.868184721178514	0.7989102470773366	0.7188093763151528	0.6303765627470563	0.5363476678829693	0.4396071194256491	0.34309025403135124	0.24968423173402868	0.0	0.11061047696785921	0.21824580211254746	0.32003005372853793	0.41328234199556374	0.49560587415066815	0.5649672107857165	0.619762984485928	0.6588717909177003	0.6816894812702988	0.6881466653466426	0.6787078561095912
1.0	0.9913673716909915	0.9657451227252091	0.9239506739155011	0.867315102807172	0.7976373619750833	0.7171224505467163	0.6283057081211993	0.533965885705466	0.4370300396522173	0.3404735780398953	0.2472189545121246	0.0	0.11060393973822677	0.21819395304950912	0.31985756467040877	0.4128816678520433	0.4948434988731647	0.5636915048208212	0.6178132974927988	0.6560883419444453	0.6779235665761544	0.6832706835859219	0.6726246526921865
1.0	0.9913234181235817	0.9655728769975696	0.9235763205221771	0.8666817646947281	0.7967106450180725	0.7158948257613617	0.6267994941991816	0.5322346596451808	0.43515837681446506	0.33857510159675713	0.2454327544916356	0.0	0.11059917154129231	0.21815613810598997	0.319731782015256	0.4125895477146725	0.49428781998262683	0.5627619734249393	0.6163932279130404	0.6540619129448043	0.6751832970335181	0.6797247563682461	0.6682037180288178
1.0	0.9912966891938592	0.9654681396536755	0.9233487180578256	0.8662967757816595	0.7961474605249235	0.7151490108462568	0.6258847902030719	0.531183820734005	0.43402298188376365	0.33742433062326904	0.24435116810703186	0.0	0.11059626969346564	0.21813312596128603	0.3196552453403326	0.4124118232008234	0.4939498109632801	0.5621966874658327	0.6155298632739422	0.652830292928768	0.673518432440787	0.6775713075552957	0.6655201298929044
1.0	0.9912877191498559	0.9654329919867569	0.9232723447789891	0.8661676035369024	0.7959585247561987	0.7148988487089292	0.6255780432292949	0.5308315119320873	0.43364244740178687	0.3370388025869395	0.24398902202346698	0.0	0.11059529544065355	0.21812540021836127	0.31962955146853333	0.4123521643772276	0.49383635862059316	0.5620069725577199	0.6152401518500087	0.6524170780625125	0.6729599682324698	0.6768491080331994	0.6646203563130877
1.0	0.9912966891938592	0.9654681396536755	0.9233487180578256	0.8662967757816596	0.7961474605249234	0.7151490108462568	0.6258847902030719	0.531183820734005	0.43402298188376365	0.337424330623269	0.24435116810703172	0.0	0.11059626969346567	0.2181331259612861	0.3196552453403326	0.41241182320082354	0.4939498109632802	0.5621966874658327	0.6155298632739423	0.652830292928768	0.6735184324407871	0.6775713075552958	0.6655201298929043
1.0	0.9913234181235817	0.9655728769975696	0.9235763205221768	0.8666817646947278	0.7967106450180721	0.715894825761361	0.6267994941991807	0.5322346596451798	0.4351583768144639	0.33857510159675586	0.24543275449163432	0.0	0.11059917154129242	0.21815613810599024	0.31973178201525637	0.41258954771467293	0.4942878199826272	0.5627619734249398	0.6163932279130407	0.6540619129448045	0.6751832970335182	0.6797247563682459	0.6682037180288174
1.0	0.9913673716909915	0.9657451227252093	0.9239506739155019	0.8673151028071735	0.7976373619750856	0.7171224505467194	0.6283057081212033	0.5339658857054707	0.4370300396522227	0.34047357803990125	0.24721895451213086	0.0	0.11060393973822612	0.21819395304950784	0.31985756467040705	0.41288166785204117	0.4948434988731624	0.5636915048208191	0.6178132974927969	0.656088341944444	0.6779235665761538	0.6832706835859222	0.672624652692188
1.0	0.9907264159285578	0.9632449210811689	0.9185599864200901	0.8583019262599496	0.7846630367956025	0.700311801935582	0.6082886018146871	0.5118870968485975	0.4145260285070947	0.3196165542140488	0.2304304028782385	0.0	0.1105266899843586	0.21758237382943146	0.31782921027654276	0.40819039903516163	0.48596769276072443	0.5489438878534174	0.595466242973235	0.6245075431476707	0.6357024280117876	0.6293575983855985	0.6064355655387226
1.0	0.9906513210693411	0.9629514699986083	0.9179252867850305	0.8572356698272109	0.7831177454250546	0.6982904677614998	0.6058492262137091	0.5091438019670298	0.4116466031484956	0.3168164931436193	0.22796369483356618	0.0	0.11051809839806843	0.21751433732611397	0.31760346113354626	0.4076679393136972	0.48497834645963106	0.5472981800042469	0.5929689292811113	0.6209720140501075	0.6309651523321307	0.6232917574335463	0.5989630596408045
1.0	0.9905967934105129	0.9627384250380004	0.9174646239450169	0.8564620939436458	0.7819972265983037	0.6968257751056892	0.6040831718240997	0.5071599579143237	0.4095673947652922	0.3147987189412065	0.22619166934299892	0.0	0.11051184816082842	0.217464847564472	0.31743928266629945	0.4072880775608055	0.484259280111954	0.54610258122295	0.5911555824880347	0.6184063569111519	0.6275298199506083	0.6188965015171578	0.5935534392289108
1.0	0.9905637142177399	0.9626091962913264	0.9171852500254356	0.855993083139287	0.7813181252712904	0.6959385189163962	0.6030140317010871	0.5059599367780088	0.40831101789924595	0.31358125176877943	0.22512488638768555	0.0	0.11050805128421612	0.21743478606331326	0.31733956928217755	0.40705741290605013	0.4838227457754912	0.5453769701475056	0.5900554564681229	0.6168504760596694	0.6254475631738453	0.616233891929416	0.5902784044609639
1.0	0.9905526266439717	0.9625658836360651	0.9170916238058527	0.8558359271381784	0.7810906168154781	0.6956413511509477	0.6026560620550289	0.5055583133438403	0.4078907648621409	0.31317432576166465	0.22476874607689476	0.0	0.11050677772695819	0.2174247031772973	0.3173061268494683	0.40698005877932003	0.4836763709407998	0.545133702329678	0.5896866974482512	0.6163290627155574	0.6247499236095914	0.6153420664369668	0.5891818065957927
1.0	0.9905637142177401	0.9626091962913267	0.9171852500254367	0.8559930831392892	0.7813181252712934	0.6959385189164004	0.6030140317010921	0.5059599367780147	0.4083110178992524	0.31358125176878626	0.22512488638769237	0.0	0.11050805128421533	0.2174347860633118	0.3173395692821755	0.4070574129060478	0.48382274577548895	0.5453769701475036	0.5900554564681214	0.6168504760596687	0.6254475631738459	0.6162338919294178	0.5902784044609674
1.0	0.9905967934105131	0.9627384250380004	0.9174646239450173	0.8564620939436465	0.7819972265983046	0.6968257751056903	0.6040831718241011	0.5071599579143251	0.40956739476529386	0.31479871894120826	0.22619166934300075	0.0	0.11051184816082821	0.2174648475644716	0.31743928266629895	0.40728807756080493	0.4842592801119535	0.5461025812229494	0.5911555824880342	0.6184063569111518	0.6275298199506086	0.6188965015171584	0.5935534392289119
1.0	0.9906513210693413	0.9629514699986089	0.9179252867850317	0.8572356698272127	0.7831177454250574	0.6982904677615035	0.6058492262137138	0.5091438019670352	0.4116466031485015	0.3168164931436256	0.22796369483357226	0.0	0.11051809839806777	0.2175143373261127	0.31760346113354454	0.4076679393136953	0.4849783464596292	0.5472981800042455	0.5929689292811107	0.6209720140501075	0.6309651523321319	0.623291757433549	0.5989630596408088
1.0	0.9901095829735224	0.9608441788472057	0.9134035148470564	0.8497285594981656	0.7724164274362213	0.684606656064032	0.5898439661686936	0.4919236692555475	0.3947266538162792	0.30205133623732516	0.21745007934299865	0.0	0.11044998496564772	0.21697587362026036	0.31582195456444534	0.4035617875187789	0.47724443251151255	0.5345195288545626	0.5737356900172049	0.5940078899133892	0.5952509201034955	0.5781775315613832	0.5442614686571936
1.0	0.9900205163815706	0.9604973100980373	0.9126576485337339	0.8484862652234767	0.7706372008373087	0.6823160602216234	0.5871380483132251	0.48896824402171096	0.39175136882915046	0.2993387693477521	0.21532043952597033	0.0	0.11043915561340976	0.2168902564228041	0.3155386499654422	0.4029086643424137	0.4760138980881196	0.5324854604571666	0.5706724142848428	0.5897099501673719	0.5895523011060286	0.5709690221383759	0.5355049348144888
1.0	0.9899559252803234	0.9602458213404481	0.9121170987973279	0.8475864812099511	0.7693495773956484	0.6806601647265742	0.5851847341390611	0.48683897781192603	0.3896137188343214	0.29739825085285143	0.2138091533190084	0.0	0.1104312776530995	0.2168279820818277	0.3153326363902811	0.4024338895103833	0.4751197866605066	0.5310083201669337	0.568449354261656	0.5865933447213092	0.5854238121524558	0.5657522041641009	0.529175517985922
1.0	0.9899167754255361	0.960093414674398	0.9117896090801294	0.8470415770785833	0.7685702418108856	0.6796586873641448	0.5840045608666817	0.48555423880684445	0.38832640696831744	0.2962331756310564	0.2129069435581464	0.0	0.11042649236352171	0.21679015871225857	0.3152075315207526	0.40214564346735276	0.4745771193991121	0.5301121350146789	0.5671012383686349	0.5847043890833686	0.5829231438756607	0.5625946313583599	0.5253477332015527
1.0	0.9899036589540943	0.960042357820184	0.9116799145930982	0.8468590970820954	0.7683093298765908	0.6793235342502122	0.5836098076909597	0.4851248079700061	0.3878965419443589	0.29584473271869494	0.21260702866046785	0.0	0.1104248873680133	0.21677747332410313	0.31516557680521656	0.4020489899473552	0.4743951828586581	0.5298117352359298	0.5666494580173421	0.5840715377530764	0.5820856222402477	0.561537493182016	0.5240667585661941
1.0	0.9899167754255362	0.9600934146743981	0.9117896090801297	0.847041577078584	0.7685702418108865	0.6796586873641461	0.5840045608666832	0.4855542388068461	0.3883264069683193	0.29623317563105817	0.21290694355814804	0.0	0.11042649236352148	0.21679015871225818	0.31520753152075204	0.4021456434673523	0.47457711939911157	0.5301121350146785	0.5671012383686348	0.5847043890833687	0.5829231438756612	0.562594631358361	0.5253477332015543
1.0	0.9899559252803234	0.9602458213404479	0.9121170987973276	0.8475864812099507	0.7693495773956478	0.6806601647265734	0.5851847341390604	0.486838977811925	0.3896137188343203	0.29739825085285027	0.21380915331900738	0.0	0.11043127765309964	0.216827982081828	0.3153326363902814	0.40243388951038367	0.47511978666050714	0.531008320166934	0.5684493542616562	0.5865933447213094	0.5854238121524558	0.5657522041641005	0.5291755179859214
1.0	0.9900205163815706	0.9604973100980374	0.9126576485337342	0.8484862652234774	0.7706372008373092	0.6823160602216244	0.5871380483132264	0.48896824402171235	0.3917513688291519	0.29933876934775344	0.2153204395259715	0.0	0.11043915561340965	0.21689025642280385	0.31553864996544184	0.40290866434241335	0.47601389808811945	0.5324854604571666	0.5706724142848432	0.5897099501673725	0.5895523011060297	0.5709690221383772	0.5355049348144907
1.0	0.9896406138030317	0.9590240039611312	0.9095127746088698	0.8433055427443605	0.7633320924788074	0.6731138765621192	0.5765967113070687	0.47796386434638566	0.3814386784034383	0.2910863619109372	0.21062458541088025	0.0	0.11038919245008977	0.21649585931365348	0.31423701309408186	0.3999190545563787	0.47040872812958084	0.5232769135723941	0.556908332368988	0.5705719364356575	0.5644486924918379	0.5396155800400858	0.4979867786254529
1.0	0.9895393528940604	0.9586309512353418	0.9086724387860553	0.8419177858825643	0.7613680955049971	0.6706264443576533	0.5737239985983144	0.474926064118265	0.3785277118403575	0.28864911026341883	0.20904067646149424	0.0	0.11037617441765053	0.21639309200269138	0.31389781203302486	0.39913984742038444	0.4689474588027189	0.5208754415192962	0.5533171790591047	0.5655755363680972	0.5578892366174811	0.531413599849702	0.4881568072531072
1.0	0.989465868801895	0.9583458145852763	0.9080631857238124	0.8409125269765813	0.7599471523974054	0.6688297821583242	0.5716537794551508	0.4727439938598459	0.3764472249791079	0.28692281404476483	0.20794382680029877	0.0	0.11036668399363646	0.21631818635710973	0.31365065028911665	0.3985723222627058	0.4678837762953133	0.5191286255006134	0.550707267885614	0.5619480971030039	0.5531327733137154	0.5254744825005152	0.48105049398757715
1.0	0.9894213088415722	0.9581729513228822	0.9076939771374175	0.8403037020912993	0.7590872881033491	0.6677437904897572	0.5704043931210657	0.4714300530717156	0.3751988002805466	0.28589343229454117	0.20730028490592922	0.0	0.11036091118322003	0.2162726287029826	0.313500358275138	0.39822733005190436	0.46723742917410666	0.5180676909688648	0.5491230681053555	0.559747813209594	0.5502500436764529	0.5218784498812348	0.47675254912346876
1.0	0.9894063764960211	0.9581150305477972	0.9075702928674042	0.8400998085519927	0.7587994437306088	0.6673804582430164	0.569986727528689	0.47099130836446507	0.3747826724955997	0.28555142694747276	0.2070882753583595	0.0	0.1103589736342052	0.21625733900173513	0.31344992386559384	0.39811157650149737	0.4670206065205379	0.5177118794904491	0.5485919254920294	0.5590103757731517	0.5492842848858137	0.5206743109695574	0.4753141882349731
1.0	0.9894213088415724	0.9581729513228826	0.9076939771374186	0.8403037020913011	0.7590872881033515	0.6677437904897604	0.5704043931210696	0.47143005307171987	0.3751988002805511	0.2858934322945456	0.20730028490593333	0.0	0.11036091118321949	0.21627262870298153	0.3135003582751367	0.3982273300519029	0.4672374291741052	0.5180676909688638	0.5491230681053552	0.5597478132095947	0.5502500436764547	0.5218784498812377	0.47675254912347287
1.0	0.989465868801895	0.9583458145852763	0.9080631857238125	0.8409125269765813	0.7599471523974054	0.6688297821583242	0.571653779455151	0.4727439938598461	0.3764472249791082	0.28692281404476505	0.2079438268002992	0.0	0.11036668399363642	0.2163181863571096	0.31365065028911654	0.3985723222627055	0.46788377629531297	0.5191286255006131	0.5507072678856135	0.5619480971030034	0.5531327733137148	0.5254744825005147	0.4810504939875765
1.0	0.9895393528940607	0.9586309512353423	0.908672438786056	0.8419177858825656	0.7613680955049992	0.6706264443576558	0.5737239985983175	0.4749260641182684	0.37852771184036105	0.2886491102634224	0.2090406764614974	0.0	0.1103761744176501	0.2163930920026906	0.31389781203302386	0.3991398474203832	0.4689474588027178	0.5208754415192955	0.5533171790591044	0.5655755363680978	0.5578892366174826	0.5314135998497044	0.4881568072531105
1.0	0.9893740676028767	0.9579925706313832	0.9073194635824661	0.8397128128178319	0.7583064773611906	0.6668531531472739	0.5695369162244578	0.4707649647468968	0.37494931077713717	0.2862896563079621	0.20856857932692224	0.0	0.11035306952345511	0.21621102183903745	0.3132986649436952	0.3977693956171752	0.4663919315429061	0.51670559408394	0.547136274327561	0.5570672758855965	0.5468615891696843	0.5178346875640446	0.4721795111340979
1.0	0.9892644288110062	0.9575680879235772	0.9064159667598984	0.8382306693796819	0.7562286152410242	0.6642559912713272	0.5665931217331691	0.46773757227522705	0.37217739792929655	0.284166423760872	0.20751328714909462	0.0	0.11033839584404888	0.21609531362004428	0.3129174661600297	0.39689604175306015	0.46475981396722976	0.5140350494442539	0.5431639629372403	0.5515756840665326	0.539706233499779	0.5089667197729438	0.46166171447297233
1.0	0.9891847281935564	0.9572596595690824	0.9057600196917813	0.8371559189955348	0.7547244518538018	0.6623803477711366	0.5644742448046773	0.46556936938106	0.37020853071353316	0.28268381174651264	0.20682113777484004	0.0	0.11032766309642532	0.21601070139859088	0.312638823702848	0.3962580124847449	0.4635683504022474	0.5120873226993955	0.5402700582696605	0.5475803055541457	0.5345086041343332	0.5025369618637316	0.454052223825766
1.0	0.989136342061404	0.9570724728532245	0.9053621422251433	0.8365045457740818	0.7538138844853302	0.6612467371975005	0.5631965684926974	0.4642664484183201	0.3690322030764663	0.2818086847876846	0.2064316231603107	0.0	0.11032112006945147	0.2159591273964303	0.3124690277719575	0.39586936701462994	0.4628429541540219	0.5109022377294621	0.5385106207764228	0.5451534078154716	0.5313548243711415	0.49864048340568357	0.44944763065741805
1.0	0.989120117942748	0.9570097183264656	0.9052287908053245	0.8362863247838601	0.7535090091531371	0.6608674950475014	0.5627696301672255	0.4638318404815213	0.3686409839813667	0.28151946930855065	0.20630619550180748	0.0	0.11031892154737429	0.21594179943351957	0.3124119871339061	0.39573883224435	0.4625993765620153	0.5105044299424685	0.5379202435419487	0.5443394411610282	0.5302976427595927	0.49733517698072743	0.44790626472962153
1.0	0.989136342061404	0.9570724728532249	0.9053621422251442	0.8365045457740836	0.7538138844853327	0.6612467371975037	0.5631965684927014	0.46426644841832454	0.3690322030764709	0.28180868478768895	0.2064316231603146	0.0	0.11032112006945087	0.21595912739642925	0.312469027771956	0.39586936701462844	0.4628429541540204	0.510902237729461	0.5385106207764223	0.5451534078154723	0.5313548243711432	0.49864048340568656	0.44944763065742227
1.0	0.9891847281935564	0.9572596595690828	0.9057600196917813	0.8371559189955349	0.754724451853802	0.662380347771137	0.5644742448046776	0.46556936938106036	0.37020853071353343	0.2826838117465129	0.2068211377748403	0.0	0.1103276630964253	0.2160107013985908	0.3126388237028479	0.3962580124847448	0.4635683504022473	0.5120873226993954	0.5402700582696605	0.5475803055541458	0.5345086041343334	0.5025369618637319	0.4540522238257662
1.0	0.9892644288110062	0.9575680879235772	0.9064159667598984	0.8382306693796819	0.7562286152410241	0.6642559912713273	0.5665931217331691	0.46773757227522705	0.37217739792929644	0.284166423760872	0.20751328714909462	0.0	0.11033839584404888	0.21609531362004425	0.31291746616002963	0.3968960417530601	0.46475981396722965	0.5140350494442537	0.5431639629372401	0.5515756840665322	0.5397062334997786	0.5089667197729434	0.46166171447297194
1.0	0.9893466764013855	0.9578885032857735	0.9071053435813342	0.8393798815886372	0.7578766320468391	0.6663815750339488	0.5691108520978737	0.4704985670570718	0.37497480261679617	0.28674543502672767	0.2095851797800242	0.0	0.11034827025534201	0.21617337814120346	0.3131757633369308	0.3974914625175966	0.46588150998738803	0.5158889628100983	0.5459554957494599	0.5554916643946766	0.5448973974670569	0.5155319178496973	0.46963496345388567
1.0	0.9892350240547836	0.9574566712346928	0.9061878569513321	0.8378788522423797	0.7557803765860286	0.663775595017264	0.5661800439415335	0.46752021077481953	0.3723026035564706	0.2847856082265849	0.20876621988161176	0.0	0.11033309399281838	0.2160537607805118	0.3127819847170263	0.3965902584095793	0.46419972172588286	0.5131420069540605	0.5418783225033695	0.5498696340373821	0.537594457128015	0.5065136121093803	0.4589841527591151
1.0	0.9891537419203809	0.9571424779097274	0.90552096421535	0.8367893989884493	0.7542620609069777	0.6618935655095658	0.5640722149193226	0.46539168721379853	0.3704134540700737	0.2834327671508338	0.20826079189582486	0.0	0.11032196406712878	0.2159660606685619	0.31249341298019107	0.3959302719373944	0.46296915880584366	0.5111342568599077	0.5389022743511359	0.5457724614920145	0.5322822678161251	0.49996811496403587	0.4512737655775499
1.0	0.9891043462462572	0.9569516144531293	0.9051161182245206	0.8361286974038783	0.7533425879191817	0.6607561136156481	0.5628019595962135	0.4641146005914804	0.3692886191900305	0.2826410934617318	0.20799093879528843	0.0	0.11031516644283595	0.21591250788951497	0.3123172575436386	0.39552757419722323	0.46221876615774266	0.5099108531992539	0.5370904962132856	0.5432808695727019	0.5290559485941314	0.49599876897832523	0.44660631154947916
1.0	0.9890877751647318	0.9568875968619334	0.9049803750794193	0.8359072803953874	0.7530346743357744	0.6603755924133069	0.5623776362498486	0.4636889599193557	0.3689152032856367	0.282380667197708	0.20790671925522644	0.0	0.11031288023296584	0.21589449850713907	0.3122580275061246	0.3953922035200923	0.46196659100952686	0.5094998751309068	0.5364821466383114	0.5424447179389587	0.5279739385111736	0.4946685951108996	0.445043609594455
1.0	0.9891043462462569	0.9569516144531289	0.9051161182245201	0.8361286974038772	0.7533425879191801	0.6607561136156461	0.5628019595962109	0.4641146005914776	0.36928861919002764	0.28264109346172905	0.207990938795286	0.0	0.11031516644283633	0.21591250788951566	0.3123172575436395	0.3955275741972242	0.46221876615774343	0.5099108531992544	0.5370904962132858	0.5432808695727014	0.5290559485941302	0.49599876897832323	0.44660631154947666
1.0	0.9891537419203806	0.9571424779097271	0.9055209642153493	0.8367893989884484	0.7542620609069765	0.6618935655095641	0.5640722149193206	0.4653916872137964	0.3704134540700716	0.2834327671508319	0.20826079189582333	0.0	0.11032196406712903	0.21596606066856236	0.3124934129801916	0.3959302719373951	0.4629691588058442	0.511134256859908	0.5389022743511359	0.5457724614920137	0.5322822678161236	0.499968114964034	0.4512737655775472
1.0	0.9892350240547836	0.9574566712346931	0.9061878569513324	0.8378788522423798	0.7557803765860291	0.6637755950172647	0.5661800439415343	0.4675202107748205	0.37230260355647155	0.2847856082265858	0.2087662198816126	0.0	0.11033309399281827	0.21605376078051153	0.31278198471702595	0.3965902584095789	0.46419972172588236	0.5131420069540602	0.5418783225033693	0.5498696340373821	0.5375944571280152	0.5065136121093808	0.4589841527591157
1.0	0.989566681885238	0.9587421063279096	0.9089289790817797	0.842388238779809	0.7621278298657648	0.6717550210461194	0.5752997987745327	0.477018322882997	0.3811864201678914	0.29189356093703206	0.2128476901923662	0.0	0.11037672352403982	0.2163979405088598	0.313916670871995	0.39919249850090305	0.4690691739818186	0.5211228942168851	0.5537738866798084	0.5663558206962245	0.5591397414500416	0.5333115600058935	0.49090451168711413
1.0	0.989460925676348	0.958332622743759	0.9080572814101286	0.840957934806826	0.7601219532019744	0.6692465326475343	0.5724542205574789	0.47408806075108745	0.378496969576028	0.2898224191425296	0.21179738037631274	0.0	0.11036258656135037	0.21628646293320336	0.3135494005404195	0.3983510229803267	0.4674965422624497	0.5185494812999335	0.5499456413235663	0.5610626168642991	0.5522415006259178	0.52475993002867	0.4807581716747337
1.0	0.9893839416638681	0.9580347095775805	0.9074237026632676	0.8399198340227098	0.7586690469945122	0.6674346652946832	0.5704070134526046	0.4719923460273106	0.3765921825542945	0.2883846037925401	0.21111890065323557	0.0	0.11035221953261076	0.21620473630394416	0.3132802738910631	0.39773482336633065	0.46634593662706175	0.5166687201372899	0.5471515100928213	0.5572053696448658	0.5472240169873872	0.5185534348389391	0.4734130829669582
1.0	0.9893371596056149	0.9578537414440083	0.907039089199457	0.8392902799603962	0.757789165470426	0.6663395292692742	0.5691730438897744	0.4707343532989715	0.3754566820477166	0.28753982664686883	0.21074219369517866	0.0	0.11034588783689024	0.21615483114056258	0.31311598897535514	0.39735884522470794	0.465644309665413	0.515522714582958	0.5454505154467276	0.5548597370616746	0.5441767560485687	0.5147897356718869	0.4689667797622336
1.0	0.9893214655268833	0.9577930435321026	0.9069101310170652	0.8390793017026946	0.7574945071812759	0.6659731507912651	0.568760803072552	0.4703149818394174	0.37507950214764846	0.2872613537681079	0.2106218634458329	0.0	0.11034375829740038	0.2161380481837313	0.3130607495734427	0.3972324553845999	0.4654085210977654	0.5151377357851257	0.5448793646188808	0.5540725708690634	0.5431548026522154	0.5135284833831116	0.46747812277402656
1.0	0.989337159605615	0.9578537414440083	0.9070390891994569	0.8392902799603962	0.7577891654704259	0.666339529269274	0.5691730438897742	0.47073435329897134	0.37545668204771643	0.2875398266468687	0.21074219369517863	0.0	0.11034588783689026	0.21615483114056266	0.31311598897535514	0.39735884522470794	0.465644309665413	0.5155227145829578	0.5454505154467276	0.5548597370616745	0.5441767560485686	0.5147897356718868	0.4689667797622332
1.0	0.9893839416638681	0.9580347095775807	0.9074237026632681	0.8399198340227106	0.7586690469945135	0.6674346652946849	0.5704070134526066	0.471992346027313	0.3765921825542968	0.2883846037925423	0.21111890065323763	0.0	0.11035221953261044	0.2162047363039436	0.3132802738910623	0.3977348233663298	0.4663459366270609	0.5166687201372895	0.5471515100928211	0.5572053696448661	0.5472240169873882	0.5185534348389408	0.4734130829669606
1.0	0.9894609256763481	0.9583326227437591	0.908057281410129	0.8409579348068267	0.7601219532019754	0.6692465326475354	0.5724542205574802	0.47408806075108895	0.3784969695760296	0.28982241914253104	0.21179738037631388	0.0	0.11036258656135019	0.21628646293320308	0.3135494005404191	0.3983510229803263	0.4674965422624494	0.5185494812999333	0.5499456413235664	0.5610626168642996	0.5522415006259188	0.5247599300286714	0.4807581716747355
1.0	0.9900077453755224	0.9604533891042634	0.9125848606613182	0.8484186426947894	0.7706478168455079	0.6825194627414833	0.5876871882979183	0.4900457304339535	0.3935553922421075	0.3020645363062805	0.2191384132968355	0.0	0.11043404113631064	0.2168503870060727	0.3154098710090131	0.4026220750105452	0.4754993285132067	0.53168735031643	0.5695665107164004	0.5883190930596198	0.5879595519779722	0.5693265233391406	0.5340371526666615
1.0	0.9903048792810996	0.9616079054884795	0.9150574426451575	0.8525121770638467	0.7764608270475023	0.6899147957023313	0.5962785486674326	0.49920348288711514	0.40243177494323484	0.3096371255160135	0.22426943140468183	0.0	0.11047192490579584	0.2171496664873405	0.31639889298831225	0.4048979382718588	0.4797768583503457	0.5387366308381685	0.5801432926960238	0.6030929399947392	0.6074448235209562	0.5938212059100836	0.563574134176452
1.0	0.9906101634562549	0.9627954427860235	0.9176057322793191	0.8567432212670834	0.7824930426481987	0.6976302889974703	0.6053072930352422	0.5089258909133134	0.41200000720134733	0.3180142934398557	0.2302847012812115	0.0	0.11051026136678616	0.21745271638110494	0.31740145199404285	0.40720845886730667	0.48412812533702226	0.5459250693559903	0.5909608684288105	0.6182561404266218	0.6275254699461383	0.619183820826389	0.5943242764047668
1.0	0.9909193013790497	0.9639994094070934	0.9201945874254468	0.861054598881444	0.788665374519311	0.705569238134656	0.6146678242839477	0.5191114976484436	0.42217960811561883	0.3271562673012892	0.23720649739667968	0.0	0.11054844047116216	0.21775472305086566	0.3184016738330197	0.4095172249809576	0.48848500585375465	0.5531411120583496	0.6018533091609742	0.6335796235471559	0.6479040886504579	0.6450483177515888	0.6258585285893541
1.0	0.9907062324765151	0.96316920866352	0.9184079989164575	0.8580757333074907	0.7843935777227617	0.7000621299592303	0.6081538725599488	0.5119910919176033	0.41501426190253393	0.3206462705791844	0.23215802491605805	0.0	0.1105223569691773	0.217548357858064	0.31771799788863475	0.40793843623939935	0.48550396121405903	0.5482002490323687	0.5943887084927743	0.623067528698332	0.6339070110917091	0.6272578297073101	0.6041319802192503
1.0	0.9905058726845887	0.9623892446488073	0.9167321703351955	0.8552880340336916	0.7804087409343923	0.694947185023513	0.602139163068823	0.5054697764024108	0.4085300151729631	0.31486962508150307	0.227852497132851	0.0	0.1104974847124874	0.21735167024237098	0.31706690821729794	0.4064366097706847	0.48267244001706744	0.5435158543534859	0.5873272957210801	0.6131493364724925	0.6207411720956731	0.6105831074774233	0.583850965636135
1.0	0.9903209639082611	0.9616700764172884	0.9151893629675606	0.852727482191704	0.7767602042009064	0.6902840689487163	0.5966879410835767	0.4996081502654519	0.40277362119815197	0.30984782366489394	0.22427449096559543	0.0	0.110474215127106	0.21716774076816311	0.31645851974659517	0.4050348057130406	0.48003324643354167	0.5391573408464857	0.5807711195221711	0.6039640087903088	0.608584128763375	0.5952386859938215	0.5652615883731478
1.0	0.9901541143816373	0.9610217072421342	0.9138005139847681	0.8504275416193053	0.7734930970002428	0.6861260010254807	0.5918552486160616	0.49445444418969503	0.3977761161778386	0.30558345622184396	0.22138711907081082	0.0	0.11045294040319677	0.21699965094328882	0.3159029223886316	0.4037559356132655	0.4776286840938856	0.5351928474828515	0.5748195139229988	0.5956454069002978	0.597604729694484	0.5814253281811376	0.5485895161216908
