1.1501917 -0.19765712 0.584923 0.38919488 -1.4818679 0.22548124 -0.6613917 1.0768923 2.1339128 0.33893636 0.45235115 1.9909024 
1.1433135 -0.07049788 0.6061395 0.38370046 -1.5462708 0.40869305 -0.8983962 1.2602098 2.1055427 0.32881156 0.40212333 1.8144459 
1.0992918 -0.095979646 0.44832972 0.26855388 -1.4988285 0.3634925 -0.7967435 1.3548326 2.0755925 0.14571121 0.37017116 1.9254028 
1.1077771 -0.03140656 0.6760928 0.28958124 -1.4847717 0.37193716 -0.80866426 1.2072215 2.0857396 0.15398072 0.4001452 1.9493217 
1.0729816 -0.08891495 0.5925628 0.26254034 -1.4680163 0.39486158 -0.82514596 1.2671217 2.1140568 0.3458704 0.37000102 1.8008316 
1.1220535 -1.2170123 0.8881184 0.013488804 -1.362775 0.061391003 -0.68376803 0.98307294 2.1117609 0.13876812 0.6857908 1.2349892 
1.3421925 -1.0655708 0.9893684 0.4163216 -1.7379913 -0.0051126704 -0.55745137 0.84202987 1.8493128 -0.048334066 0.8317136 1.1069701 
1.5106239 -1.0209326 0.98489755 0.28613895 -1.6270838 -0.009700142 -0.4884046 0.9241675 1.854827 0.03559219 0.76629657 1.0046508 
1.5510411 -0.9758255 1.0182227 0.3406866 -1.4560753 0.03846161 -0.57899785 0.75067 1.8940284 0.0142570585 0.7974684 1.172086 
1.2481326 -1.0685539 0.8187449 0.42353466 -1.7243295 -0.002302328 -0.39775366 0.8809148 1.8816963 0.15040682 0.7383432 1.0665785 
1.4292153 -0.7529794 0.1629399 -0.13322869 -1.2691269 -0.6296799 -0.67690825 0.52767944 1.6291186 -0.6466822 1.3133321 1.1495528 
1.2179294 -1.0652196 0.09674271 -0.009137294 -1.1732014 -0.5055971 -0.78055453 0.7370944 1.3270139 -0.5017202 1.5305755 1.2870189 
1.2143023 -1.0545619 0.07893697 -0.10645607 -1.1891013 -0.5965059 -0.63604915 0.6910439 1.434141 -0.48173463 1.5023538 1.4281491 
1.276118 -1.0532418 0.04487867 -0.10607527 -1.206632 -0.6390041 -0.64306945 0.82026607 1.4707288 -0.5105825 1.3642286 1.3498684 
1.2558829 -1.0506775 0.08077026 -0.11378055 -1.1138146 -0.6164301 -0.6879035 0.78412056 1.3661551 -0.62024784 1.4580888 1.2908515 
0.6127601 -0.46242532 0.323797 0.005830682 -0.9479517 -0.775574 -1.1649568 -0.27412993 1.5661838 -0.24870609 1.582515 1.0158254 
0.5631152 -0.3282821 0.3747986 -0.11739137 -1.1442995 -0.81660277 -1.6376762 0.03339611 1.5872006 -0.4306779 1.5825961 0.71215856 
0.14882109 -0.52786225 0.42990646 -0.13124679 -1.1942519 -1.2707642 -0.6759239 -0.16546732 1.2306337 -0.30189487 1.421874 0.4961559 
0.44112104 -0.4296151 0.36732772 -0.13731943 -1.0894393 -0.7711266 -1.5320356 -0.061627407 1.521084 -0.30645254 1.7648983 0.7704896 
0.64538014 -0.43554935 0.27465236 -0.1153484 -0.9959979 -0.88418764 -1.4050016 -0.098021224 1.7008245 -0.4904447 1.5631808 0.61133635 
0.89548075 -0.33610594 0.13939491 -0.16063331 -0.12351118 -1.0035431 -1.3560388 -0.04119592 1.7976282 0.59447855 1.5286925 0.5238844 
1.02632 -0.20062433 0.0029136948 0.05494794 -0.24565946 -1.1496607 -1.2370821 -0.07939629 1.8579607 0.7238648 1.4485525 0.34062803 
0.96169174 -0.032698706 -0.011329833 0.17002998 -0.54329795 -1.175204 -1.3286952 -0.040968373 1.6078806 0.8196333 1.4726937 0.39217797 
1.0576433 -0.34726438 0.14202991 -0.02405239 -0.29489577 -1.2475935 -1.4468263 0.04271553 1.8600863 0.6128781 1.5931681 0.15565665 
1.0043051 -0.16357383 0.07731996 0.05934443 -0.34637445 -1.2014827 -1.3362105 -0.121734545 1.850871 0.7349761 1.556965 0.36974856 
1.409137 0.2943489 0.8944246 -0.5766583 0.08844313 -0.99609923 -0.6744784 -0.26446956 1.4594293 0.4593025 1.9407897 0.07433768 
1.2728411 0.25239655 1.0748525 -0.6963832 0.38415566 -1.2601442 -0.8383708 -0.07415475 1.490716 0.44800285 1.701319 0.40712363 
1.1254486 0.39964855 1.1098645 -0.56015766 0.23428047 -1.3287853 -0.99990934 -0.18353772 1.511202 0.4350912 1.7187697 0.5163572 
1.1772362 0.273507 1.1763289 -0.653644 0.15542865 -1.2874721 -0.7689531 -0.051455718 1.325924 0.4625599 1.6539222 0.45967546 
1.2699744 0.32006994 1.1286126 -0.5271719 0.45940727 -1.5126649 -1.0625402 -0.023377135 1.582693 0.33354715 1.7222044 0.19674295 
0.9381324 0.88438696 0.6756236 -0.19484606 0.61465967 -0.94375265 -1.0861508 0.14830565 0.65937257 0.31930342 2.487458 0.45437598 
1.0912344 1.2170761 0.55721486 -0.18729989 0.3295467 -0.8635937 -1.1129129 0.12925808 0.69843936 0.17396109 2.2963316 0.3347944 
1.0349807 1.2730548 0.42823178 -0.30221042 0.48076922 -0.92374945 -0.96879596 0.027640201 0.89665467 0.2532884 2.2707841 0.24378279 
1.0047957 1.3848956 0.4921808 -0.37971917 0.50714296 -0.99644464 -1.049718 0.21232313 0.84792125 0.15841511 2.338307 0.1170501 
1.1575667 1.2383493 0.4712383 -0.2977492 0.5023421 -0.9030498 -1.117236 0.25699466 0.8053433 0.13421261 2.2582786 0.003840392 
0.93146557 1.1736465 0.4865964 -0.5667455 0.44255996 -0.28872395 -0.7589162 0.7307986 0.87001055 1.2825923 2.0870838 0.42850107 
0.5541203 1.2994927 0.65040874 -0.31978127 0.4297736 -0.37654448 -0.6738242 0.3846531 0.8811533 1.4958999 2.183008 0.32044852 
0.9790469 1.0818336 0.41753048 -0.18563193 0.26604906 -0.34139383 -0.5685845 0.630409 0.6601191 1.5578285 2.3589756 0.32618582 
0.6767714 1.1029644 0.6332057 -0.3534902 0.29452455 -0.32346034 -0.5482609 0.37758496 0.83218014 1.7114104 2.2188792 0.44033226 
0.5715562 1.3546004 0.5626295 -0.2700717 0.4044415 -0.57490695 -0.48107952 0.509458 0.78055364 1.7554803 2.1227496 0.5779083 
0.35489714 1.040055 0.98676556 -0.63824105 0.0477075 0.16975567 -0.97383016 1.2228043 0.48487544 1.0647948 2.2010083 -0.30078533 
0.34130633 1.2858511 1.1478767 -0.36001095 -0.016819848 0.18202232 -0.9622522 1.1449572 0.44556507 1.0935359 2.085573 -0.5084546 
0.58626765 1.0237004 1.208056 -0.2491183 0.027315047 0.18947831 -1.0370785 1.2555362 0.4877988 1.2729797 2.0166197 -0.5243332 
0.34988552 1.2125949 1.1548394 -0.35350245 0.107965656 0.19100662 -1.0531895 1.3467932 0.556539 1.2305164 1.9973079 -0.5740177 
0.42799243 1.2001183 1.1716083 -0.22218934 0.031756926 0.119096585 -0.9462767 1.2375007 0.38527283 1.1025956 2.0889146 -0.6152743 
0.24262843 0.8953766 0.738826 -0.72067213 0.44982257 -0.19945054 0.069902554 1.8493298 0.24604018 0.97242725 2.1372151 -0.6399712 
0.032515056 0.7550957 0.6292836 -0.63266873 0.5472811 -0.32627276 -0.022168115 1.9504359 0.36275935 1.1009289 2.2620316 -0.95216256 
-0.004541473 0.80330956 0.37994236 -0.6505848 0.57888645 -0.21491553 -0.056002256 1.9252989 0.3278998 1.1994243 2.3931842 -0.7499956 
0.017503547 1.0229548 0.60392314 -0.6969415 0.4110702 -0.4389546 0.04564999 1.9241554 0.20270738 0.9336133 2.1256478 -0.75216633 
-0.0038160768 0.8624039 0.5949813 -0.7488813 0.38853097 -0.15015475 0.022380855 1.8263252 0.31159937 1.0041217 2.25173 -0.776113 
0.67475814 0.26316056 0.79404294 -0.64342487 -0.3984447 -0.17777735 0.5933419 2.1177166 0.06972145 0.752621 1.9895972 -0.48133957 
0.64417064 -0.19725333 0.8641764 -0.478485 -0.548523 -0.105660066 0.5804047 2.2198133 -0.08109531 0.7538557 2.439814 -0.44404858 
0.7659166 -0.11046272 0.75323856 -0.49332792 -0.6489746 -0.069389254 0.6527888 2.3642998 0.089902215 0.8011882 2.3398964 -0.6091555 
0.87143683 -0.20814285 0.73101306 -0.49149537 -0.4216333 -0.10135439 0.526375 2.3387852 0.08207526 0.6360765 2.3407412 -0.61748415 
0.65538317 -0.27818507 0.7786721 -0.61679703 -0.48682475 -0.035840575 0.59543276 2.3046708 0.06055638 0.6626073 2.3436258 -0.485121 
0.07353834 0.70332056 0.60076135 -0.52942526 -0.6175115 -0.52493083 0.32200336 2.8451345 0.1274351 0.5855272 1.2203836 0.58652484 
-0.049328364 0.64900637 0.7555138 -0.33060703 -0.5990165 -0.5110091 0.36392736 3.1899734 0.28571245 0.98201805 1.0747409 0.8607467 
0.13829693 0.815398 1.016403 -0.23249835 -0.5919255 -0.29141173 0.5747954 3.268213 0.2755012 0.93612677 1.0055337 0.8643032 
0.018322764 0.7811215 0.78965926 -0.15298691 -0.6405128 -0.3546528 0.49557516 3.3064697 0.19759901 0.95246994 1.1231474 0.83448756 
0.03658936 0.80075294 0.67895323 -0.3138519 -0.71805507 -0.4504979 0.4922179 3.1521366 0.29134 0.9643733 1.1167874 0.7755422 
-0.278997 0.9618025 0.95091236 -0.9521944 -0.8271404 -0.93347293 1.2570678 1.8115816 0.30358043 -0.07795348 1.4752578 1.0547411 
-0.35771513 1.1151438 0.87203276 -0.7840744 -0.51572055 -0.8778967 1.6321049 1.7690942 0.2251806 -0.13895886 1.7656825 1.3771933 
-0.26039192 1.1373072 0.80391556 -0.7291634 -0.6852903 -0.82246625 1.6235023 1.7738866 0.22147083 -0.24779664 1.8270546 1.2499105 
-0.3350849 1.06456 0.697373 -0.7268017 -0.67465085 -0.85211015 1.6741154 1.7326437 0.23295812 -0.3285177 1.8131057 1.2089581 
-0.35068548 1.1421978 0.84416443 -0.857409 -0.5892768 -0.9498884 1.5486429 1.9249976 0.24421962 -0.31813103 1.7877097 1.4433866 
-0.4170142 1.3290848 0.54753333 -0.7004441 -1.6844194 -0.83772475 0.9498156 1.4590741 1.0984592 0.011149592 0.87601566 0.23305677 
-0.459252 1.6688747 0.67128605 -0.5622334 -1.7600693 -1.0110816 0.71919674 1.5481076 1.1276739 -0.28819716 0.82930017 0.007199521 
-0.59131753 1.6427984 0.7661307 -0.51943475 -1.8509912 -0.7743847 0.9188498 1.5770097 1.1501821 -0.2827556 0.914354 -0.086208925 
-0.7030633 1.4691585 0.54579926 -0.50482243 -1.8286085 -1.0547678 0.5376726 1.5373696 1.1965966 -0.47668356 0.8438199 0.12170343 
-0.51719445 1.5828819 0.9170866 -0.52384883 -2.0060384 -0.9006162 0.83211714 1.418606 1.1943747 -0.19702132 0.84417135 0.05788924 
-0.9426903 0.62201214 0.23314017 -0.99088323 -1.0788966 -0.83601445 1.0408298 0.9792886 1.9240716 0.56613857 0.7435268 0.39000583 
-0.76597255 0.5902348 0.017046625 -1.0661392 -0.9680334 -0.85798705 1.232195 1.2295104 2.2109883 0.71593136 0.6280532 0.36734295 
-0.7682096 0.54179955 0.040774927 -1.0371516 -0.97030026 -0.8557397 1.236751 1.2742493 2.2153208 0.6946419 0.55839604 0.29184157 
-0.8848135 0.57620674 -0.048063397 -1.0796323 -0.89006674 -0.8753634 1.3317976 1.2513771 2.3563643 0.551001 0.6980167 0.41590637 
-0.9263915 0.6702519 -0.03303656 -1.0146617 -0.9359407 -0.8251496 1.3233837 1.2864437 2.3748996 0.5439214 0.5914311 0.36494413 
-1.4449188 0.53595656 -0.20535983 -0.4702223 -1.2622983 -1.0196114 0.308015 0.58121824 1.5195735 -0.1769238 1.2096719 0.38478306 
-1.4778054 1.2288187 -0.27681673 -0.39185312 -1.5053495 -1.2386984 0.081688896 0.7508453 1.4916415 -0.3860659 1.3431795 0.3163157 
-1.6313114 0.89250517 -0.39634633 -0.38765118 -1.290705 -1.0853763 0.21041764 0.772846 1.5079633 -0.5170184 1.4522318 0.3546676 
-1.6375974 0.8593343 -0.33592746 -0.43475896 -1.3385789 -1.0325307 0.054992497 0.74927974 1.6283258 -0.48999807 1.3418247 0.31928423 
-1.6647866 0.88941056 -0.4708784 -0.50614905 -1.4168493 -1.0014699 -0.12353225 0.8346547 1.6825852 -0.38310292 1.4311965 0.32105678 
-0.92348754 -0.5672241 0.26502252 -0.027575294 -1.431856 -1.4570712 -0.04803131 0.24138592 1.3847227 -0.034667395 1.3564513 -0.022041457 
-0.79583794 -0.69691014 0.45961693 -0.10345225 -1.4386969 -1.3910993 0.20011963 -0.20675512 1.5905082 -0.2984933 1.5807482 0.1658671 
-0.80846393 -0.691462 0.48320925 -0.21153462 -1.4308189 -1.3872559 0.117604785 -0.09512858 1.5088016 -0.1585064 1.6185864 0.13531594 
-0.88267875 -0.90149206 0.39754668 -0.22637497 -1.2656279 -1.5985678 0.015494816 0.12112598 1.6268438 -0.29639757 1.4723679 0.2816627 
-0.62119645 -0.6748546 0.51810765 -0.21908706 -1.2069843 -1.5350853 -0.07844933 -0.12181948 1.4140154 -0.14497773 1.3982643 0.4390638 
-1.3214813 -0.3782412 0.58495724 1.1910806 -1.1660286 -1.4775382 -0.14491351 0.44403297 1.0167054 0.70274174 1.2554412 0.28532645 
-1.6567467 -0.5435514 0.7713332 1.2542078 -1.3518051 -1.1155951 -0.29640284 0.71188384 1.1349695 0.9841151 1.4841859 0.10013716 
-1.6619941 -0.50832534 0.8629425 1.3335016 -1.3554093 -1.0208824 -0.32920796 0.71223456 1.058158 0.9792882 1.4713212 0.1723909 
-1.5424061 -0.42268836 0.71860164 1.4339783 -1.579695 -0.9222398 -0.1843143 0.6167639 1.1347626 1.0363406 1.5348157 0.0071519655 
-1.6553996 -0.44490084 0.8348349 1.4141182 -1.3660616 -1.0610127 -0.33637956 0.54903245 1.2081573 1.0335886 1.5500827 0.014725103 
-0.8709185 -0.1920087 0.18163067 1.8611655 -0.32798666 -1.8316482 0.37396824 0.5048802 0.75893253 0.0128634935 1.4960409 -0.19769378 
-0.7919013 -0.070617855 0.100524925 1.9282033 -0.21119523 -1.8815323 0.43296346 0.46787414 0.6158589 -0.1930784 1.9977863 -0.23597135 
-0.96679056 -0.31722578 0.0028511165 1.9737282 -0.07299753 -1.7680014 0.5491333 0.5931501 0.73445606 -0.013886613 1.9189572 -0.10194629 
-0.822151 -0.41206026 0.05304012 2.042924 -0.28985617 -1.7202785 0.39951754 0.6820596 0.6141495 -0.18854694 1.9385848 -0.21519382 
-0.7014566 -0.31262603 0.13747329 2.0080845 -0.2872095 -1.8221422 0.66851723 0.64036125 0.4811095 -0.11355519 2.0083835 0.035044346 
-0.089869626 -0.13486543 0.94524485 1.8642191 0.112431094 -1.4802912 0.85086375 0.7440392 1.0667286 0.4686643 0.64921075 -0.25873023 
0.11379675 -0.10658833 1.1644958 1.8767922 0.15514515 -1.5926014 1.1049926 0.97673887 1.1506708 0.71876734 0.72046787 -0.55386144 
0.04445465 -0.22269751 1.2131436 1.8439295 -0.020706274 -1.573971 1.1101695 0.9010322 1.2009157 0.7587355 0.6800821 -0.4970199 
0.15511233 -0.20156176 1.2290335 1.9536985 -0.030820072 -1.4681742 1.1690121 1.0173014 1.150605 0.62884235 0.71123 -0.5945027 
-0.067612395 -0.052138135 1.2607294 1.9226688 0.1841747 -1.5423571 1.1978446 0.9505895 1.1819938 0.66761154 0.8000005 -0.6537254 
0.104493216 0.08753091 0.62166214 2.0429688 0.63665783 -1.1279242 0.52795976 0.8742822 1.2605128 -0.2527913 0.26115564 0.34982172 
0.5383133 -0.23633169 1.0259864 2.1755962 1.0489181 -1.4600767 0.04416764 1.1993251 1.0003886 -0.35614073 0.5981269 0.6765271 
0.82461935 -0.4151595 1.1144224 1.9510244 1.3645594 -1.4509568 0.23486154 1.4285569 0.82371134 -0.15161909 0.8816194 1.2243651 
1.0355337 -0.38923833 0.938152 1.925059 1.3153021 -1.3759661 0.6848334 1.3106548 1.1379393 0.17112955 0.8637205 1.8157952 
1.3327373 -0.02625053 0.68854564 1.9670165 1.0397124 -1.406937 1.0717779 0.93669915 1.351782 0.04968114 1.0409449 2.1056886 
0.95214456 0.23098917 0.27216297 2.0482066 0.78584534 -1.3917675 1.1563213 0.676878 1.7747817 0.28134426 0.72902644 2.0320506 
0.75717974 0.7105724 0.38182777 1.8255926 0.45108122 -1.5100211 1.2898942 0.43685406 1.7161511 -0.39817828 0.41305873 1.4972731 
0.18605515 0.48003945 0.3901503 2.0332198 0.44258994 -1.333585 0.9289759 0.5269803 1.55341 -0.1794121 0.23579967 1.0422457 
0.08174126 0.45681638 0.4811497 1.6402682 0.69520193 -0.6384548 0.25791493 1.3107378 1.1904163 -0.6676771 -0.031979818 0.0128458785 
0.45666528 0.76866317 -0.04916374 1.826183 0.58812064 -0.42730844 -0.08712501 1.3890864 1.2190061 -0.6601422 0.17978741 -0.33189735 
0.72530013 0.6956385 -0.6392709 1.7975184 0.54968 -0.2612783 -0.22425936 1.3852024 1.5313712 -0.5624725 0.4721553 -0.46321893 
0.64591485 0.46394253 -1.1191334 1.5622085 0.38510478 -0.6963608 -0.34980616 1.370029 2.0735285 -0.9574238 0.54125994 -0.53447896 
0.47387937 -0.10326007 -1.0915912 1.5146563 0.4769852 -0.8493292 -0.24076803 1.9310569 2.3048773 -0.94382685 0.3229732 -0.37529632 
0.2660706 -0.44226763 -0.698886 1.2448342 0.36900347 -0.9365941 -0.1044401 2.0821528 2.2579415 -0.90283376 -0.07171255 -0.13148768 
-0.029399514 -0.2880765 -0.11229397 1.37749 0.29999867 -1.0531148 0.26598957 1.9533701 1.9600686 -0.9752453 -0.22935908 -0.11774087 
0.027877329 0.056269202 0.27505717 1.5796347 0.3793027 -0.93208957 0.3252762 1.7167099 1.5157603 -0.9388444 -0.17620075 -0.06570146 
-0.397528 0.46474317 0.8947891 1.1538825 1.1184485 -0.26427796 0.17485379 1.3051304 1.5330998 -0.47241357 -0.12178969 -0.08150265 
-0.7620653 0.5865555 1.1191114 1.2238647 1.0469558 -0.032795224 -0.31936327 1.8931184 1.6713449 -0.14960887 -0.24674742 0.32182777 
-1.055566 0.6442763 1.1657555 1.1008341 1.0310712 -0.21176362 -0.6824607 1.8820196 1.8645966 0.04465289 -0.22800137 0.7594273 
-1.286285 1.0484062 1.0687828 0.8114937 1.1761954 -0.5423646 -1.0441972 1.667101 1.7657249 -0.05067229 0.13595912 1.1030986 
-1.3172876 1.2338492 0.8169062 0.69866943 1.4445138 -1.067283 -0.9648928 1.5484545 1.7355556 -0.09612422 0.362018 1.0180655 
-1.29893 1.2975944 0.894773 0.73248875 1.8146882 -1.1091964 -0.5006672 1.210198 1.7195728 -0.29125276 0.66006154 0.62108976 
-0.97330344 1.2208254 1.0243223 0.65379065 1.8515228 -1.0497222 -0.07473145 1.2378627 1.7418638 -0.3074176 0.49004146 0.04491562 
-0.5842632 0.91733414 0.89111966 0.81170434 1.6264038 -0.82229656 0.092579335 1.3378034 1.7051413 -0.33513024 0.15853688 -0.2855312 
-0.12882717 0.4332336 1.3495103 0.9771291 0.9204323 0.23638903 0.014199285 0.61531615 1.7395754 -0.9736181 0.18047497 -0.29812944 
-0.17983639 0.4580749 1.6523335 1.5000007 0.7231148 0.21502028 -0.82130796 0.45670637 1.9180616 -0.8158103 0.42078722 -0.43831256 
-0.15173495 0.69798225 1.9915067 1.72097 0.29219684 0.26797438 -1.1098015 0.29076225 2.1322224 -0.47748163 0.46787024 -0.59314656 
-0.17368665 0.95391804 1.9361362 1.6750818 -0.22877823 0.091883466 -0.94780654 0.10782992 2.5884097 -0.37186265 0.23528543 -0.6193685 
-0.022410715 1.2989187 1.8422997 1.132323 -0.42024285 0.17605354 -0.5820059 -0.042248692 2.9116564 -0.34993252 0.07186664 -0.5595717 
0.07965414 1.1556941 1.461299 0.7034982 -0.13670413 -0.08170341 -0.28836817 0.1411547 3.1760154 -0.67395973 -0.044109493 -0.8344787 
0.17177472 0.92944014 1.6312885 0.48114163 0.2912946 -0.18248938 0.04538138 0.36446193 3.011215 -0.89125043 -0.2565099 -0.55802715 
0.106532045 0.6979046 1.517506 0.60491544 0.6898281 0.039446022 0.14104068 0.5616268 2.4422905 -1.0471035 -0.115715005 -0.48843327 
-0.37590122 0.09246442 1.2798659 0.6890591 0.73684865 0.7902977 0.20486444 0.76673174 1.5427175 -1.4710166 0.68254226 -0.1938233 
-0.4008536 0.49415112 1.2762272 0.5702353 0.6445587 0.4980339 0.06374232 0.75035006 1.3645606 -1.9861048 1.0743042 -0.4984862 
-0.34776598 0.73011315 1.4957304 0.3980896 0.4809462 0.24099466 0.044317443 0.64450717 1.0687747 -2.2582765 1.3798691 -0.31773064 
-0.124134764 0.40176043 2.0536156 0.32260826 0.16948663 0.16549073 -0.1478068 0.8325448 0.8138145 -2.2630906 1.508597 -0.08574598 
-0.18584211 0.18812424 2.7167904 0.40045756 -0.053994317 0.32293302 0.087350376 0.837685 0.72464395 -1.85369 1.5710979 -0.028515713 
-0.26324874 -0.056422226 2.5235727 0.17073497 -0.22826234 0.7804764 0.04248278 1.3436623 1.1225977 -1.6809788 1.0270902 0.023966592 
-0.29107678 -0.14121702 2.465456 0.1643757 0.031193182 0.9651461 0.24321769 1.1877613 1.3751926 -1.2578547 0.8440474 -0.05564628 
-0.10544444 -0.07736402 1.9688007 0.3290947 0.40532705 1.0912756 0.15700184 1.2765151 1.4945643 -1.1911783 0.62878096 -0.3366262 
-0.5301507 -0.3141941 0.8152865 0.4651677 0.8164964 1.0603262 0.41123515 0.30516142 1.7558862 -0.9138966 1.1724352 -0.33404315 
-0.3187908 -0.9934149 0.8285646 0.64175 1.0528711 1.1031088 -0.16488941 0.45376772 1.9950719 -0.9217257 1.6418165 -0.4518197 
-0.163643 -1.3519064 0.88835675 0.48678583 1.2013478 0.96010935 -0.42975703 0.67763954 1.9013104 -0.5999271 1.9531533 -0.6695982 
-0.5740198 -1.5834069 0.7663982 0.17234133 1.0709015 0.6572866 -0.55801404 1.0198276 1.8650789 -0.50883526 2.1233027 -0.89892757 
-1.0826505 -1.4496405 0.75248176 -0.08048331 1.0148542 0.7066249 -0.24341302 1.2138008 2.0749447 -0.069388136 1.864634 -0.9236578 
-1.3470142 -1.1304426 0.6299559 -0.22802494 0.7791725 0.9310774 0.19856086 1.288996 2.0453818 -0.3579597 1.6977596 -0.79002374 
-1.6025547 -0.71391743 0.6251238 -0.13416931 0.80845594 1.1013128 0.44873038 1.1351155 2.0371804 -0.5826075 1.62209 -0.6371422 
-1.231609 -0.4589105 0.708587 0.18587056 0.82587874 1.123235 0.60445005 0.67103904 1.9660667 -0.6497525 1.3236046 -0.58112836 
-0.21997705 0.173213 0.31912515 0.6180526 0.84025115 1.3632845 0.699969 0.16925071 1.7119328 -0.7172407 1.4046065 0.21539712 
-0.07398027 0.26274878 0.029028654 0.16804005 0.98567116 1.469402 0.2889678 0.3077608 2.2482483 -0.82713866 1.1842932 0.5744933 
0.2217972 0.032143157 -0.2060443 -0.28455833 1.0443488 1.4036593 0.33205047 0.54252476 2.614567 -0.72211444 1.1715224 0.76843065 
0.38244674 0.14290208 -0.20336436 -0.7294197 1.1864232 1.1283764 0.63546443 0.6969705 2.4097795 -0.6164633 1.4382691 1.0437429 
0.64211565 -0.06014716 -0.10421446 -0.77656436 1.3288845 0.85136855 1.2656599 0.6927593 2.2958543 -0.57504314 1.7587506 1.1357583 
0.5869122 -0.13857786 0.060825795 -0.44655737 1.4719099 0.7487435 1.6442751 0.82203525 1.8246366 -0.6884763 1.9772238 1.025524 
0.45411676 0.15965097 0.3795412 0.061362777 1.5834508 0.8439831 1.7608705 0.62906367 1.5504916 -0.90178615 2.0798779 0.6111467 
0.0972488 0.36508423 0.475532 0.37969652 1.5039468 1.2244626 1.1169808 0.43114254 1.4883409 -0.7228697 1.9457076 0.29774842 
-0.29129517 0.31703606 0.03632451 0.8479857 0.28055462 1.6830822 0.5933528 0.45196682 1.2671185 -0.41235054 1.6665627 0.27595434 
-0.42900732 0.2389523 0.3958184 1.1986003 0.11406708 1.9983629 0.99375325 0.92546237 1.2820164 -0.030015714 1.5680152 0.7912623 
-0.41237113 0.13041922 0.63017535 1.3104872 0.3681114 2.0001678 1.0013338 1.1623338 1.1162777 0.5462077 1.7597129 1.1950684 
-0.608831 -0.10809477 0.5762852 1.3565197 0.3095847 1.6468935 0.6785873 1.103428 0.9468293 0.7070789 1.9970309 1.7619226 
-0.73744833 -0.2945289 0.2578841 1.2044585 0.27186194 1.4364972 0.21401963 0.9447482 0.7713998 0.44218343 2.4118488 1.8271178 
-0.5724796 -0.283846 -0.09068093 1.0766677 0.27428022 1.3657745 0.31027347 0.34958577 0.9977586 0.24942495 2.7970243 1.6874194 
-0.74741894 -0.029045155 -0.37702203 0.6648209 0.2732035 1.4812884 0.30588916 0.4232409 1.0193763 -0.20572165 2.8352284 1.1306028 
-0.6681031 -0.082131796 -0.4956713 0.8789677 0.22779329 1.5476909 0.45156395 0.29606843 1.3246057 -0.1913603 2.4402857 0.6499489 
0.21930237 0.39507166 -0.5142927 1.162888 -0.26314878 1.4508283 0.78341967 0.50192773 1.3882637 -0.5151269 1.5154561 0.0006371107 
-0.03223019 1.2433861 -0.35287592 1.287998 -0.55181116 1.2698979 1.1672965 0.02594977 1.5470642 -0.48673984 1.7427801 0.17294823 
0.20073931 1.6082578 -0.09698169 1.4854132 -1.0782896 1.0292853 1.3697027 -0.065472946 1.5144372 -0.5719435 1.9763124 0.5857053 
0.74723035 1.5068969 0.17557546 1.575929 -1.2470946 0.80634934 1.1829454 -0.39527714 1.3953035 -0.3177728 2.131836 0.5423319 
1.010513 1.1948493 0.37262616 1.4331034 -1.5059891 0.85352707 1.2276096 -0.19525193 1.1593235 -0.40146047 2.300383 0.038600598 
1.3514847 0.7391608 0.21821909 1.4650431 -1.1790664 1.0173502 1.1278338 -0.07363617 1.3571408 -0.0015647446 2.2366652 -0.2516728 
1.1858855 0.36527258 0.07340526 1.5170811 -0.92526877 1.3917174 0.7199223 0.22291337 1.2024456 -0.26303488 2.210809 -0.39288732 
1.0176109 0.40534225 -0.23287652 1.3785322 -0.48756948 1.5629321 0.6535892 0.34421962 1.424301 -0.25155684 1.988143 -0.25265718 
0.41115656 0.8131574 -0.97975624 1.202581 -0.2567283 1.3389276 0.4895612 1.366216 1.2841206 -0.6283261 1.3852731 -0.18366945 
0.7646428 0.874681 -1.1542877 1.5979003 0.055070084 0.8938782 0.5169815 1.666286 1.0867267 -0.7019832 1.3738103 0.17957516 
1.2170458 0.99752367 -0.9744685 1.6879294 0.23717056 0.60400504 0.31490445 1.8173002 1.3261753 -0.45256877 0.8962262 0.09575173 
0.8263393 1.278447 -0.95563257 1.6367414 0.32606554 0.033806786 -0.028366262 1.5391676 1.4932299 -0.29174778 0.5883166 -0.25218037 
0.6731705 1.5511639 -0.9046051 1.5289907 -0.16201337 0.2992214 0.111039035 1.7778902 1.846448 0.28857234 0.4100048 -0.57693905 
0.16043107 1.4284638 -1.3035754 1.478414 -0.2813347 0.5978671 -0.033867892 1.6626936 1.9845103 0.5833008 0.82266426 -0.5028582 
-0.048013784 1.1483697 -1.287118 1.5006821 -0.590396 1.1350849 -0.13511038 1.5166718 1.8027486 0.42999822 1.176685 -0.551211 
0.036403023 1.0525193 -1.2156663 1.2619803 -0.6772792 1.307985 0.23463687 1.5205632 1.5622146 -0.07029283 1.3218819 -0.463208 