0.6510017925690953	0.6312785231633701	0.5862307541169834	0.566934082219039	0.5665856583556875	0.707098770716766	0.742573670027088	0.794495401111435	0.19039037508083045	0.23939995926590465	0.23939995926590465	0.23939995926590465
0.0885013336008638	0.06630144578906598	0.11758795240607761	0.19876015065953062	0.0	0.12971050619823174	0.1357917653980352	0.18523677667097074	0.19039037508083045	0.23939995926590465	0.23939995926590465	0.23939995926590465
0.0885013336008638	0.06630144578906598	0.11758795240607761	0.19876015065953062	0.0	0.12971050619823174	0.1357917653980352	0.18523677667097074	0.19039037508083045	0.23939995926590465	0.23939995926590465	0.23939995926590465
0.0885013336008638	0.06630144578906598	0.11758795240607761	0.19876015065953062	0.0	0.12971050619823174	0.1357917653980352	0.18523677667097074	0.19039037508083045	0.23939995926590465	0.23939995926590465	0.23939995926590465
0.0885013336008638	0.06630144578906598	0.11758795240607761	0.19876015065953062	0.0	0.12971050619823174	0.1357917653980352	0.18523677667097074	0.19039037508083045	0.23939995926590465	0.23939995926590465	0.23939995926590465
0.8896541630518028	0.9999999998432988	0.8405631243108153	0.6595355882863223	0.5669959885391733	0.707516909241174	0.7430131413872213	0.9545942235762974	0.9389143277948607	0.23939995926590465	0.23939995926590465	0.23939995926590465
0.10474688013818802	0.06968190722312878	0.11758795240607761	0.17971262765177315	0.0	0.12971050619823174	0.1357917653980352	0.18523677667097074	0.19039037508083045	0.23939995926590465	0.23939995926590465	0.23939995926590465
0.10474688013818802	0.06968190722312878	0.11758795240607761	0.17971262765177315	0.0	0.12971050619823174	0.1357917653980352	0.18523677667097074	0.19039037508083045	0.23939995926590465	0.23939995926590465	0.23939995926590465
0.10474688013818802	0.06968190722312878	0.11758795240607761	0.17971262765177315	0.0	0.12971050619823174	0.1357917653980352	0.18523677667097074	0.19039037508083045	0.23939995926590465	0.23939995926590465	0.23939995926590465
0.10474688013818802	0.06968190722312878	0.11758795240607761	0.17971262765177315	0.0	0.12971050619823174	0.1357917653980352	0.18523677667097074	0.19039037508083045	0.23939995926590465	0.23939995926590465	0.23939995926590465
0.7671246288576974	0.5528298964817655	0.7352701081469221	0.5456833087944407	0.5518173396763141	0.6920488473976745	0.7267576326460317	0.8143903812925107	0.8218284051083916	0.23939995926590465	0.23939995926590465	0.23939995926590465
0.09444075031871595	0.14536006040139146	0.11758795240607761	0.1485025675641673	0.0	0.12971050619823174	0.1357917653980352	0.18523677667097074	0.19039037508083045	0.23939995926590465	0.23939995926590465	0.23939995926590465
0.09444075031871595	0.14536006040139146	0.11758795240607761	0.1485025675641673	0.0	0.12971050619823174	0.1357917653980352	0.18523677667097074	0.19039037508083045	0.23939995926590465	0.23939995926590465	0.23939995926590465
0.09444075031871595	0.14536006040139146	0.11758795240607761	0.1485025675641673	0.0	0.12971050619823174	0.1357917653980352	0.18523677667097074	0.19039037508083045	0.23939995926590465	0.23939995926590465	0.23939995926590465
0.09444075031871595	0.14536006040139146	0.11758795240607761	0.1485025675641673	0.0	0.12971050619823174	0.1357917653980352	0.18523677667097074	0.19039037508083045	0.23939995926590465	0.23939995926590465	0.23939995926590465
0.7014232197420084	0.39374518654976415	0.6888478190499067	0.5329285520201987	0.5429533596300595	0.6830158672071062	0.6266765952663862	0.8037878872160972	0.661068414177978	0.23939995926590465	0.23939995926590465	0.23939995926590465
0.085935785145262	0.13363579306493126	0.11758795240607761	0.12263497246750707	0.0	0.12971050619823174	0.1357917653980352	0.18523677667097074	0.19039037508083045	0.23939995926590465	0.23939995926590465	0.23939995926590465
0.1861370920030778	0.24568418150689472	0.147843117887352	0.2514770622615241	0.1451532749948206	0.12971050619823174	0.1357917653980352	0.18523677667097074	0.19039037508083045	0.23939995926590465	0.23939995926590465	0.23939995926590465
0.085935785145262	0.13363579306493126	0.11758795240607761	0.12263497246750707	0.0	0.12971050619823174	0.1357917653980352	0.18523677667097074	0.19039037508083045	0.23939995926590465	0.23939995926590465	0.23939995926590465
0.085935785145262	0.13363579306493126	0.11758795240607761	0.12263497246750707	0.0	0.12971050619823174	0.1357917653980352	0.18523677667097074	0.19039037508083045	0.23939995926590465	0.23939995926590465	0.23939995926590465
0.7442549418037868	0.5685539693113066	0.731565033754953	0.5447308406438638	0.5511554053208639	0.6913743038792518	0.7260487174833581	0.8046939910074183	0.8225008564397729	0.23939995926590465	0.23939995926590465	0.23939995926590465
0.08881075680241042	0.1130749905040583	0.11758795240607761	0.14558460176968574	0.0	0.12971050619823174	0.1357917653980352	0.18523677667097074	0.19039037508083045	0.23939995926590465	0.23939995926590465	0.23939995926590465
0.08881075680241042	0.1130749905040583	0.11758795240607761	0.14558460176968574	0.0	0.12971050619823174	0.1357917653980352	0.18523677667097074	0.19039037508083045	0.23939995926590465	0.23939995926590465	0.23939995926590465
0.08881075680241042	0.1130749905040583	0.11758795240607761	0.14558460176968574	0.0	0.12971050619823174	0.1357917653980352	0.18523677667097074	0.19039037508083045	0.23939995926590465	0.23939995926590465	0.23939995926590465
0.08881075680241042	0.1130749905040583	0.11758795240607761	0.14558460176968574	0.0	0.12971050619823174	0.1357917653980352	0.18523677667097074	0.19039037508083045	0.23939995926590465	0.23939995926590465	0.23939995926590465
0.7919769758007921	0.686027813648659	0.7687481816613284	0.5520022367060938	0.5562087095144286	0.6965239233976847	0.7314605328706523	0.8008608428242754	0.94674015342305	0.23939995926590465	0.23939995926590465	0.23939995926590465
0.09567462445458688	0.11105492731088398	0.11758795240607761	0.15661234220237547	0.0	0.12971050619823174	0.1357917653980352	0.18523677667097074	0.19039037508083045	0.23939995926590465	0.23939995926590465	0.23939995926590465
0.09567462445458688	0.11105492731088398	0.11758795240607761	0.15661234220237547	0.0	0.12971050619823174	0.1357917653980352	0.18523677667097074	0.19039037508083045	0.23939995926590465	0.23939995926590465	0.23939995926590465
0.09567462445458688	0.11105492731088398	0.11758795240607761	0.15661234220237547	0.0	0.12971050619823174	0.1357917653980352	0.18523677667097074	0.19039037508083045	0.23939995926590465	0.23939995926590465	0.23939995926590465
0.09567462445458688	0.11105492731088398	0.11758795240607761	0.15661234220237547	0.0	0.12971050619823174	0.1357917653980352	0.18523677667097074	0.19039037508083045	0.23939995926590465	0.23939995926590465	0.23939995926590465
0.7986118083110988	0.6772775351784255	0.7726288253837785	0.5520022367060938	0.5562087095144286	0.6965239233976847	0.7314605328706523	0.8008608428242754	0.945476920775866	0.23939995926590465	0.23939995926590465	0.23939995926590465
0.0978637385726585	0.12497038725964864	0.11758795240607761	0.1573865915094877	0.0	0.12971050619823174	0.1357917653980352	0.18523677667097074	0.19039037508083045	0.23939995926590465	0.23939995926590465	0.23939995926590465
0.0978637385726585	0.12497038725964864	0.11758795240607761	0.1573865915094877	0.0	0.12971050619823174	0.1357917653980352	0.18523677667097074	0.19039037508083045	0.23939995926590465	0.23939995926590465	0.23939995926590465
0.0978637385726585	0.12497038725964864	0.11758795240607761	0.1573865915094877	0.0	0.12971050619823174	0.1357917653980352	0.18523677667097074	0.19039037508083045	0.23939995926590465	0.23939995926590465	0.23939995926590465
0.0978637385726585	0.12497038725964864	0.11758795240607761	0.1573865915094877	0.0	0.12971050619823174	0.1357917653980352	0.18523677667097074	0.19039037508083045	0.23939995926590465	0.23939995926590465	0.23939995926590465
0.792628764531563	0.6567047455062073	0.7521531850521298	0.5520022367060938	0.5562087095144286	0.6965239233976847	0.7314605328706523	0.8008608428242754	0.9326855880888831	0.23939995926590465	0.23939995926590465	0.23939995926590465
0.096734425743389	0.12701700392482548	0.11758795240607761	0.1573865915094877	0.0	0.12971050619823174	0.1357917653980352	0.18523677667097074	0.19039037508083045	0.23939995926590465	0.23939995926590465	0.23939995926590465
0.096734425743389	0.12701700392482548	0.11758795240607761	0.1573865915094877	0.0	0.12971050619823174	0.1357917653980352	0.18523677667097074	0.19039037508083045	0.23939995926590465	0.23939995926590465	0.23939995926590465
0.096734425743389	0.12701700392482548	0.11758795240607761	0.1573865915094877	0.0	0.12971050619823174	0.1357917653980352	0.18523677667097074	0.19039037508083045	0.23939995926590465	0.23939995926590465	0.23939995926590465
0.096734425743389	0.12701700392482548	0.11758795240607761	0.1573865915094877	0.0	0.12971050619823174	0.1357917653980352	0.18523677667097074	0.19039037508083045	0.23939995926590465	0.23939995926590465	0.23939995926590465
0.7685103366608167	0.700001759942082	0.7165043977333203	0.5520022367060938	0.5562087095144286	0.6965239233976847	0.7314605328706523	0.8008608428242754	0.9414725494996777	0.23939995926590465	0.23939995926590465	0.23939995926590465
0.08624628113367107	0.06434887754373661	0.11758795240607761	0.15266956902233794	0.0	0.12971050619823174	0.1357917653980352	0.18523677667097074	0.19039037508083045	0.23939995926590465	0.23939995926590465	0.23939995926590465
0.08624628113367107	0.06434887754373661	0.11758795240607761	0.15266956902233794	0.0	0.12971050619823174	0.1357917653980352	0.18523677667097074	0.19039037508083045	0.23939995926590465	0.23939995926590465	0.23939995926590465
0.08624628113367107	0.06434887754373661	0.11758795240607761	0.15266956902233794	0.0	0.12971050619823174	0.1357917653980352	0.18523677667097074	0.19039037508083045	0.23939995926590465	0.23939995926590465	0.23939995926590465
0.08624628113367107	0.06434887754373661	0.11758795240607761	0.15266956902233794	0.0	0.12971050619823174	0.1357917653980352	0.18523677667097074	0.19039037508083045	0.23939995926590465	0.23939995926590465	0.23939995926590465
0.6108300701393835	0.512933704918146	0.6320985681608925	0.5074797305761555	0.5252675795227234	0.6649929087417659	0.6983242877072537	0.8291851325135227	0.4357107099671308	0.23939995926590465	0.23939995926590465	0.23939995926590465
0.05570745609969489	0.020220771224533383	0.11758795240607761	0.08226449558222462	0.0	0.12971050619823174	0.1357917653980352	0.18523677667097074	0.19039037508083045	0.23939995926590465	0.23939995926590465	0.23939995926590465
0.05570745609969489	0.020220771224533383	0.11758795240607761	0.08226449558222462	0.0	0.12971050619823174	0.1357917653980352	0.18523677667097074	0.19039037508083045	0.23939995926590465	0.23939995926590465	0.23939995926590465
0.05570745609969489	0.020220771224533383	0.11758795240607761	0.08226449558222462	0.0	0.12971050619823174	0.1357917653980352	0.18523677667097074	0.19039037508083045	0.23939995926590465	0.23939995926590465	0.23939995926590465
0.05570745609969489	0.020220771224533383	0.11758795240607761	0.08226449558222462	0.0	0.12971050619823174	0.1357917653980352	0.18523677667097074	0.19039037508083045	0.23939995926590465	0.23939995926590465	0.23939995926590465
0.48902829941467557	0.5762628868693054	0.5793044545445616	0.4755984240327412	0.20510116795668734	0.3387221585376264	0.35544377666324367	0.46353875904250663	0.49239900353892824	0.23939995926590465	0.23939995926590465	0.23939995926590465
0.2684086582427848	0.29882354837520264	0.2854085417666147	0.061886761921597644	0.20510751456871681	0.3387286219011649	0.3554505762711281	0.18523677667097074	0.19039037508083045	0.23939995926590465	0.23939995926590465	0.23939995926590465
0.2684086582427848	0.29882354837520264	0.2854085417666147	0.061886761921597644	0.20510751456871681	0.3387286219011649	0.3554505762711281	0.18523677667097074	0.19039037508083045	0.23939995926590465	0.23939995926590465	0.23939995926590465
0.2684086582427848	0.29882354837520264	0.2854085417666147	0.061886761921597644	0.20510751456871681	0.3387286219011649	0.3554505762711281	0.18523677667097074	0.19039037508083045	0.23939995926590465	0.23939995926590465	0.23939995926590465
0.2684086582427848	0.29882354837520264	0.2854085417666147	0.061886761921597644	0.20510751456871681	0.3387286219011649	0.3554505762711281	0.18523677667097074	0.19039037508083045	0.23939995926590465	0.23939995926590465	0.23939995926590465
0.3907347855499872	0.6478925335236916	0.5142786596621007	0.08607525549600094	0.21161013930463715	0.34535523206958735	0.3624145235796069	0.47237079587589764	0.5047965940968246	0.23939995926590465	0.23939995926590465	0.23939995926590465
0.22290231152260617	0.2047051729494018	0.26093715156072866	0.03200424121233529	0.19483373670093476	0.32825896302163593	0.3293399045327211	0.18523677667097074	0.19039037508083045	0.23939995926590465	0.23939995926590465	0.23939995926590465
0.22290231152260617	0.2047051729494018	0.26093715156072866	0.03200424121233529	0.19483373670093476	0.32825896302163593	0.3293399045327211	0.18523677667097074	0.19039037508083045	0.23939995926590465	0.23939995926590465	0.23939995926590465
0.22290231152260617	0.2047051729494018	0.26093715156072866	0.03200424121233529	0.19483373670093476	0.32825896302163593	0.3293399045327211	0.18523677667097074	0.19039037508083045	0.23939995926590465	0.23939995926590465	0.23939995926590465
0.22290231152260617	0.2047051729494018	0.26093715156072866	0.03200424121233529	0.19483373670093476	0.32825896302163593	0.3293399045327211	0.18523677667097074	0.19039037508083045	0.23939995926590465	0.23939995926590465	0.23939995926590465
0.3429736693463987	0.3979490581193746	0.47542207586322965	0.05643243030478456	0.21181021870064784	0.34555912690491225	0.3626287952890521	0.4514445916463311	0.49029153606007453	0.23939995926590465	0.23939995926590465	0.23939995926590465
0.21211309485074478	0.19739892897461303	0.2551357697716395	0.031654771255463204	0.19459086554184385	0.3280114591626678	0.32016901745971704	0.18523677667097074	0.19039037508083045	0.23939995926590465	0.23939995926590465	0.23939995926590465
0.21211309485074478	0.19739892897461303	0.2551357697716395	0.031654771255463204	0.19459086554184385	0.3280114591626678	0.32016901745971704	0.18523677667097074	0.19039037508083045	0.23939995926590465	0.23939995926590465	0.23939995926590465
0.21211309485074478	0.19739892897461303	0.2551357697716395	0.031654771255463204	0.19459086554184385	0.3280114591626678	0.32016901745971704	0.18523677667097074	0.19039037508083045	0.23939995926590465	0.23939995926590465	0.23939995926590465
0.21211309485074478	0.19739892897461303	0.2551357697716395	0.031654771255463204	0.19459086554184385	0.3280114591626678	0.32016901745971704	0.18523677667097074	0.19039037508083045	0.23939995926590465	0.23939995926590465	0.23939995926590465
0.33933383564586767	0.4160557466876005	0.47197377059043466	0.042912119875820956	0.20241421370301202	0.3359839713867699	0.34283813491630183	0.4450741436287846	0.509653699714538	0.23939995926590465	0.23939995926590465	0.23939995926590465
0.20580573012971753	0.18516043688480094	0.25119639520189313	0.023525952111106266	0.188941717687046	0.3096312177294729	0.31908007146517453	0.18523677667097074	0.19039037508083045	0.23939995926590465	0.23939995926590465	0.23939995926590465
0.20580573012971753	0.18516043688480094	0.25119639520189313	0.023525952111106266	0.188941717687046	0.3096312177294729	0.31908007146517453	0.18523677667097074	0.19039037508083045	0.23939995926590465	0.23939995926590465	0.23939995926590465
0.2769223472451868	0.30265731386056915	0.3520797800482413	0.031148704834593966	0.19423918197636106	0.32765306939050776	0.3308009048960375	0.42353761855086847	0.19039037508083045	0.23939995926590465	0.23939995926590465	0.23939995926590465
0.20580573012971753	0.18516043688480094	0.25119639520189313	0.023525952111106266	0.188941717687046	0.3096312177294729	0.31908007146517453	0.18523677667097074	0.19039037508083045	0.23939995926590465	0.23939995926590465	0.23939995926590465
0.33904340918317194	0.4042217554996743	0.4722662846731806	0.056722422372909545	0.21201174815040033	0.345764497479311	0.36284462679865764	0.42956055803689414	0.48971857569460625	0.23939995926590465	0.23939995926590465	0.23939995926590465
0.20700251152283627	0.18533061517195062	0.25210207408236884	0.03130737480539103	0.19434944210146463	0.3277654403828941	0.3181307976358839	0.18523677667097074	0.19039037508083045	0.23939995926590465	0.23939995926590465	0.23939995926590465
0.20700251152283627	0.18533061517195062	0.25210207408236884	0.03130737480539103	0.19434944210146463	0.3277654403828941	0.3181307976358839	0.18523677667097074	0.19039037508083045	0.23939995926590465	0.23939995926590465	0.23939995926590465
0.20700251152283627	0.18533061517195062	0.25210207408236884	0.03130737480539103	0.19434944210146463	0.3277654403828941	0.3181307976358839	0.18523677667097074	0.19039037508083045	0.23939995926590465	0.23939995926590465	0.23939995926590465
0.20700251152283627	0.18533061517195062	0.25210207408236884	0.03130737480539103	0.19434944210146463	0.3277654403828941	0.3181307976358839	0.18523677667097074	0.19039037508083045	0.23939995926590465	0.23939995926590465	0.23939995926590465
0.34572265216920844	0.4468450661758239	0.47757949068268235	0.043204185450745856	0.20261718620141583	0.33619081770024245	0.3413412404690572	0.44504659027265964	0.5100021796186137	0.23939995926590465	0.23939995926590465	0.23939995926590465
0.2777403118546277	0.30783338229853396	0.35284542090433924	0.030824471883908227	0.1940138468939226	0.3274234425225983	0.33098147744992373	0.4225425781300482	0.19039037508083045	0.23939995926590465	0.23939995926590465	0.23939995926590465
0.20662072061582268	0.19117309828425513	0.25173869102078883	0.023164620200919354	0.1886906085414798	0.309438358246779	0.31828257459758935	0.18523677667097074	0.19039037508083045	0.23939995926590465	0.23939995926590465	0.23939995926590465
0.20662072061582268	0.19117309828425513	0.25173869102078883	0.023164620200919354	0.1886906085414798	0.309438358246779	0.31828257459758935	0.18523677667097074	0.19039037508083045	0.23939995926590465	0.23939995926590465	0.23939995926590465
0.20662072061582268	0.19117309828425513	0.25173869102078883	0.023164620200919354	0.1886906085414798	0.309438358246779	0.31828257459758935	0.18523677667097074	0.19039037508083045	0.23939995926590465	0.23939995926590465	0.23939995926590465
0.38382633695089563	0.5079146978112931	0.5102459923034663	0.07360237422497795	0.21064693935535253	0.34437366010284576	0.3613829913071323	0.4459564114320275	0.49286714906967294	0.23939995926590465	0.23939995926590465	0.23939995926590465
0.2444547723307821	0.2538419623731279	0.2724286143448269	0.04562634027690911	0.19539605399884222	0.3288320074481907	0.321943668416943	0.18523677667097074	0.19039037508083045	0.23939995926590465	0.23939995926590465	0.23939995926590465
0.2444547723307821	0.2538419623731279	0.2724286143448269	0.04562634027690911	0.19539605399884222	0.3288320074481907	0.321943668416943	0.18523677667097074	0.19039037508083045	0.23939995926590465	0.23939995926590465	0.23939995926590465
0.2444547723307821	0.2538419623731279	0.2724286143448269	0.04562634027690911	0.19539605399884222	0.3288320074481907	0.321943668416943	0.18523677667097074	0.19039037508083045	0.23939995926590465	0.23939995926590465	0.23939995926590465
0.3524405791193127	0.468591200848296	0.38241307916934636	0.3201610596768633	0.19555162771962048	0.32899054665729766	0.34521673675954617	0.4177037791489467	0.19039037508083045	0.23939995926590465	0.23939995926590465	0.23939995926590465
0.3567914702765317	0.4672754903420543	0.4895415047732179	0.05643243030478456	0.21181021870064784	0.34555912690491225	0.3626287952890521	0.44811431556277104	0.5014387646571395	0.23939995926590465	0.23939995926590465	0.23939995926590465
0.2142139440063997	0.2028452175374284	0.2563727499953622	0.031654771255463204	0.19459086554184385	0.3280114591626678	0.3213874081873227	0.18523677667097074	0.19039037508083045	0.23939995926590465	0.23939995926590465	0.23939995926590465
0.2142139440063997	0.2028452175374284	0.2563727499953622	0.031654771255463204	0.19459086554184385	0.3280114591626678	0.3213874081873227	0.18523677667097074	0.19039037508083045	0.23939995926590465	0.23939995926590465	0.23939995926590465
0.2142139440063997	0.2028452175374284	0.2563727499953622	0.031654771255463204	0.19459086554184385	0.3280114591626678	0.3213874081873227	0.18523677667097074	0.19039037508083045	0.23939995926590465	0.23939995926590465	0.23939995926590465
0.2142139440063997	0.2028452175374284	0.2563727499953622	0.031654771255463204	0.19459086554184385	0.3280114591626678	0.3213874081873227	0.18523677667097074	0.19039037508083045	0.23939995926590465	0.23939995926590465	0.23939995926590465
0.3757304880980298	0.5261399162399798	0.5046008076943886	0.06378461841124557	0.21126582742943287	0.34500435175448646	0.3620457849536888	0.4719036030374665	0.5051312319419928	0.23939995926590465	0.23939995926590465	0.23939995926590465
0.2214866838920093	0.21731775425105368	0.2605979477296979	0.03261667292796771	0.19525934732191902	0.3286926902075262	0.32591917872010534	0.18523677667097074	0.19039037508083045	0.23939995926590465	0.23939995926590465	0.23939995926590465
0.2214866838920093	0.21731775425105368	0.2605979477296979	0.03261667292796771	0.19525934732191902	0.3286926902075262	0.32591917872010534	0.18523677667097074	0.19039037508083045	0.23939995926590465	0.23939995926590465	0.23939995926590465
0.2214866838920093	0.21731775425105368	0.2605979477296979	0.03261667292796771	0.19525934732191902	0.3286926902075262	0.32591917872010534	0.18523677667097074	0.19039037508083045	0.23939995926590465	0.23939995926590465	0.23939995926590465
0.2214866838920093	0.21731775425105368	0.2605979477296979	0.03261667292796771	0.19525934732191902	0.3286926902075262	0.32591917872010534	0.18523677667097074	0.19039037508083045	0.23939995926590465	0.23939995926590465	0.23939995926590465
0.47315916665398605	0.6907219302691445	0.5642140563328639	0.30807965555565214	0.2087087989250378	0.3423985701549614	0.3593073456195728	0.46843397235275896	0.4964456855619795	0.23939995926590465	0.23939995926590465	0.23939995926590465
0.2616485089702296	0.3106308203685848	0.28421399990870305	0.04040906092397815	0.2006747049499963	0.3342113005351366	0.34997537882462576	0.18523677667097074	0.19039037508083045	0.23939995926590465	0.23939995926590465	0.23939995926590465
0.2616485089702296	0.3106308203685848	0.28421399990870305	0.04040906092397815	0.2006747049499963	0.3342113005351366	0.34997537882462576	0.18523677667097074	0.19039037508083045	0.23939995926590465	0.23939995926590465	0.23939995926590465
0.2616485089702296	0.3106308203685848	0.28421399990870305	0.04040906092397815	0.2006747049499963	0.3342113005351366	0.34997537882462576	0.18523677667097074	0.19039037508083045	0.23939995926590465	0.23939995926590465	0.23939995926590465
0.2616485089702296	0.3106308203685848	0.28421399990870305	0.04040906092397815	0.2006747049499963	0.3342113005351366	0.34997537882462576	0.18523677667097074	0.19039037508083045	0.23939995926590465	0.23939995926590465	0.23939995926590465
0.4054188711240308	0.4534555583481503	0.3358123795695162	0.3646546861535344	0.42601067703495754	0.45781487154170464	0.2900475951426699	0.18523677667097074	0.19039037508083045	0.23939995926590465	0.23939995926590465	0.23939995926590465
0.17569456817360124	0.1640755613547308	0.1541281224245441	0.3646546861535344	0.2192290649136597	0.12971050619823174	0.1357917653980352	0.18523677667097074	0.19039037508083045	0.23939995926590465	0.23939995926590465	0.23939995926590465
0.17718245637028607	0.09987758550796111	0.1553947193885405	0.3646546861535344	0.3128474789593998	0.12971050619823174	0.1357917653980352	0.18523677667097074	0.19039037508083045	0.23939995926590465	0.23939995926590465	0.23939995926590465
0.17645040195080927	0.10468475101205378	0.1555128584652212	0.3646546861535344	0.3659249145511379	0.12971050619823174	0.1357917653980352	0.18523677667097074	0.19039037508083045	0.23939995926590465	0.23939995926590465	0.23939995926590465
0.17908537966087307	0.15785913298174614	0.15707371537364465	0.3342297846340421	0.4048667545914	0.12971050619823174	0.1357917653980352	0.18523677667097074	0.19039037508083045	0.23939995926590465	0.23939995926590465	0.23939995926590465
0.17645040195080927	0.10468475101205378	0.1555128584652212	0.3646546861535344	0.3659249145511379	0.12971050619823174	0.1357917653980352	0.18523677667097074	0.19039037508083045	0.23939995926590465	0.23939995926590465	0.23939995926590465
0.17718245637028607	0.09987758550796111	0.1553947193885405	0.3646546861535344	0.3128474789593998	0.12971050619823174	0.1357917653980352	0.18523677667097074	0.19039037508083045	0.23939995926590465	0.23939995926590465	0.23939995926590465
0.17569456817360124	0.1640755613547308	0.1541281224245441	0.3646546861535344	0.2192290649136597	0.12971050619823174	0.1357917653980352	0.18523677667097074	0.19039037508083045	0.23939995926590465	0.23939995926590465	0.23939995926590465
0.4273720158143864	0.35395683547888435	0.37509765318331934	0.3646546861535344	0.38318193641680703	0.4696067926313701	0.4329087858324787	0.18523677667097074	0.19039037508083045	0.23939995926590465	0.23939995926590465	0.23939995926590465
0.20115724757671696	0.18565732381922606	0.16108393316156805	0.2725982835416709	0.2760857141614412	0.12971050619823174	0.1357917653980352	0.18523677667097074	0.19039037508083045	0.23939995926590465	0.23939995926590465	0.23939995926590465
0.31617493788034745	0.23301129177837956	0.24876336656212855	0.3646546861535344	0.3685573528551988	0.4733425420356414	0.1357917653980352	0.18523677667097074	0.19039037508083045	0.23939995926590465	0.23939995926590465	0.23939995926590465
0.18910915484065666	0.15774213766664166	0.15794944522428872	0.3646546861535344	0.297855758602577	0.12971050619823174	0.1357917653980352	0.18523677667097074	0.19039037508083045	0.23939995926590465	0.23939995926590465	0.23939995926590465
0.1865961722313887	0.21012163244867185	0.15817031135852053	0.3342297846340421	0.3586093864185042	0.12971050619823174	0.1357917653980352	0.18523677667097074	0.19039037508083045	0.23939995926590465	0.23939995926590465	0.23939995926590465
0.1805196456839711	0.15420184658624053	0.1571609324367279	0.3168717727130844	0.36962689941900523	0.12971050619823174	0.1357917653980352	0.18523677667097074	0.19039037508083045	0.23939995926590465	0.23939995926590465	0.23939995926590465
0.18892782429480395	0.20363075444493856	0.15816103134833132	0.3443714184738729	0.32218642749458526	0.12971050619823174	0.1357917653980352	0.18523677667097074	0.19039037508083045	0.23939995926590465	0.23939995926590465	0.23939995926590465
0.19101914398308287	0.18404518596357106	0.15839051069123794	0.3646546861535344	0.2415811459825738	0.12971050619823174	0.1357917653980352	0.18523677667097074	0.19039037508083045	0.23939995926590465	0.23939995926590465	0.23939995926590465
0.46014943440778533	0.4724570501383294	0.40087858970405055	0.3646546861535344	0.42601067703495754	0.46408872403076146	0.45741169589069064	0.18523677667097074	0.19039037508083045	0.23939995926590465	0.23939995926590465	0.23939995926590465
0.21165712828977118	0.23629488756591016	0.16276056201657205	0.3646546861535344	0.2643004105473061	0.12971050619823174	0.1357917653980352	0.18523677667097074	0.19039037508083045	0.23939995926590465	0.23939995926590465	0.23939995926590465
0.20135824079253395	0.15466272560678868	0.16053238933664146	0.3646546861535344	0.33203771434170365	0.12971050619823174	0.1357917653980352	0.18523677667097074	0.19039037508083045	0.23939995926590465	0.23939995926590465	0.23939995926590465
0.1935767197063928	0.15725782246509568	0.15861692436857805	0.3646546861535344	0.36962689941900523	0.12971050619823174	0.1357917653980352	0.18523677667097074	0.19039037508083045	0.23939995926590465	0.23939995926590465	0.23939995926590465
0.19617731780010544	0.23939995731197586	0.16046475114225325	0.3342297846340421	0.4048667545914	0.12971050619823174	0.1357917653980352	0.18523677667097074	0.19039037508083045	0.23939995926590465	0.23939995926590465	0.23939995926590465
0.1935767197063928	0.15725782246509568	0.15861692436857805	0.3646546861535344	0.36962689941900523	0.12971050619823174	0.1357917653980352	0.18523677667097074	0.19039037508083045	0.23939995926590465	0.23939995926590465	0.23939995926590465
0.20135824079253395	0.15466272560678868	0.16053238933664146	0.3646546861535344	0.33203771434170365	0.12971050619823174	0.1357917653980352	0.18523677667097074	0.19039037508083045	0.23939995926590465	0.23939995926590465	0.23939995926590465
0.21165712828977118	0.23629488756591016	0.16276056201657205	0.3646546861535344	0.2643004105473061	0.12971050619823174	0.1357917653980352	0.18523677667097074	0.19039037508083045	0.23939995926590465	0.23939995926590465	0.23939995926590465
0.4705141538591385	0.4981926604087022	0.40787952175994363	0.3646546861535344	0.42601067703495754	0.46408872403076146	0.48174280376837275	0.18523677667097074	0.19039037508083045	0.23939995926590465	0.23939995926590465	0.23939995926590465
0.214926958026241	0.22996079048183796	0.16343924168771234	0.3646546861535344	0.26938909978821984	0.12971050619823174	0.1357917653980352	0.18523677667097074	0.19039037508083045	0.23939995926590465	0.23939995926590465	0.23939995926590465
0.20566184618810054	0.16509730441497242	0.16131685289565967	0.3646546861535344	0.33203771434170365	0.12971050619823174	0.1357917653980352	0.18523677667097074	0.19039037508083045	0.23939995926590465	0.23939995926590465	0.23939995926590465
0.19617731780010544	0.17319207343848544	0.15899345204875634	0.3646546861535344	0.36962689941900523	0.12971050619823174	0.1357917653980352	0.18523677667097074	0.19039037508083045	0.23939995926590465	0.23939995926590465	0.23939995926590465
0.19617731780010544	0.23939995731197586	0.16046475114225325	0.3342297846340421	0.4048667545914	0.12971050619823174	0.1357917653980352	0.18523677667097074	0.19039037508083045	0.23939995926590465	0.23939995926590465	0.23939995926590465
0.19617731780010544	0.17319207343848544	0.15899345204875634	0.3646546861535344	0.36962689941900523	0.12971050619823174	0.1357917653980352	0.18523677667097074	0.19039037508083045	0.23939995926590465	0.23939995926590465	0.23939995926590465
0.20566184618810054	0.16509730441497242	0.16131685289565967	0.3646546861535344	0.33203771434170365	0.12971050619823174	0.1357917653980352	0.18523677667097074	0.19039037508083045	0.23939995926590465	0.23939995926590465	0.23939995926590465
0.214926958026241	0.22996079048183796	0.16343924168771234	0.3646546861535344	0.26938909978821984	0.12971050619823174	0.1357917653980352	0.18523677667097074	0.19039037508083045	0.23939995926590465	0.23939995926590465	0.23939995926590465
0.47482386180150543	0.49641324537345405	0.41056308989252077	0.3646546861535344	0.42601067703495754	0.46408872403076146	0.48719250268530856	0.18523677667097074	0.19039037508083045	0.23939995926590465	0.23939995926590465	0.23939995926590465
0.21726857617044143	0.23621346379620095	0.1639129730625201	0.3646546861535344	0.26938909978821984	0.12971050619823174	0.1357917653980352	0.18523677667097074	0.19039037508083045	0.23939995926590465	0.23939995926590465	0.23939995926590465
0.2069829776882098	0.17319207343848533	0.1615051167357488	0.3646546861535344	0.33203771434170365	0.12971050619823174	0.1357917653980352	0.18523677667097074	0.19039037508083045	0.23939995926590465	0.23939995926590465	0.23939995926590465
0.19617731780010544	0.17319207343848544	0.15899345204875634	0.3646546861535344	0.36962689941900523	0.12971050619823174	0.1357917653980352	0.18523677667097074	0.19039037508083045	0.23939995926590465	0.23939995926590465	0.23939995926590465
0.19617731780010544	0.23939995731197586	0.16046475114225325	0.3342297846340421	0.4048667545914	0.12971050619823174	0.1357917653980352	0.18523677667097074	0.19039037508083045	0.23939995926590465	0.23939995926590465	0.23939995926590465
0.19617731780010544	0.17319207343848544	0.15899345204875634	0.3646546861535344	0.36962689941900523	0.12971050619823174	0.1357917653980352	0.18523677667097074	0.19039037508083045	0.23939995926590465	0.23939995926590465	0.23939995926590465
0.2069829776882098	0.17319207343848533	0.1615051167357488	0.3646546861535344	0.33203771434170365	0.12971050619823174	0.1357917653980352	0.18523677667097074	0.19039037508083045	0.23939995926590465	0.23939995926590465	0.23939995926590465
0.21726857617044143	0.23621346379620095	0.1639129730625201	0.3646546861535344	0.26938909978821984	0.12971050619823174	0.1357917653980352	0.18523677667097074	0.19039037508083045	0.23939995926590465	0.23939995926590465	0.23939995926590465
0.47798441249268536	0.5026027602361296	0.4124654038671394	0.3646546861535344	0.42601067703495754	0.46527531164731434	0.48719250268530856	0.18523677667097074	0.19039037508083045	0.23939995926590465	0.23939995926590465	0.23939995926590465
0.21834970169931656	0.24102087432233368	0.16412773632470307	0.3646546861535344	0.26938909978821984	0.12971050619823174	0.1357917653980352	0.18523677667097074	0.19039037508083045	0.23939995926590465	0.23939995926590465	0.23939995926590465
0.20727949510021562	0.1750088796848269	0.1615465733842637	0.3646546861535344	0.33203771434170365	0.12971050619823174	0.1357917653980352	0.18523677667097074	0.19039037508083045	0.23939995926590465	0.23939995926590465	0.23939995926590465
0.19617731780010544	0.17319207343848544	0.15899345204875634	0.3646546861535344	0.36962689941900523	0.12971050619823174	0.1357917653980352	0.18523677667097074	0.19039037508083045	0.23939995926590465	0.23939995926590465	0.23939995926590465
0.19617731780010544	0.23939995731197586	0.16046475114225325	0.3342297846340421	0.4048667545914	0.12971050619823174	0.1357917653980352	0.18523677667097074	0.19039037508083045	0.23939995926590465	0.23939995926590465	0.23939995926590465
0.19617731780010544	0.17319207343848544	0.15899345204875634	0.3646546861535344	0.36962689941900523	0.12971050619823174	0.1357917653980352	0.18523677667097074	0.19039037508083045	0.23939995926590465	0.23939995926590465	0.23939995926590465
0.20727949510021562	0.1750088796848269	0.1615465733842637	0.3646546861535344	0.33203771434170365	0.12971050619823174	0.1357917653980352	0.18523677667097074	0.19039037508083045	0.23939995926590465	0.23939995926590465	0.23939995926590465
0.21834970169931656	0.24102087432233368	0.16412773632470307	0.3646546861535344	0.26938909978821984	0.12971050619823174	0.1357917653980352	0.18523677667097074	0.19039037508083045	0.23939995926590465	0.23939995926590465	0.23939995926590465
0.4790141019539415	0.49885727799304047	0.4130656736025616	0.3646546861535344	0.42601067703495754	0.47020013314025016	0.48719250268530856	0.18523677667097074	0.19039037508083045	0.23939995926590465	0.23939995926590465	0.23939995926590465
0.21916135304508197	0.24091310286880782	0.16428754835526146	0.3646546861535344	0.2705534765976998	0.12971050619823174	0.1357917653980352	0.18523677667097074	0.19039037508083045	0.23939995926590465	0.23939995926590465	0.23939995926590465
0.20810873561519044	0.17644376811619294	0.1616963744752244	0.3646546861535344	0.33203771434170365	0.12971050619823174	0.1357917653980352	0.18523677667097074	0.19039037508083045	0.23939995926590465	0.23939995926590465	0.23939995926590465
0.196772372966454	0.1768380648688929	0.15907636534578606	0.3646546861535344	0.36962689941900523	0.12971050619823174	0.1357917653980352	0.18523677667097074	0.19039037508083045	0.23939995926590465	0.23939995926590465	0.23939995926590465
0.19617731780010544	0.23939995731197586	0.16046475114225325	0.3342297846340421	0.4048667545914	0.12971050619823174	0.1357917653980352	0.18523677667097074	0.19039037508083045	0.23939995926590465	0.23939995926590465	0.23939995926590465
0.196772372966454	0.1768380648688929	0.15907636534578606	0.3646546861535344	0.36962689941900523	0.12971050619823174	0.1357917653980352	0.18523677667097074	0.19039037508083045	0.23939995926590465	0.23939995926590465	0.23939995926590465
0.20810873561519044	0.17644376811619294	0.1616963744752244	0.3646546861535344	0.33203771434170365	0.12971050619823174	0.1357917653980352	0.18523677667097074	0.19039037508083045	0.23939995926590465	0.23939995926590465	0.23939995926590465
0.21916135304508197	0.24091310286880782	0.16428754835526146	0.3646546861535344	0.2705534765976998	0.12971050619823174	0.1357917653980352	0.18523677667097074	0.19039037508083045	0.23939995926590465	0.23939995926590465	0.23939995926590465
0.47814499686297934	0.49365625713227507	0.4124649887142267	0.3646546861535344	0.42601067703495754	0.4867113370262797	0.48596246482716465	0.18523677667097074	0.19039037508083045	0.23939995926590465	0.23939995926590465	0.23939995926590465
0.21912123176409443	0.23247080060442094	0.16427230299557338	0.3646546861535344	0.275386190490152	0.12971050619823174	0.1357917653980352	0.18523677667097074	0.19039037508083045	0.23939995926590465	0.23939995926590465	0.23939995926590465
0.2094464660582642	0.17440190216518808	0.16197657410927227	0.3646546861535344	0.33438227144492233	0.12971050619823174	0.1357917653980352	0.18523677667097074	0.19039037508083045	0.23939995926590465	0.23939995926590465	0.23939995926590465
0.19844335237797117	0.1797349054218722	0.15930727990450289	0.3646546861535344	0.36962689941900523	0.12971050619823174	0.1357917653980352	0.18523677667097074	0.19039037508083045	0.23939995926590465	0.23939995926590465	0.23939995926590465
0.19857370120419496	0.2540829545354013	0.16094019294249676	0.3342297846340421	0.4048667545914	0.12971050619823174	0.1357917653980352	0.18523677667097074	0.19039037508083045	0.23939995926590465	0.23939995926590465	0.23939995926590465
0.19844335237797117	0.1797349054218722	0.15930727990450289	0.3646546861535344	0.36962689941900523	0.12971050619823174	0.1357917653980352	0.18523677667097074	0.19039037508083045	0.23939995926590465	0.23939995926590465	0.23939995926590465
0.2094464660582642	0.17440190216518808	0.16197657410927227	0.3646546861535344	0.33438227144492233	0.12971050619823174	0.1357917653980352	0.18523677667097074	0.19039037508083045	0.23939995926590465	0.23939995926590465	0.23939995926590465
0.21912123176409443	0.23247080060442094	0.16427230299557338	0.3646546861535344	0.275386190490152	0.12971050619823174	0.1357917653980352	0.18523677667097074	0.19039037508083045	0.23939995926590465	0.23939995926590465	0.23939995926590465
0.4717166476328558	0.4808123123708089	0.4086412532252224	0.3646546861535344	0.42601067703495754	0.5158414923312776	0.4809368073909321	0.18523677667097074	0.19039037508083045	0.23939995926590465	0.23939995926590465	0.23939995926590465
0.21681564438854567	0.2274736207534096	0.16391062415158378	0.3646546861535344	0.2854909145079262	0.12971050619823174	0.1357917653980352	0.18523677667097074	0.19039037508083045	0.23939995926590465	0.23939995926590465	0.23939995926590465
0.20795645868181195	0.15647910737989512	0.1619581004502821	0.3646546861535344	0.3419295933534726	0.12971050619823174	0.1357917653980352	0.18523677667097074	0.19039037508083045	0.23939995926590465	0.23939995926590465	0.23939995926590465
0.20161478181451747	0.1826262677271141	0.16019773588693867	0.3646546861535344	0.37302436833102737	0.12971050619823174	0.1357917653980352	0.18523677667097074	0.19039037508083045	0.23939995926590465	0.23939995926590465	0.23939995926590465
0.2039727728466481	0.26588682626929616	0.16201136725331491	0.3342297846340421	0.4048667545914	0.12971050619823174	0.1357917653980352	0.18523677667097074	0.19039037508083045	0.23939995926590465	0.23939995926590465	0.23939995926590465
0.20161478181451747	0.1826262677271141	0.16019773588693867	0.3646546861535344	0.37302436833102737	0.12971050619823174	0.1357917653980352	0.18523677667097074	0.19039037508083045	0.23939995926590465	0.23939995926590465	0.23939995926590465
0.20795645868181195	0.15647910737989512	0.1619581004502821	0.3646546861535344	0.3419295933534726	0.12971050619823174	0.1357917653980352	0.18523677667097074	0.19039037508083045	0.23939995926590465	0.23939995926590465	0.23939995926590465
0.21681564438854567	0.2274736207534096	0.16391062415158378	0.3646546861535344	0.2854909145079262	0.12971050619823174	0.1357917653980352	0.18523677667097074	0.19039037508083045	0.23939995926590465	0.23939995926590465	0.23939995926590465
0.32999219377005856	0.3279097368786849	0.2547493734593277	0.3646546861535344	0.39280371781758533	0.4425693847749707	0.1357917653980352	0.18523677667097074	0.19039037508083045	0.23939995926590465	0.23939995926590465	0.23939995926590465
0.20463432220983205	0.19662336787507545	0.16190526807246547	0.29008038363645866	0.31676637879087616	0.12971050619823174	0.1357917653980352	0.18523677667097074	0.19039037508083045	0.23939995926590465	0.23939995926590465	0.23939995926590465
0.20605325022483206	0.2277315561273611	0.1619402514451227	0.26821688428242535	0.3329369905047783	0.12971050619823174	0.1357917653980352	0.18523677667097074	0.19039037508083045	0.23939995926590465	0.23939995926590465	0.23939995926590465
0.32178017178156765	0.33475692485069375	0.2514266755133075	0.3646546861535344	0.38761532745804234	0.4700821487353109	0.1357917653980352	0.18523677667097074	0.19039037508083045	0.23939995926590465	0.23939995926590465	0.23939995926590465
0.19638625392318285	0.25036482350823863	0.16019281800274834	0.3443714184738729	0.32012300802504867	0.12971050619823174	0.1357917653980352	0.18523677667097074	0.19039037508083045	0.23939995926590465	0.23939995926590465	0.23939995926590465
0.1868735059303724	0.14247624698465766	0.15794977020749576	0.30940597137818127	0.3741849250311327	0.12971050619823174	0.1357917653980352	0.18523677667097074	0.19039037508083045	0.23939995926590465	0.23939995926590465	0.23939995926590465
0.19253684713864003	0.15392092563154	0.15927877748614624	0.3168717727130844	0.3589907809079984	0.12971050619823174	0.1357917653980352	0.18523677667097074	0.19039037508083045	0.23939995926590465	0.23939995926590465	0.23939995926590465
0.20779220806461213	0.2827954140733371	0.16242527697097728	0.3443714184738729	0.302226206570278	0.12971050619823174	0.1357917653980352	0.18523677667097074	0.19039037508083045	0.23939995926590465	0.23939995926590465	0.23939995926590465
