1.328871 0.98378104 0.8331654 -0.087460905 -1.3591543 -0.6242907 -1.1333066 1.2625299 1.0046793 -1.2300853 -1.8316013 -0.28766522 
1.5780424 0.9655809 0.9615504 0.14269263 -1.254855 -0.5684759 -1.2722869 1.2835377 0.6643751 -1.3194696 -1.7123969 -0.66598463 
1.388187 0.89202845 1.0994366 0.078194596 -1.1937073 -0.62988377 -1.3165259 1.3149825 0.7182108 -1.3414328 -1.6341066 -0.5601497 
1.4042094 0.95009947 1.0554912 0.17102812 -1.3794541 -0.68376464 -1.2336663 1.1418654 0.66894394 -1.2493985 -1.6848861 -0.5089585 
1.4997153 0.9448351 0.959136 0.07594072 -1.057271 -0.5689846 -1.261785 1.2854874 0.71125025 -1.2914605 -1.6593561 -0.67824304 
0.902298 1.4633834 1.094458 0.25322706 -0.5526769 -0.8750689 -0.5441979 1.1042739 1.2799667 -1.3450905 -1.6152207 -0.22472927 
0.7936419 1.1893276 1.3238392 0.4877347 -0.6717157 -1.0512629 -0.333073 1.0674468 1.1478015 -0.99206567 -1.9518751 -0.32468963 
0.8972803 1.0865365 1.391853 0.23548849 -0.5198056 -0.93786824 -0.4020238 0.9317023 1.2080723 -1.2531109 -1.8935411 -0.18151802 
0.9185045 1.0288926 1.3293104 0.2626588 -0.38709554 -0.94303685 -0.30089247 1.0830926 1.1914294 -1.1647153 -2.011785 -0.21657568 
1.0329996 0.9924614 1.3224542 0.29223076 -0.2542716 -0.9869503 -0.33391526 1.1268184 1.0649973 -1.1128224 -1.9589679 -0.37197068 
0.973058 0.79098433 0.19053242 0.6729448 -0.03410129 -1.2452743 -0.27245966 0.7317505 1.3381935 -1.5904251 -1.3856845 -0.34738672 
1.0319074 0.8329986 0.16318743 0.4556655 0.11719698 -1.1247272 -0.08493181 0.7604863 1.6433622 -1.7723761 -1.457235 -0.48720843 
0.8890441 0.8598157 0.13242795 0.51140666 -0.15332872 -1.2971061 -0.19667915 0.7880871 1.3824058 -1.6578625 -1.3332307 -0.48974326 
0.94401705 0.78178656 -0.020743812 0.6249029 0.00319455 -1.2011087 -0.29652992 0.943755 1.4905788 -1.5776747 -1.333503 -0.43959832 
0.8538946 0.67818385 0.08113664 0.6267748 -0.058010425 -1.225532 -0.15544608 0.83376 1.4662913 -1.7261688 -1.4489319 -0.44123283 
1.6561793 1.1134496 0.12025103 0.47673556 -0.022222418 -1.4268775 -0.0925675 0.036874767 1.16475 -1.3747976 -0.78637743 0.22525527 
1.909799 1.0140473 0.051973462 0.46590152 0.060626507 -1.4897902 -0.115902215 -0.26983473 1.3976188 -1.0741563 -0.9315513 0.1333625 
1.2110181 0.750749 0.1853265 0.56279397 -0.41820654 -1.5982575 -0.30206513 -0.3946805 1.1958792 -1.2836423 -0.47026834 0.2825849 
1.8069441 0.8011066 0.036525402 0.22597058 0.17406 -1.4381425 -0.09111873 -0.047785293 1.3707659 -1.1377957 -0.95003575 0.14501904 
1.8472085 0.9156299 0.021284958 0.2873944 0.22244361 -1.4707667 -0.23876992 0.039559398 1.2806513 -1.2419983 -0.7753093 0.19198997 
1.8132391 0.9110973 -0.5398271 0.7457344 -0.5175464 -1.4623258 0.6246408 0.47453007 0.8832605 -0.6209525 -0.9711159 0.5871688 
1.9041309 1.1091106 -0.5280623 1.0069094 -0.4979667 -1.1612582 1.1412587 0.22766513 0.90398 -0.92356974 -0.9103153 0.43227527 
1.806265 1.071365 -0.47124866 0.84221536 -0.74111617 -1.2812623 0.812258 0.21721525 0.8265061 -0.9145794 -0.87506276 0.4937537 
1.9267715 1.161147 -0.6316649 0.7454857 -0.5945457 -1.1573961 0.8153828 0.3378086 0.8920496 -0.78812444 -0.81774956 0.4879719 
1.8567386 1.1750084 -0.4272391 0.8996876 -0.8277184 -1.2256469 0.96794057 0.29741597 0.6543611 -0.92458254 -0.91542274 0.5697081 
1.5812839 1.4788514 -0.04553439 1.3822434 -0.5280086 -1.5923643 0.7246421 0.69507414 0.74598086 0.044239193 -0.20883779 0.18922725 
1.6058897 1.4686342 -0.15186441 1.1797668 -0.7769912 -1.7390383 0.8060142 0.6333207 0.8440356 0.11716749 -0.15568447 -0.20456131 
1.589334 1.446969 -0.10168566 1.1101345 -0.65562326 -1.7809567 0.7572443 0.5903027 0.8923669 0.063327976 -0.222733 -0.22811645 
1.6413258 1.3953104 -0.19971508 1.2948611 -0.60621256 -1.7061552 0.88950413 0.5070074 0.89567465 0.06617915 -0.08894078 -0.2195963 
1.534394 1.3252102 -0.19473372 1.3621958 -0.71679676 -1.7634583 0.8595976 0.59013844 0.80905306 0.050122425 -0.2320101 -0.16735746 
1.9434043 0.67947525 0.19417517 1.5293039 -0.18583268 -1.6642423 0.57365686 1.1206636 0.031989396 0.0062108166 0.08436941 -0.14416392 
1.9945589 0.88262403 0.5687297 1.5216936 -0.05280458 -1.4388397 0.814231 0.92711043 -0.012820864 0.17430608 0.0884424 -0.085306644 
1.8890959 0.69147515 0.41120222 1.6292462 0.20674144 -1.5731333 0.9968237 1.0243989 0.11108857 -0.083557755 0.19498752 -0.10635476 
1.9092052 0.7735152 0.529723 1.6204967 0.07102426 -1.4593898 0.87904155 0.988288 -0.041398156 0.027892089 0.021288868 -0.09283448 
1.8050796 0.89692616 0.6220492 1.6621383 0.037168156 -1.4692131 0.8491058 1.0336747 -0.016655847 0.07312816 0.17560034 -0.23756933 
2.2685118 0.91131306 0.40252972 0.65779454 -0.25563762 -1.2019665 0.346258 1.2611603 0.056858055 0.46061495 0.83589125 0.30847025 
2.3939235 0.69197434 0.24247345 0.63082623 -0.5660037 -1.1134427 0.44677788 1.3414389 -0.10149636 0.5130499 0.89078987 0.18312424 
2.3750825 0.61382455 0.24482837 0.6895327 -0.62257534 -1.3411859 0.10128143 1.1106873 -0.1538206 0.38670883 0.80434006 0.13039254 
2.4681883 0.76536626 0.107398584 0.74127066 -0.5004793 -1.1176015 0.27265495 1.1547977 0.03366341 0.5149748 0.9988709 0.19740576 
2.4517143 0.6775657 0.18638228 0.6770395 -0.566908 -1.3183612 0.50578505 1.2819005 -0.10836599 0.5069988 0.72127455 -0.014412111 
1.7806891 1.1339206 0.19727859 0.5715234 -0.2972888 -0.8455015 0.059639663 1.72926 0.2492794 -0.35657877 1.5794324 -0.35931334 
1.7799723 1.264245 0.5085263 0.67098004 -0.42175904 -0.54703915 -0.10637517 2.0023994 0.17787796 -0.10793994 1.5508289 -0.08280316 
1.7053926 1.2283779 0.12809438 0.54256 -0.29610923 -0.8094016 -0.21434684 1.7433 0.32452685 -0.30289662 1.2753044 -0.1821126 
2.011132 1.3473171 0.414281 0.43859553 -0.175473 -0.682469 -0.2267361 1.7963674 0.16472909 -0.40218264 1.3539653 -0.36620224 
1.9092939 1.1969417 0.29500324 0.541867 -0.3203968 -0.68806404 -0.09762161 1.8369124 0.1204774 -0.31121624 1.3882165 -0.3657687 
1.758043 0.5436777 0.34822237 -0.30706736 0.3060761 -0.8303547 0.4235201 2.3164778 0.57720083 -0.22749363 1.1772997 -0.029828908 
1.9569522 0.21092397 0.00396595 -0.1502767 0.40591213 -0.7696197 0.7346599 2.217195 0.6318761 -0.36149976 1.5191175 -0.019960864 
1.6638565 0.43734583 0.3153191 -0.016506549 0.3514104 -0.5221399 0.6314822 2.3546681 0.5223901 -0.51944846 1.5121458 0.19950804 
1.863725 0.28659835 -0.15082459 -0.0647264 0.35621974 -0.7962399 0.68289536 2.3964388 0.5517652 -0.5785525 1.2613504 -0.076561265 
1.8594744 0.48781833 -0.095259085 -0.23131596 0.27170494 -0.56835747 0.6576285 2.231725 0.66281015 -0.47682285 1.3341131 0.24637885 
0.8788143 0.058108248 0.25915733 -0.3376035 -0.32158336 -1.353773 0.43941575 2.2547963 1.3255814 -0.0691013 1.5658313 0.20142761 
0.780228 -0.32335013 0.39139628 -0.20405997 -0.26640356 -1.5381378 0.24155918 2.4050343 1.3771609 -0.090512484 1.4390807 0.28989926 
0.7225079 -0.24374512 0.47538674 -0.192381 -0.20322205 -1.5068198 0.1634938 2.4052691 1.4419683 -0.12920001 1.5265311 0.25772998 
0.69565624 -0.37245905 0.3782138 -0.12027699 -0.28607243 -1.4638239 0.22114745 2.4498818 1.341106 -0.19856864 1.4862796 0.2551066 
0.8367353 -0.38992223 0.31717172 -0.09890927 -0.27664676 -1.470747 0.12643395 2.4212818 1.301693 -0.22659405 1.5577936 0.49095047 
0.5253498 -0.0029833918 0.43250474 -0.8715642 -1.3453271 -1.120734 0.5106368 2.2220714 0.89730424 -0.73457897 0.89810795 -0.46149087 
0.6971498 0.023296386 0.19832167 -1.186675 -1.4900466 -1.1063318 0.5272954 2.2189012 1.0989337 -0.92236155 0.9165825 -0.6865531 
0.71014196 0.044449594 0.07347732 -1.1046686 -1.6066988 -1.0035914 0.47222555 2.3509727 1.1009858 -0.79208505 0.87761617 -0.5965969 
0.80348676 0.08227893 0.08267431 -1.1385995 -1.6851935 -1.1830428 0.6651087 2.2534957 1.0972604 -0.6954226 0.81301415 -0.64194185 
0.79639834 -0.02439471 0.14382192 -1.184314 -1.6547977 -1.1472274 0.5107811 2.1708188 1.092289 -0.78179705 0.9046354 -0.47619954 
0.29151288 0.1082784 1.246703 -0.85340536 -1.4992343 -0.9211338 1.4249926 1.7346022 0.670727 -0.7342331 0.4917481 0.5813821 
0.29825717 0.20925431 1.2174344 -0.70451325 -1.5716915 -0.7326442 1.6026015 1.8588727 0.76792806 -0.8764633 0.39739162 0.9783411 
0.19170992 0.17370579 1.4124814 -0.6936205 -1.575319 -0.80671144 1.4417737 1.9330431 0.80787593 -1.0353948 0.37388855 0.86839193 
0.19821835 0.27885827 1.3153461 -0.7130022 -1.4882466 -0.7474742 1.6072617 1.8832166 0.9592422 -0.7561213 0.47968575 0.8503565 
0.26599252 0.13206537 1.4060626 -0.6679901 -1.5360086 -0.79511863 1.5211867 2.033117 0.7426796 -0.7594812 0.3167763 0.80781263 
0.081544764 -0.13042612 1.520967 -0.28964442 -1.3761996 -1.3523401 1.4346163 0.69210714 1.0019797 -1.2177374 1.0315914 -0.16833314 
5.083572e-05 -0.20153701 1.5480478 -0.14999704 -1.0569942 -1.6066135 1.6850951 0.46471056 1.3800964 -1.2889895 1.0328503 -0.38128808 
-0.05612712 -0.23341405 1.54716 -0.25791538 -0.91205543 -1.5264328 1.6942576 0.5302679 1.3473008 -1.3896606 0.6781991 -0.27555436 
0.17468227 -0.32706812 1.3985994 -0.43110645 -0.8757882 -1.4607307 1.6269053 0.36385444 1.3477248 -1.3484089 0.95246917 -0.23193619 
0.054298628 -0.26675203 1.6487446 -0.2284097 -0.9788626 -1.5675744 1.7247779 0.43553326 1.3154268 -1.274199 0.84513617 -0.3908304 
0.52157974 -0.44324067 1.9270408 -0.11969593 -2.0648022 -1.6228848 0.5019254 -0.063749366 0.5815481 -0.7248107 0.6835964 0.016042916 
0.7658052 -0.5700377 2.0144494 -0.032483693 -2.3510404 -1.6160085 0.48706198 -0.1906712 0.4402564 -0.6465378 0.24842185 -0.02159134 
0.5838356 -0.61974555 2.0939577 0.15856431 -2.2885296 -1.6229936 0.5256614 -0.07941596 0.41604933 -0.6996344 0.2245129 -0.12661488 
0.5932546 -0.58100003 2.0128376 0.16111046 -2.352591 -1.5428679 0.48445797 -0.12024801 0.4267215 -0.78561926 0.33102387 -0.2833165 
0.5510186 -0.5978842 1.9026486 0.07951095 -2.3447108 -1.6461297 0.5399379 -0.08562814 0.4906115 -0.66928923 0.33686742 -0.2610782 
1.099972 -0.36448795 1.5550284 -0.3084733 -0.8550046 -1.5389683 0.34700373 -0.56625444 0.68889284 -1.523122 0.5558755 0.24063976 
0.91665107 -0.4529276 1.7531768 -0.49926975 -0.45326355 -1.4984252 0.47356954 -0.17797935 0.9128346 -1.8558807 0.8554029 -0.11156663 
1.2841614 -0.43262646 1.7235202 -0.5795668 -0.6356039 -1.4910834 0.33762428 -0.41865554 0.87145793 -1.7523068 0.9362825 -0.079167195 
1.2420764 -0.50860536 1.631755 -0.60645294 -0.536576 -1.477688 0.49551007 -0.41662416 0.93989354 -1.7216405 0.9026241 0.15370087 
1.2866508 -0.48189506 1.7000982 -0.5960348 -0.62775815 -1.4844211 0.4148858 -0.37307188 0.82064545 -1.8236816 0.90014994 -0.0106210625 
0.9340639 -0.07608542 0.7048549 0.462759 -0.82428205 -1.407779 -0.2632162 -0.68757653 1.213246 -1.5721979 0.34118372 0.7609147 
0.9790938 0.13866907 0.4945957 0.53359973 -1.0164273 -1.4627222 -0.3924333 -0.7828828 1.4534043 -1.6287999 0.2841446 0.640141 
0.9019908 0.07945465 0.4415793 0.5537595 -1.0541965 -1.4409627 -0.40570977 -0.7065797 1.4539608 -1.6625073 0.27265322 0.67095923 
0.9620847 0.072833814 0.41565087 0.66067183 -0.9658976 -1.4675506 -0.33154953 -0.696448 1.4028875 -1.6747235 0.40135056 0.7255687 
0.9689621 0.24106212 0.4347909 0.62775874 -0.926643 -1.5209632 -0.37835845 -0.64687485 1.2075715 -1.6244766 -0.0254496 0.56167793 
0.74847907 -0.548247 1.3121749 0.7513229 -0.043103278 -0.75715977 -0.5041368 -0.30053392 1.5798439 -1.2624936 0.22856721 1.4333019 
0.91851515 -1.0577996 1.5252944 0.89053243 0.019926116 -1.2113506 -0.77478063 -0.06377417 1.7707473 -1.0271838 0.080257304 1.5112195 
1.0685661 -0.8219327 1.6168587 0.832888 0.12019792 -1.1410531 -0.60512483 -0.26842785 1.8524708 -0.92834544 0.21691562 1.6356424 
0.9535308 -0.9512877 1.4372424 0.8644824 0.13853213 -1.1359209 -0.6893385 -0.070243195 1.9153022 -1.0882924 0.27629513 1.5650091 
0.9176192 -0.83568597 1.3713884 0.9953067 0.047589958 -1.0733224 -0.63779104 -0.2270622 2.0062492 -0.9768991 0.34844622 1.5809939 
0.7982096 -0.058396976 1.6623106 1.4741111 -0.2970832 0.3409071 -0.36244732 0.03612937 0.9142407 -1.4904143 0.5283802 1.1708486 
0.7647894 -0.055819932 1.8746688 1.6642712 -0.1456376 0.34601742 -0.51404685 0.4214889 0.8977635 -1.7221414 0.7997943 1.0282542 
0.54792863 -0.08369118 1.7192378 1.665733 -0.4418291 0.36126328 -0.52898973 0.6348057 0.9100803 -1.7576599 0.6558408 1.2724247 
0.6623482 -0.09297464 1.9335192 1.6248933 -0.25021932 0.3217981 -0.49677852 0.38041916 0.8175862 -1.6515929 0.69338286 0.9997173 
0.69075936 -0.21479554 1.9346719 1.747915 -0.2757822 0.3448835 -0.60583156 0.4830697 0.98033124 -1.5084614 0.7921468 1.0299209 
1.6920546 -0.31441975 1.5219387 1.0712473 -0.85019726 0.8689655 -0.3498974 -0.004056901 0.4068154 -0.91876906 -0.08114691 1.4047232 
1.7546672 -0.0999556 1.4909424 0.9946506 -1.0568805 1.0030856 -0.26275262 0.38656238 0.46256712 -0.89451176 -0.3416713 1.8560833 
1.7356614 -0.10916704 1.6058705 1.1173682 -0.9974264 0.9250502 -0.22054744 0.34082273 0.46814466 -0.81201565 -0.24807698 1.8542651 
1.7633119 -0.17203182 1.5054636 0.80620986 -1.0726538 0.86915845 -0.1787003 0.34376442 0.41017717 -0.9096215 -0.19132704 1.8725557 
1.6473994 -0.14160353 1.5354174 0.99114156 -1.0326973 0.96794945 -0.20253454 0.286388 0.49067032 -0.82815486 -0.35202366 1.7791473 
1.9198271 -0.7648243 0.8245021 0.8328062 -0.4025877 1.3934944 0.07759031 0.17746335 0.47125256 -1.0384241 0.3379448 0.7947669 
2.2504153 -0.73103654 0.4756603 0.5529745 -0.81632674 1.6321653 -0.6451362 0.5290897 0.6134777 -1.2158794 0.8647626 0.6750958 
2.6033065 -0.5540803 0.22612955 0.65645313 -0.887417 1.5372736 -1.1494735 0.4528215 0.8563002 -1.3547921 0.9594882 0.47397113 
2.9167514 -0.24771261 -0.017609788 0.71042186 -0.42075002 1.627471 -1.3171663 0.69492745 1.1946832 -1.45232 0.69980866 0.36802727 
3.3889372 -0.1532045 0.05375835 0.90060425 0.12673493 1.3665125 -1.171207 0.50049466 1.0926627 -1.0760851 0.37388802 0.3900629 
3.4738348 -0.31940854 0.4913406 1.2960954 0.48657167 1.2583313 -0.934523 0.5564556 0.86857027 -1.0918894 0.046005134 0.30941543 
3.1113126 -0.49174014 0.739063 1.3785002 0.62827903 1.3485838 -0.19852442 0.41108567 0.733286 -0.90876037 0.25814 0.7186153 
2.6419723 -0.83322436 0.848032 1.1055427 0.20047463 1.3440775 -0.042613477 0.50394034 0.5412861 -1.0956733 0.2810973 0.8805675 
1.5159483 -0.7109697 0.59852785 0.7094699 -0.6134317 1.5022508 0.7779033 0.1980274 0.4556455 -1.0712323 -0.003007013 0.16791052 
1.4090801 -0.35547706 0.8396335 0.47550786 -0.41188592 1.712691 0.93680274 -0.16720983 0.90476936 -1.2853144 -0.27075487 -0.06713134 
1.311633 0.19607951 1.3564177 0.1829056 -0.32704175 1.6843997 1.1476341 -0.1376751 1.0893345 -1.1653715 -0.30792937 -0.32556805 
1.425015 0.38488263 1.9536098 0.2644074 -0.40259254 1.6362503 1.0431274 0.32194498 0.6396787 -1.2542617 -0.21066494 -0.7884332 
1.5919464 0.4872726 1.9342126 0.39974988 -0.786045 1.7916809 1.0063611 0.81321657 0.23092972 -1.290788 -0.12630108 -0.9886818 
1.6301854 0.34860054 1.5722915 0.6646423 -1.089213 1.6742586 0.942407 0.9338647 -0.13115181 -1.1457207 0.093086846 -1.0490619 
1.8800488 -0.03558588 1.1115092 0.82726747 -1.1985132 1.7526666 1.0826553 1.0058147 -0.24781229 -1.0960162 0.05639396 -0.6343601 
1.6922331 -0.40589193 0.7043613 0.8790896 -1.1264012 1.6012785 0.9799777 0.6029774 -0.0973733 -1.1236303 0.06931826 -0.18654376 
1.3187765 -1.5220888 0.5471107 0.60632974 -0.77305347 1.2397265 0.6931713 0.4984558 0.6082763 -0.815363 -0.33471006 -0.18222621 
1.7398887 -1.7570058 0.44573772 0.4337884 -0.9989986 0.92361885 0.6727789 0.35344577 0.5449103 -0.98798245 -1.086731 -0.23458302 
2.023557 -1.6971385 0.18511398 0.123859406 -0.8939025 0.617864 0.97664344 0.71326244 0.5149096 -1.0306582 -1.3763628 -0.34325436 
1.9931731 -1.7885902 0.3365936 -0.1895603 -0.53820825 0.3305525 0.95679265 1.1366072 0.42238757 -1.3128933 -1.337808 -0.34861556 
1.9227413 -2.01059 0.64192116 -0.4467698 -0.36422834 0.3542878 0.58222646 1.6772609 0.53122956 -1.4356289 -1.0428979 -0.3737479 
1.7767138 -2.2371721 0.97846085 -0.14821272 -0.08698688 0.48617148 0.44109663 1.7268417 0.49936575 -1.4109794 -0.72239363 -0.14175119 
1.4205129 -2.2514818 1.056397 0.007144226 -0.44289586 0.97443956 0.35592994 1.555049 0.53254724 -1.2466063 -0.17933159 -0.22800218 
1.3112534 -1.9992796 0.7798235 0.32956052 -0.5435155 1.1571069 0.54115087 1.0941737 0.6124943 -1.0214137 -0.023131115 -0.17464794 
1.0303583 -1.4926467 -0.023983482 1.0616841 -0.6777086 0.97553635 0.8677385 0.583505 1.108672 -0.4207414 0.12262138 -0.42137736 
0.6542639 -1.4597296 -0.2593813 1.3020868 -1.1118388 1.0374733 0.8244766 0.68206906 1.539226 -0.9647417 0.06491986 -0.44648492 
0.3588395 -1.3216017 -0.5689429 1.3704506 -1.4363967 0.73482794 0.8522196 1.1456169 1.5536188 -1.2566074 0.22715667 -0.6045232 
0.63529736 -1.0810837 -0.7825471 1.5808026 -1.3406551 0.4220981 1.1009574 0.98572904 1.3804286 -1.4934219 0.5037863 -0.8707938 
0.90337926 -1.2288966 -0.6912405 1.837824 -1.190467 -0.047155287 1.2101202 0.9485613 1.0392418 -1.4621725 0.69277686 -1.2271668 
1.2259473 -1.4279375 -0.47416314 1.7225299 -0.7522429 -0.00875614 1.099248 0.6138684 1.1461295 -1.1448795 0.84431845 -1.3833764 
1.4417259 -1.7746865 -0.045480132 1.5636721 -0.7143904 0.2788282 1.0529997 0.4482708 0.8912445 -0.81822735 0.98064375 -1.3734075 
1.3268472 -1.7711881 0.033448678 1.5223693 -0.6254258 0.64466405 0.9459905 0.48757583 0.9403252 -0.54539657 0.60461396 -0.89009655 
0.98458695 -1.4520128 0.21516228 0.8960405 -0.709194 0.79990333 0.8107546 0.7622217 1.3214053 0.5121122 -0.017201262 -0.18125258 
0.8243186 -1.6950041 0.661863 1.2348591 -0.8424971 0.3963289 1.3859124 0.47047076 1.5573364 0.6721611 -0.078315884 0.090249464 
0.9011217 -1.4119205 0.7122374 1.5034051 -1.0648812 0.09370844 1.7368407 0.18982382 1.6942436 0.81338936 -0.18013355 0.44219044 
1.1732095 -1.2841067 0.42304906 1.2570925 -1.2990309 0.057091974 1.9361783 0.2875725 1.7112001 0.88119596 -0.0707578 0.73251003 
1.4366878 -1.1768491 -0.069259614 1.1140219 -1.6901478 0.02585192 1.7256597 0.39611638 1.7479963 1.0056471 0.35960576 0.9768336 
1.4954226 -1.284955 -0.4426915 0.6110097 -1.6000605 0.29734144 1.2327855 0.5779641 2.0323648 0.94292 0.5166101 0.8902789 
1.7239579 -1.5035915 -0.50000626 0.49697062 -1.4270028 0.5043731 0.96156347 0.84991664 1.6765717 0.9437536 0.3955831 0.5107065 
1.4441566 -1.5556079 -0.20488234 0.69794965 -1.0698473 0.8462614 0.8003614 0.9524866 1.553768 0.7758115 0.32380795 0.11217748 
0.76417595 -0.9781912 0.27609363 0.9505424 -0.35761175 0.6034843 0.32724717 1.0805067 1.7377622 0.8023682 -0.3931459 -0.6018774 
0.9021732 -0.79589725 -0.02587831 1.213876 0.07987642 0.5336686 0.51896065 1.3064334 2.1920462 0.63146317 -0.68898475 -0.47247073 
0.95595866 -0.37069747 0.057937067 1.2343965 0.42068794 0.6217394 0.6207018 1.6732869 2.633295 0.70021963 -0.6056216 -0.07001883 
0.87908345 -0.013371619 0.12856084 1.2053459 0.1468695 0.71659714 0.6566313 2.2302547 2.55493 0.63463944 -0.940188 0.22894135 
0.72570664 0.16820581 0.59438926 1.2932669 -0.06895675 0.75950897 0.62140846 2.6049356 2.1024494 0.79518414 -1.0600133 0.12552649 
0.41702414 0.09223813 0.59661454 1.3925723 -0.7481183 0.8018598 0.50173604 2.6502693 1.8732595 0.90799624 -0.77029866 -0.21437627 
0.5994049 -0.37988913 0.71031207 1.3024437 -0.86220074 0.84168696 0.4119663 2.3843925 1.4506528 1.004994 -0.5888359 -0.5005257 
0.60061145 -0.7979909 0.81346244 1.150942 -0.6329676 0.8526556 0.27456325 1.773533 1.4804122 0.9618796 -0.33120883 -0.6288298 
0.9336752 -0.6207192 0.4548138 0.8519486 -0.656813 0.44906914 -0.28969443 0.57440525 1.9193511 0.9003127 -0.416174 -0.9025703 
1.3030013 -0.2549266 0.5388505 1.6652082 -0.8122722 0.49669036 -0.6092173 0.33822852 1.941693 1.045018 -0.46311292 -0.8250147 
1.3221811 -0.14796154 0.5577401 2.3106375 -1.2410548 0.3390169 -0.86388594 0.21201505 1.9685855 1.0509663 -0.120910786 -0.80785227 
1.2652832 -0.1328629 0.65330005 2.2879713 -1.5711808 -0.12834392 -1.1918123 0.3694972 1.9285268 0.9953816 -0.34572524 -0.74156564 
0.9241652 -0.31775483 0.52100915 2.0695465 -1.7497354 -0.6163665 -1.3886011 0.5670613 2.1230686 0.79123825 -0.081561066 -0.89988166 
0.7729359 -0.75314516 0.37733212 1.4023681 -1.8550124 -0.83764 -1.2404269 0.7644069 2.2898006 0.95373744 -0.31516376 -0.619643 
0.4810661 -0.90708023 0.32482216 1.05889 -1.5839565 -0.73972803 -0.8967971 0.73627996 2.4788125 0.8165901 -0.4527861 -0.9167448 
0.6080495 -0.9209467 0.2872471 0.7912591 -1.2036768 -0.09973861 -0.5762657 0.70098376 2.289229 0.8098277 -0.5316358 -1.0258257 
1.0572251 -0.31981385 0.7915979 0.2262722 -0.36495107 0.42138356 -0.20009284 0.3467815 2.109294 0.89538413 0.16781682 -1.2735245 
1.5294881 -0.67115355 1.0455688 0.025190819 0.24276745 0.008122631 -0.30400315 0.04536527 2.4766645 0.86221695 -0.043754004 -1.2195084 
1.9224675 -0.6965976 1.5654304 -0.012406571 0.6132808 -0.123453684 -0.5073855 0.17619318 2.345697 0.7642123 -0.18817641 -1.469377 
2.0389447 -0.8329912 1.7875525 -0.10788942 0.47705933 -0.5067553 -0.51820767 0.34965894 1.6291753 0.7251872 0.15065019 -1.7635852 
2.243213 -0.79960376 1.6813453 -0.32092485 -0.016566996 -0.64971685 -0.5133533 0.6361431 1.3854078 0.6726735 0.0902283 -2.3039153 
2.0958054 -0.4832711 1.5308897 -0.31188995 -0.90065175 -0.28218108 -0.35003138 0.6981699 1.1233749 1.1480258 -0.14352705 -2.0787718 
1.7218134 -0.25653127 1.0063426 -0.13987929 -1.0509998 -0.13312788 -0.059126716 0.78709716 1.3883774 1.192602 -0.11759106 -2.1863983 
1.4723551 -0.17954127 0.8513784 -0.019437684 -0.9265025 0.22351925 0.08916471 0.7075195 1.7864606 1.3223332 -0.015675636 -1.7452184 
0.786062 0.1768413 1.1207851 -0.1943308 -0.7404847 0.78646475 -0.059035745 0.11191226 2.254141 0.4093441 0.498807 -1.12002 
0.49242514 0.46418777 1.8647921 -0.20024355 -0.9151655 0.6261822 0.13009685 0.30981076 2.3235667 0.6708165 0.074893266 -0.7619241 
0.42584795 0.62923956 2.4068553 -0.1787995 -0.8909339 0.5533057 -0.08506752 0.53566825 2.3207498 0.6945698 0.13684984 -0.41444555 
0.7555597 1.0538164 2.4532516 -0.3220323 -1.002135 0.49980205 -0.48361135 0.74299765 2.2367456 0.7654135 0.34144542 -0.038209174 
1.019942 0.9285143 2.1613755 -0.8070583 -1.0992414 0.4213652 -0.7183716 0.70795554 2.4357424 0.8016334 0.44811913 0.3553964 
1.1360078 0.8303418 1.5568242 -0.75064 -0.9702004 0.5623411 -1.1183312 0.71651006 2.6286783 0.5661439 0.880261 -0.002488784 
1.2717224 0.5738938 1.0843239 -0.80920213 -1.0237476 0.59865916 -0.92446995 0.31043255 2.744454 0.49531543 0.80240047 -0.30514738 
1.1272631 0.46267667 0.87888694 -0.5631484 -0.7342608 0.8269604 -0.61976814 0.39201465 2.7279584 0.42444086 0.57337976 -0.84220153 
1.0708649 0.77853096 1.0567023 0.15945044 -0.6674701 0.8277898 0.3070498 -0.51903665 2.2239735 -0.06815326 0.29540196 -1.1262348 
1.2018116 0.62448424 1.1123928 -0.1565971 -0.88426393 1.1747121 0.389527 -0.46798104 2.0686781 -0.57704365 -0.16429622 -1.3184391 
1.6274776 0.42606768 1.2393572 -0.38081098 -1.0017065 1.3442707 0.7279553 -0.5871872 1.7584928 -0.668854 -0.44108042 -1.1564047 
1.5808934 0.4926058 0.9914154 -0.4585435 -0.7748854 1.4678714 1.1238835 -0.31241715 1.4841367 -0.8494562 -0.2612306 -0.62515885 
2.0076797 0.89364624 1.031873 -0.43287286 -0.6871551 1.3219934 1.463559 -0.4508509 1.4830846 -0.469038 0.15651414 -0.32006866 
1.9037926 1.0256636 1.1157484 -0.23485175 -0.53348434 1.0757717 1.7238264 -0.40915754 1.6842854 -0.012120078 0.69404846 -0.5205382 
1.7382703 1.1636178 1.0527233 0.035014715 -0.34754395 0.86271626 1.4396665 -0.48704037 2.030858 0.10480586 0.84482914 -0.8550299 
1.3697377 1.0187057 1.0659571 0.2263074 -0.6197179 0.74029624 0.77313906 -0.696148 2.1977074 -0.003749923 0.78872454 -1.1625148 