1.0	0.9902155816887042	0.9613016956143864	0.9145515729731302	0.8520392931350769	0.7765033537702778	0.6911943290166372	0.5996963764034686	0.5057339314233323	0.4129757224815089	0.32484819988280805	0.24436961221225045	0.0	0.11044190826396814	0.21691840561464887	0.3156671196174362	0.40331935508273603	0.47706677282844645	0.5347941667154416	0.5751706788823768	0.5976945745976782	0.6026897811745833	0.5912555612611373	0.5651737165602048
1.0	0.9901762341757525	0.9611516238582795	0.9142405164344046	0.8515494733750392	0.7758570594270738	0.6904567522905649	0.5989732156816352	0.5051638116681458	0.412718025342832	0.3250673869943941	0.24521751977144657	0.0	0.11043546384134027	0.21686787682577008	0.3155022434735259	0.40294674939841935	0.476382918548822	0.5337004797808549	0.5735890377488626	0.595581584913794	0.6000481445761018	0.5881411645088959	0.5616974484946383
1.0	0.9901762341757525	0.9611516238582795	0.9142405164344044	0.8515494733750392	0.7758570594270736	0.6904567522905648	0.5989732156816352	0.5051638116681457	0.41271802534283186	0.32506738699439414	0.24521751977144668	0.0	0.11043546384134027	0.21686787682577008	0.3155022434735259	0.40294674939841946	0.476382918548822	0.5337004797808549	0.5735890377488624	0.5955815849137936	0.6000481445761016	0.5881411645088955	0.5616974484946379
1.0	0.9901762341757525	0.9611516238582798	0.9142405164344051	0.85154947337504	0.775857059427075	0.6904567522905665	0.5989732156816371	0.5051638116681478	0.41271802534283425	0.3250673869943966	0.24521751977144912	0.0	0.11043546384134	0.21686787682576955	0.3155022434735252	0.40294674939841857	0.4763829185488212	0.5337004797808542	0.5735890377488619	0.5955815849137934	0.6000481445761019	0.5881411645088964	0.5616974484946393
1.0	0.9901762341757527	0.9611516238582801	0.9142405164344063	0.8515494733750419	0.7758570594270777	0.6904567522905699	0.5989732156816412	0.5051638116681525	0.4127180253428389	0.3250673869944009	0.24521751977145276	0.0	0.11043546384133934	0.21686787682576839	0.31550224347352357	0.4029467493984169	0.47638291854881964	0.5337004797808532	0.5735890377488617	0.5955815849137944	0.6000481445761038	0.5881411645088996	0.5616974484946438
1.0	0.9904051621756867	0.96202597576072	0.9160572987453034	0.8544214016002608	0.7796685267231432	0.6948459859955302	0.6033434695799672	0.5087235638225363	0.41454723128157694	0.32420414802634684	0.240757319657703	0.0	0.11047242982931128	0.21715789496825977	0.31644956182266715	0.4050907830989338	0.48032562458449285	0.5400216167042686	0.5827581929801493	0.6078763776731164	0.6154876391275159	0.6064422806726091	0.5822601388834888
1.0	0.9903701517635342	0.961891921257403	0.9157774921036369	0.8539759505276399	0.7790709558512882	0.6941461783167309	0.6026265213067541	0.5081045135781945	0.41416202175779937	0.32419754953528795	0.24126885690278133	0.0	0.11046694467113574	0.2171148214167146	0.31630864734410236	0.4047711466600246	0.47973610491652935	0.5390729228257661	0.5813756384926084	0.606011897625224	0.6131298245278348	0.6036233191110844	0.5790588080372757
1.0	0.9903701517635342	0.961891921257403	0.9157774921036369	0.8539759505276399	0.7790709558512879	0.6941461783167308	0.602626521306754	0.5081045135781943	0.41416202175779904	0.3241975495352876	0.24126885690278094	0.0	0.11046694467113574	0.2171148214167146	0.3163086473441024	0.4047711466600246	0.4797361049165294	0.5390729228257662	0.5813756384926085	0.606011897625224	0.6131298245278348	0.6036233191110841	0.5790588080372756
1.0	0.9903701517635342	0.9618919212574029	0.9157774921036366	0.8539759505276393	0.7790709558512873	0.6941461783167298	0.6026265213067528	0.508104513578193	0.41416202175779754	0.324197549535286	0.24126885690277947	0.0	0.11046694467113595	0.217114821416715	0.3163086473441029	0.4047711466600253	0.47973610491652996	0.5390729228257668	0.5813756384926089	0.6060118976252243	0.6131298245278349	0.603623319111084	0.579058808037275
1.0	0.9903701517635342	0.961891921257403	0.9157774921036369	0.8539759505276396	0.7790709558512879	0.6941461783167306	0.6026265213067538	0.5081045135781941	0.4141620217577988	0.32419754953528723	0.2412688569027805	0.0	0.1104669446711358	0.21711482141671473	0.3163086473441025	0.4047711466600248	0.47973610491652957	0.5390729228257665	0.5813756384926086	0.6060118976252242	0.6131298245278352	0.6036233191110845	0.5790588080372758
1.0	0.9907425229077433	0.9633205433491128	0.9187697628194785	0.8587649488750893	0.785545511615609	0.7018165213696053	0.6106300432246557	0.5152525996959638	0.41902520109930613	0.32522267282551337	0.23691894724364074	0.0	0.11052410846894828	0.21756414918552763	0.31778101414673127	0.4081186594080459	0.4859288526928203	0.549076751964551	0.59602248852134	0.6258751571046891	0.6384170204515629	0.6340972403474404	0.613995970298165
1.0	0.9907146443250396	0.96321301919766	0.9185424355526557	0.8583958350191476	0.7850357021133413	0.7011929407565336	0.6099457625145049	0.5145845956685916	0.4184696636375071	0.3248881661802489	0.2369179149894922	0.0	0.11052012851334841	0.2175328052419756	0.31767797226558103	0.4078833003228084	0.48549077526151874	0.5483635658759055	0.5949682310989556	0.6244286049335075	0.6365491592659593	0.6318072072937103	0.611314888135855
1.0	0.9907146443250396	0.96321301919766	0.9185424355526555	0.8583958350191474	0.7850357021133408	0.7011929407565332	0.6099457625145044	0.514584595668591	0.41846966363750654	0.3248881661802484	0.2369179149894918	0.0	0.11052012851334848	0.21753280524197574	0.31767797226558125	0.4078833003228087	0.4854907752615189	0.5483635658759054	0.5949682310989556	0.6244286049335073	0.6365491592659589	0.6318072072937096	0.6113148881358542
1.0	0.9907146443250396	0.9632130191976603	0.9185424355526559	0.8583958350191484	0.7850357021133423	0.701192940756535	0.6099457625145066	0.5145845956685937	0.4184696636375092	0.32488816618025096	0.23691791498949424	0.0	0.11052012851334816	0.21753280524197513	0.3176779722655804	0.4078833003228078	0.4854907752615181	0.548363565875905	0.5949682310989552	0.6244286049335077	0.63654915926596	0.6318072072937115	0.6113148881358567
1.0	0.9907146443250398	0.9632130191976608	0.9185424355526569	0.85839583501915	0.7850357021133445	0.7011929407565378	0.60994576251451	0.5145845956685975	0.4184696636375134	0.3248881661802552	0.2369179149894983	0.0	0.11052012851334764	0.21753280524197413	0.3176779722655791	0.4078833003228062	0.4854907752615165	0.5483635658759037	0.5949682310989546	0.6244286049335075	0.6365491592659607	0.6318072072937132	0.6113148881358593
1.0	0.9911587430015568	0.9649282895117517	0.9221777452249811	0.8643198902289726	0.7932590606487578	0.7113210718386581	0.6211679286627542	0.5257006549603908	0.4279540241837699	0.3309872684573487	0.23777497255740876	0.0	0.11058268091340773	0.21802587528844333	0.3193013556900424	0.41159916044138767	0.4924262668740564	0.559693185985233	0.611785219241285	0.6476157339489433	0.6666595332462423	0.6689651902585062	0.6551460502546537
1.0	0.9911383163230938	0.9648487954194239	0.9220070269674836	0.8640360942690876	0.7928537334805313	0.7108013089136008	0.6205574089604906	0.5250394645077107	0.42729724825064774	0.33040241073041887	0.23733833564818063	0.0	0.11058014575959522	0.21800583399428675	0.31923504931518254	0.41144633149408644	0.49213840634172545	0.5592175260786107	0.6110692094822061	0.6466117035744917	0.6653292262162361	0.6672838615753327	0.6531058338651509
1.0	0.9918898319079664	0.9677827303497671	0.9283421606555354	0.8746516336503343	0.8081820414943195	0.7307473694268355	0.6444501691260848	0.5516184975886059	0.4547362888778893	0.3563693264149857	0.25908911438546	0.0	0.11066905854283263	0.21870993500229136	0.32157130801728573	0.41685320866812864	0.5023768495161259	0.5762476454850379	0.636909497344747	0.6831886857946061	0.7143260533576864	0.7299965217872688	0.7303153924301558
1.0	0.9911383163230938	0.9648487954194243	0.9220070269674842	0.8640360942690885	0.7928537334805326	0.7108013089136026	0.6205574089604926	0.5250394645077132	0.4272972482506505	0.33040241073042204	0.2373383356481839	0.0	0.11058014575959488	0.21800583399428608	0.31923504931518165	0.4114463314940853	0.4921384063417243	0.5592175260786095	0.6110692094822052	0.646611703574491	0.6653292262162359	0.667283861575333	0.653105833865152
1.0	0.9911383163230938	0.9648487954194243	0.9220070269674845	0.864036094269089	0.7928537334805337	0.7108013089136038	0.6205574089604942	0.5250394645077149	0.4272972482506524	0.33040241073042376	0.23733833564818546	0.0	0.11058014575959471	0.21800583399428577	0.31923504931518126	0.41144633149408494	0.49213840634172407	0.5592175260786095	0.6110692094822056	0.6466117035744918	0.665329226216237	0.6672838615753346	0.6531058338651542
1.0	0.9907904639917288	0.9634845547173458	0.919038100808849	0.8590037431000755	0.7854720026927892	0.7009920628376828	0.6084753903837563	0.511085993367782	0.41212162824187604	0.3148906126216159	0.22258905385090133	0.0	0.11054309936147577	0.21771188794170104	0.3182565134085836	0.4091712049490144	0.4878044196594335	0.551955251135645	0.5999523897914826	0.6307126229420589	0.6437766803865241	0.6393211346103456	0.6181460168459074
1.0	0.9907686921827722	0.9633997197225206	0.9188555185521711	0.858699252349881	0.7850351767617165	0.7004284944789162	0.6078078816077058	0.5103545468838959	0.41138220890477506	0.31421272163903613	0.22205223142796457	0.0	0.11054046508190092	0.21769105242242437	0.31818752057311883	0.4090119927481681	0.48750406752779823	0.5514579903110134	0.5992021260135216	0.6296576862731083	0.6423744984430397	0.6375425245309008	0.6159788080697532
1.0	0.9907686921827722	0.9633997197225211	0.9188555185521718	0.8586992523498822	0.7850351767617184	0.7004284944789189	0.607807881607709	0.5103545468838997	0.41138220890477933	0.3142127216390405	0.22205223142796895	0.0	0.11054046508190045	0.21769105242242345	0.31818752057311755	0.4090119927481666	0.4875040675277968	0.5514579903110121	0.5992021260135206	0.6296576862731078	0.6423744984430402	0.6375425245309021	0.6159788080697555
1.0	0.9907686921827723	0.9633997197225211	0.9188555185521722	0.8586992523498831	0.7850351767617195	0.7004284944789202	0.6078078816077109	0.5103545468839018	0.4113822089047817	0.3142127216390431	0.22205223142797156	0.0	0.11054046508190017	0.21769105242242293	0.3181875205731169	0.4090119927481657	0.48750406752779585	0.5514579903110113	0.5992021260135201	0.6296576862731075	0.6423744984430403	0.6375425245309028	0.6159788080697567
1.0	0.9907686921827725	0.9633997197225215	0.918855518552173	0.8586992523498842	0.7850351767617214	0.7004284944789226	0.607807881607714	0.5103545468839055	0.41138220890478566	0.3142127216390473	0.2220522314279759	0.0	0.11054046508189969	0.21769105242242198	0.3181875205731155	0.4090119927481642	0.48750406752779435	0.55145799031101	0.5992021260135191	0.629657686273107	0.6423744984430404	0.6375425245309037	0.6159788080697585
1.0	0.9904859836497423	0.9622923205505636	0.9164505296177219	0.8546348954885967	0.7790969991585476	0.6925777825581697	0.5982006849090343	0.4993501454542475	0.39954034802509814	0.3022794642951628	0.21093481918011098	0.0	0.11050974789279583	0.2174475170041649	0.3173778617541223	0.40713297021365696	0.4839331201401783	0.5454917119816856	0.5901007273452501	0.6166932567125488	0.6248806708282353	0.614963037811925	0.5879124703223509
1.0	0.9904627545308269	0.9622017809964637	0.9162555732523384	0.8543095303859083	0.7786297525717029	0.6919741370324505	0.5974843681159648	0.498563162955526	0.39874172211766484	0.3015427190728111	0.2103443277505642	0.0	0.11050695768015083	0.21742544592761223	0.31730476535292607	0.4069642488573513	0.48361473353661	0.5449644008350812	0.589304782267247	0.6155735378203211	0.6233915614379322	0.6130730135027834	0.5856079807041106
1.0	0.9904627545308267	0.9622017809964637	0.9162555732523384	0.8543095303859084	0.7786297525717029	0.6919741370324507	0.5974843681159651	0.49856316295552616	0.3987417221176651	0.3015427190728114	0.21034432775056466	0.0	0.11050695768015079	0.21742544592761215	0.317304765352926	0.40696424885735116	0.48361473353660983	0.544964400835081	0.5893047822672468	0.6155735378203206	0.6233915614379317	0.6130730135027831	0.5856079807041101
1.0	0.990462754530827	0.9622017809964641	0.9162555732523395	0.8543095303859102	0.7786297525717056	0.6919741370324543	0.5974843681159694	0.49856316295553127	0.39874172211767067	0.30154271907281743	0.2103443277505704	0.0	0.11050695768015012	0.21742544592761087	0.3173047653529243	0.4069642488573491	0.483614733536608	0.5449644008350794	0.5893047822672456	0.6155735378203204	0.6233915614379325	0.613073013502785	0.5856079807041137
1.0	0.9904627545308269	0.9622017809964637	0.9162555732523385	0.8543095303859087	0.7786297525717035	0.6919741370324514	0.5974843681159657	0.498563162955527	0.39874172211766595	0.30154271907281227	0.2103443277505654	0.0	0.11050695768015069	0.21742544592761195	0.3173047653529258	0.40696424885735094	0.4836147335366098	0.5449644008350809	0.5893047822672469	0.6155735378203208	0.6233915614379322	0.6130730135027835	0.5856079807041109
1.0	0.9902600011921989	0.961409770662233	0.9145436179966928	0.851436058904186	0.7744699815222166	0.6865403174418119	0.5909372376640154	0.4912137415790037	0.39104314748938895	0.2940723992275582	0.2037772582339469	0.0	0.11048379753141102	0.21724211557727696	0.316696875127411	0.40555871991447073	0.4809564393442312	0.5405491740377809	0.5826168133405122	0.6061249145666314	0.610761547572933	0.5969446493464239	0.5657997109666459
1.0	0.9902351335154633	0.9613129338067495	0.9143354315586724	0.8510894203574513	0.773973774603395	0.6859020056596677	0.5901841443305956	0.4903928982036281	0.39021968078255276	0.29332651825096145	0.2031999921275422	0.0	0.11048076619436885	0.21721814870187062	0.3166175641009999	0.4053758623258235	0.48061188767236124	0.5399795759781941	0.5817589380630782	0.6049212178906003	0.6091656082243803	0.5949261095134613	0.5633483774393493
1.0	0.9902351335154634	0.96131293380675	0.9143354315586735	0.8510894203574532	0.7739737746033977	0.6859020056596714	0.5901841443306001	0.49039289820363324	0.3902196807825582	0.2933265182509672	0.20319999212754766	0.0	0.1104807661943682	0.21721814870186945	0.3166175641009983	0.4053758623258218	0.4806118876723596	0.5399795759781927	0.5817589380630775	0.6049212178906005	0.6091656082243817	0.5949261095134643	0.5633483774393536
1.0	0.9902351335154634	0.9613129338067499	0.9143354315586733	0.8510894203574529	0.7739737746033972	0.6859020056596707	0.5901841443305993	0.4903928982036324	0.39021968078255737	0.29332651825096634	0.20319999212754686	0.0	0.1104807661943683	0.21721814870186965	0.31661756410099856	0.405375862325822	0.48061188767235974	0.5399795759781929	0.5817589380630775	0.6049212178906003	0.6091656082243811	0.5949261095134634	0.5633483774393525
1.0	0.9902351335154633	0.9613129338067495	0.9143354315586727	0.8510894203574518	0.7739737746033958	0.6859020056596687	0.5901841443305967	0.4903928982036294	0.39021968078255426	0.293326518250963	0.20319999212754358	0.0	0.11048076619436868	0.2172181487018704	0.3166175641009995	0.40537586232582307	0.4806118876723609	0.5399795759781937	0.581758938063078	0.6049212178906003	0.6091656082243807	0.594926109513462	0.5633483774393505
1.0	0.9901287004274101	0.9608993849759755	0.913449695562103	0.8496227104963192	0.7718898806109885	0.6832478750770178	0.5870938167966164	0.48708431558582765	0.3869843942974283	0.29051281846828303	0.20119046626748527	0.0	0.11046741257171208	0.21711271183713735	0.31626943856051404	0.40457578339582656	0.47911056050100986	0.5375103702528334	0.5780629925340145	0.5997730995648405	0.6023975947336404	0.5864492163920877	0.5531684331034927
1.0	0.9901022385667558	0.960796497596361	0.9132290837071815	0.8492568119353605	0.7713689328202741	0.6825826578485582	0.5863168486948681	0.4862493792872051	0.3861643757854183	0.28979595739142633	0.20067522257753806	0.0	0.11046410276654055	0.21708656224305697	0.3161830096527576	0.4043768574871084	0.47873657183588847	0.5368938320705057	0.5771375486208141	0.5984797803778956	0.6006908371390016	0.5843022129591595	0.5505774115935385
1.0	0.9901022385667558	0.9607964975963613	0.9132290837071821	0.8492568119353616	0.7713689328202757	0.6825826578485602	0.5863168486948708	0.4862493792872081	0.3861643757854218	0.2897959573914301	0.20067522257754178	0.0	0.11046410276654013	0.21708656224305614	0.31618300965275653	0.4043768574871071	0.47873657183588725	0.5368938320705046	0.5771375486208132	0.5984797803778952	0.6006908371390018	0.5843022129591604	0.55057741159354
1.0	0.9901022385667558	0.960796497596361	0.9132290837071815	0.8492568119353604	0.771368932820274	0.6825826578485579	0.5863168486948678	0.4862493792872047	0.3861643757854179	0.28979595739142616	0.20067522257753795	0.0	0.11046410276654059	0.21708656224305706	0.31618300965275775	0.40437685748710844	0.4787365718358886	0.5368938320705057	0.5771375486208141	0.5984797803778954	0.6006908371390014	0.584302212959159	0.5505774115935378
1.0	0.9901022385667556	0.9607964975963607	0.913229083707181	0.8492568119353596	0.7713689328202729	0.6825826578485564	0.5863168486948661	0.4862493792872028	0.38616437578541585	0.2897959573914239	0.20067522257753584	0.0	0.11046410276654084	0.21708656224305747	0.3161830096527583	0.40437685748710916	0.4787365718358892	0.5368938320705062	0.5771375486208143	0.5984797803778953	0.6006908371390008	0.584302212959158	0.5505774115935363
1.0	0.9901075925380187	0.960819933256879	0.913289074569452	0.8493803909755735	0.7715930776506066	0.6829538622775528	0.5868886652915654	0.4870779133706529	0.38730191839468486	0.2912831473641393	0.20253230991878038	0.0	0.11046330817905144	0.21708056626316474	0.3161647600985974	0.4043399863327906	0.4786799216215986	0.5368266598321026	0.5770847819272517	0.5984866454683649	0.6008261817975978	0.584659908393472	0.5512753357036053
1.0	0.990080004487325	0.9607128033491777	0.9130598720808559	0.8490014938515401	0.7710561191085498	0.6822725906912676	0.5861000693588935	0.48624148173957193	0.38649703016836595	0.29060471917991004	0.20208494836772856	0.0	0.11045978046652916	0.21705270984528394	0.31607277200073747	0.40412853357285766	0.47828304213046186	0.5361737459976642	0.576107220427115	0.597124634601387	0.5990352262027999	0.5824165025148569	0.5485813912525849
1.0	0.9900800044873247	0.960712803349177	0.9130598720808543	0.8490014938515374	0.7710561191085457	0.6822725906912623	0.5861000693588871	0.4862414817395645	0.38649703016835796	0.2906047191799018	0.20208494836772062	0.0	0.11045978046653011	0.2170527098452857	0.31607277200073997	0.4041285335728603	0.4782830421304645	0.5361737459976665	0.5761072204271162	0.5971246346013869	0.5990352262027981	0.5824165025148531	0.5485813912525792
1.0	0.990080004487325	0.9607128033491777	0.9130598720808561	0.8490014938515404	0.77105611910855	0.682272590691268	0.5861000693588942	0.4862414817395725	0.3864970301683667	0.2906047191799106	0.20208494836772903	0.0	0.1104597804665291	0.21705270984528377	0.31607277200073736	0.4041285335728576	0.4782830421304619	0.5361737459976644	0.5761072204271153	0.5971246346013874	0.5990352262028006	0.5824165025148577	0.5485813912525861
1.0	0.9900800044873249	0.9607128033491775	0.913059872080855	0.8490014938515389	0.7710561191085477	0.682272590691265	0.5861000693588906	0.4862414817395684	0.38649703016836207	0.2906047191799061	0.20208494836772475	0.0	0.1104597804665296	0.21705270984528477	0.3160727720007387	0.40412853357285894	0.4782830421304632	0.5361737459976654	0.5761072204271156	0.597124634601387	0.5990352262027991	0.5824165025148552	0.5485813912525824
1.0	0.990207464334718	0.9612117324023337	0.9141421692971045	0.8508275766360012	0.7737184923845333	0.685783311533683	0.590382855819332	0.4911289679246694	0.39173339619133984	0.29585363866514436	0.20694251275865247	0.0	0.11047374500604915	0.2171633624486771	0.3164403028972471	0.40498037082306554	0.47989920522582297	0.5388685770105128	0.5802084864675312	0.6029511417035257	0.6068741711437606	0.5925018109616816	0.5610742469381432
1.0	0.9901796708600102	0.9611038496158393	0.9139115247303672	0.8504467201436967	0.7731796272420887	0.6851012010423486	0.5895959509893854	0.49029862191662477	0.3909411616760839	0.29519677689165	0.20652796946898175	0.0	0.1104701597878932	0.2171350548154455	0.31634684092388643	0.4047655835637076	0.47949620146435595	0.5382058719217965	0.5792167989336819	0.6015703711164057	0.6050600404919485	0.5902316745627004	0.558351605978504
1.0	0.9901796708600106	0.96110384961584	0.9139115247303686	0.8504467201436993	0.7731796272420922	0.6851012010423535	0.5895959509893914	0.4902986219166315	0.3909411616760914	0.29519677689165763	0.2065279694689892	0.0	0.11047015978789233	0.21713505481544385	0.31634684092388426	0.4047655835637052	0.47949620146435357	0.5382058719217946	0.5792167989336808	0.6015703711164057	0.6050600404919501	0.5902316745627036	0.5583516059785093
1.0	0.9901796708600106	0.9611038496158403	0.9139115247303694	0.8504467201437005	0.773179627242094	0.6851012010423557	0.5895959509893942	0.4902986219166346	0.39094116167609455	0.29519677689166085	0.20652796946899193	0.0	0.11047015978789192	0.21713505481544312	0.31634684092388327	0.4047655835637042	0.47949620146435246	0.5382058719217938	0.5792167989336806	0.6015703711164061	0.6050600404919514	0.5902316745627056	0.5583516059785121
1.0	0.9901796708600106	0.96110384961584	0.9139115247303686	0.850446720143699	0.773179627242092	0.6851012010423531	0.589595950989391	0.49029862191663093	0.3909411616760906	0.29519677689165685	0.20652796946898824	0.0	0.11047015978789239	0.217135054815444	0.3163468409238844	0.4047655835637055	0.4794962014643538	0.5382058719217948	0.5792167989336812	0.601570371116406	0.6050600404919503	0.5902316745627038	0.5583516059785091
1.0	0.9904300325953508	0.9620806920728036	0.9160187737418348	0.8539732828948218	0.7782641853412173	0.6917070170478905	0.5974974766102057	0.499080978663223	0.4000127784773001	0.30381466018867354	0.21383429713049967	0.0	0.11049948547866273	0.21736707508315872	0.31711553984456964	0.40654084788374334	0.482848692041826	0.5437636786041595	0.5876166048192032	0.6134062169094586	0.6208329605638372	0.6103034618526056	0.5829057528226018
1.0	0.9904032683089573	0.9619767363869879	0.9157962755159788	0.8536052709228887	0.7777423027495078	0.6910443561125019	0.5967297746927981	0.4982660429219599	0.39922812373557764	0.3031534637334163	0.21339988894626108	0.0	0.1104960621470184	0.21734003568586965	0.31702620995219505	0.40633537727540836	0.4824627303083263	0.5431281002285255	0.5866638883341853	0.6120770321966962	0.6190824957818809	0.6081070285174228	0.5802632441094722
1.0	0.9904032683089572	0.9619767363869876	0.9157962755159779	0.8536052709228873	0.7777423027495062	0.6910443561124995	0.5967297746927952	0.49826604292195664	0.3992281237355739	0.30315346373341245	0.21339988894625733	0.0	0.1104960621470188	0.21734003568587043	0.31702620995219616	0.4063353772754096	0.4824627303083275	0.5431281002285266	0.5866638883341858	0.6120770321966963	0.6190824957818802	0.6081070285174213	0.5802632441094697
1.0	0.9904032683089572	0.9619767363869876	0.9157962755159781	0.8536052709228876	0.7777423027495066	0.6910443561125003	0.596729774692796	0.49826604292195753	0.3992281237355749	0.3031534637334135	0.21339988894625828	0.0	0.11049606214701874	0.21734003568587026	0.31702620995219594	0.40633537727540936	0.48246273030832737	0.5431281002285265	0.5866638883341859	0.6120770321966964	0.6190824957818807	0.6081070285174222	0.5802632441094707
1.0	0.9904032683089572	0.9619767363869876	0.9157962755159779	0.8536052709228874	0.7777423027495062	0.6910443561124995	0.5967297746927952	0.4982660429219565	0.399228123735574	0.3031534637334124	0.21339988894625736	0.0	0.11049606214701885	0.2173400356858705	0.31702620995219627	0.4063353772754096	0.48246273030832765	0.5431281002285266	0.5866638883341859	0.6120770321966963	0.6190824957818802	0.6081070285174214	0.5802632441094698
1.0	0.9907649195186878	0.9633868941871364	0.9188348506687555	0.8586817795960492	0.7850436975953042	0.7004977020364292	0.6079824488620841	0.5106850903067655	0.41191924658573953	0.3149989315651759	0.22311349306429107	0.0	0.11053918068310833	0.21768114823740642	0.3181561421375977	0.40894422131371316	0.4873876703107938	0.5512889824657636	0.5989905547428058	0.6294329847045338	0.6421897427361761	0.6374769646523863	0.6161381300579177
1.0	0.9907404818603943	0.9632918167843443	0.9186307663927374	0.8583427749327478	0.78456006266324	0.6998785389531557	0.607256934830085	0.5099022740756619	0.41114634746800066	0.31431820377690217	0.22261780946036097	0.0	0.11053613643094762	0.21765708403385445	0.31807653588562046	0.4087607720619263	0.487042227197779	0.5507183827070203	0.598132057471153	0.6282299449408439	0.6405971481292884	0.6354664583244262	0.61370216611902
1.0	0.9907404818603943	0.9632918167843443	0.9186307663927376	0.8583427749327478	0.7845600626632401	0.6998785389531559	0.6072569348300852	0.5099022740756621	0.4111463474680009	0.31431820377690234	0.22261780946036125	0.0	0.11053613643094762	0.21765708403385442	0.31807653588562046	0.4087607720619263	0.48704222719777907	0.5507183827070203	0.5981320574711531	0.6282299449408439	0.6405971481292885	0.6354664583244265	0.6137021661190202
1.0	0.990740481860394	0.9632918167843438	0.9186307663927367	0.8583427749327466	0.7845600626632382	0.6998785389531533	0.607256934830082	0.5099022740756584	0.4111463474679967	0.31431820377689795	0.22261780946035675	0.0	0.11053613643094809	0.21765708403385542	0.31807653588562174	0.4087607720619278	0.4870422271977804	0.5507183827070217	0.598132057471154	0.6282299449408444	0.6405971481292883	0.6354664583244253	0.613702166119018
1.0	0.9907404818603943	0.9632918167843444	0.918630766392738	0.8583427749327486	0.7845600626632412	0.6998785389531573	0.6072569348300872	0.5099022740756645	0.4111463474680033	0.31431820377690506	0.22261780946036386	0.0	0.11053613643094727	0.21765708403385386	0.3180765358856196	0.4087607720619253	0.48704222719777795	0.5507183827070193	0.5981320574711522	0.6282299449408434	0.6405971481292884	0.6354664583244268	0.6137021661190211
1.0	0.9911890452066199	0.965041869938086	0.9224053891581893	0.8646576633855098	0.7936590065185097	0.7116860944322554	0.6213515143919079	0.5255117296471247	0.42716685456802644	0.3293559275241249	0.23505152058174517	0.0	0.11058940294334735	0.21807868077352802	0.3194741954683927	0.41199140657551225	0.4931498746233185	0.5608572136759522	0.6134789653460554	0.6498918960563126	0.6695188417696155	0.6723439158122488	0.6589076292026922
1.0	0.9911680122367944	0.9649598330506021	0.9222285309861357	0.8643619917598075	0.7932334047994126	0.7111345504688351	0.6206943734532792	0.5247858709641144	0.426424751479094	0.3286636145035817	0.23448555333946575	0.0	0.11058689524820722	0.21805883530728504	0.3194084191439915	0.41183941558087206	0.4928626515069894	0.5603806766005792	0.612758133817964	0.6488753058526723	0.6681629434159347	0.6706171868900916	0.6567941413435316
1.0	0.9911680122367944	0.9649598330506017	0.9222285309861352	0.864361991759807	0.7932334047994118	0.7111345504688341	0.6206943734532779	0.524785870964113	0.42642475147909237	0.32866361450358006	0.23448555333946408	0.0	0.1105868952482074	0.21805883530728534	0.31940841914399193	0.41183941558087267	0.49286265150699005	0.5603806766005796	0.6127581338179642	0.6488753058526722	0.6681629434159342	0.6706171868900909	0.6567941413435304
1.0	0.9911680122367945	0.964959833050602	0.9222285309861357	0.8643619917598073	0.7932334047994125	0.711134550468835	0.6206943734532787	0.5247858709641141	0.4264247514790935	0.3286636145035813	0.2344855533394654	0.0	0.11058689524820722	0.21805883530728506	0.31940841914399165	0.41183941558087206	0.4928626515069894	0.5603806766005791	0.6127581338179636	0.6488753058526718	0.6681629434159342	0.670617186890091	0.6567941413435309
1.0	0.9911680122367945	0.9649598330506024	0.9222285309861364	0.8643619917598088	0.7932334047994145	0.7111345504688378	0.6206943734532823	0.5247858709641181	0.426424751479098	0.328663614503586	0.23448555333947008	0.0	0.11058689524820678	0.21805883530728415	0.3194084191439904	0.4118394155808708	0.49286265150698816	0.5603806766005781	0.6127581338179632	0.6488753058526722	0.6681629434159353	0.6706171868900933	0.6567941413435345
1.0	0.9916687583826974	0.9669160906925326	0.9264575466461763	0.871460553440317	0.803507549639023	0.7245460773476731	0.636827468369463	0.5428361314210132	0.4452117514498137	0.3466669385330244	0.2499030052811446	0.0	0.11064526964772031	0.21852124059970027	0.320943478322031	0.41539453618330735	0.49960068954215825	0.5716008102277903	0.6298051727334809	0.6730423178365366	0.7005924955197043	0.7122066535623557	0.7081104159381211
1.0	0.9917123241349701	0.9670864411002776	0.9268263705929918	0.8720810060587655	0.8044082395918344	0.7257263762117575	0.6382544113442616	0.5444431037966384	0.4468990708569688	0.3483043526808826	0.25133403267305765	0.0	0.11065029010993833	0.2185610328070958	0.3210757068807515	0.41570119315782	0.5001829367501006	0.5725725038539804	0.6312853910705165	0.6751472651216193	0.7034271900981313	0.7158568252809095	0.7126350348736906
1.0	0.9917123241349701	0.9670864411002771	0.926826370592991	0.8720810060587642	0.8044082395918322	0.7257263762117545	0.6382544113442579	0.544443103796634	0.4468990708569637	0.3483043526808771	0.2513340326730517	0.0	0.1106502901099389	0.2185610328070969	0.32107570688075304	0.4157011931578218	0.5001829367501025	0.5725725038539821	0.631285391070518	0.6751472651216202	0.7034271900981315	0.7158568252809087	0.712635034873689
1.0	0.9917716172533212	0.9673183832657961	0.9273289024144291	0.872927281877071	0.805638571372657	0.72734193206875	0.6402130268528715	0.5466574655406482	0.44923742016034224	0.3505937381034678	0.25336601784612567	0.0	0.11065704818694001	0.21861460306245728	0.3212537514917535	0.41611420943033334	0.5009673901402063	0.5738822032306515	0.6332815308203411	0.6779876279688156	0.707255051538851	0.7207901230726848	0.7187563638928863
1.0	0.9917123241349703	0.9670864411002776	0.9268263705929924	0.8720810060587664	0.8044082395918355	0.7257263762117588	0.6382544113442638	0.544443103796641	0.4468990708569717	0.34830435268088583	0.251334032673061	0.0	0.11065029010993796	0.21856103280709513	0.32107570688075054	0.4157011931578187	0.5001829367500993	0.5725725038539791	0.6312853910705152	0.6751472651216183	0.7034271900981307	0.7158568252809092	0.712635034873691
1.0	0.9918925464768964	0.9677914719530454	0.9283540432806142	0.8746539374792153	0.8081492949735637	0.7306393809397504	0.6442111889718847	0.5511776292349775	0.4540091995386426	0.3552612343452709	0.25749895752164337	0.0	0.11067086612465218	0.21872415275476942	0.32161794199210747	0.41695934110924066	0.5025733217926859	0.5765649498874548	0.6373731265588513	0.6838142262579282	0.7151143313308265	0.7309291175645176	0.7313508281692603
1.0	0.9918773420645733	0.967731899536496	0.9282246116484769	0.8744350678576366	0.8078292586841621	0.7302158330579921	0.6436922147516069	0.5505822423062388	0.4533672560513123	0.3546127542399013	0.2568928717981289	0.0	0.11066920735417934	0.21871099785757742	0.3215741867374836	0.41685772831543827	0.5023800457929766	0.5762416750941312	0.6368793234838217	0.6831097123968022	0.7141618933292507	0.7296970855718273	0.7298154735261186
1.0	0.9918773420645732	0.9677318995364955	0.928224611648476	0.8744350678576349	0.8078292586841598	0.7302158330579885	0.6436922147516025	0.5505822423062335	0.4533672560513063	0.3546127542398946	0.2568928717981216	0.0	0.1106692073541801	0.21871099785757883	0.32157418673748567	0.41685772831544077	0.5023800457929792	0.5762416750941339	0.6368793234838245	0.6831097123968044	0.7141618933292523	0.729697085571828	0.7298154735261182
1.0	0.991877342064573	0.9677318995364955	0.9282246116484759	0.8744350678576347	0.8078292586841592	0.7302158330579883	0.6436922147516021	0.550582242306233	0.4533672560513056	0.354612754239894	0.25689287179812087	0.0	0.11066920735418015	0.21871099785757894	0.3215741867374858	0.4168577283154409	0.5023800457929793	0.5762416750941339	0.6368793234838246	0.6831097123968042	0.7141618933292522	0.7296970855718274	0.7298154735261178
1.0	0.9918773420645733	0.9677318995364963	0.9282246116484778	0.874435067857638	0.8078292586841643	0.7302158330579951	0.6436922147516104	0.5505822423062432	0.4533672560513175	0.354612754239907	0.2568928717981348	0.0	0.11066920735417875	0.21871099785757628	0.32157418673748195	0.4168577283154363	0.5023800457929744	0.576241675094129	0.63687932348382	0.6831097123968008	0.7141618933292503	0.7296970855718274	0.72981547352612
1.0	0.992171394793434	0.9688835142445242	0.9307247109304093	0.8786575516867722	0.8139923232560673	0.7383509979266835	0.6536226801684403	0.5619117957270607	0.46548048872802894	0.36668685420507163	0.2679207484902492	0.0	0.11070203436162092	0.21897137429478647	0.32244046743854354	0.4188702203516205	0.5062097172015165	0.5826506703582746	0.6466750837298069	0.6970948038170794	0.733081865342121	0.7541888011784186	0.7603583725661938
1.0	0.9920528833890081	0.9684192598769247	0.9297163897375822	0.8769534851408562	0.8115029815383853	0.735061506607674	0.6496016928735014	0.5573162477907149	0.4605559204080663	0.36176318003407254	0.2634035443779922	0.0	0.11068884487789296	0.21886673886366267	0.3220922340256761	0.4180608721159125	0.5046686987307107	0.5800699665979542	0.6427273622284451	0.6914533120407531	0.7254411885638129	0.744285536459316	0.7479907628683828
1.0	0.9921061918798639	0.9686280244440226	0.9301695650739427	0.8777187464110355	0.8126196694307463	0.7365349555143942	0.6513992353017318	0.5593651171244395	0.46274319331211644	0.3639378123214291	0.2653804635275692	0.0	0.11069482306717589	0.21891415992137417	0.3222500242059639	0.4184275017363654	0.5053665240629727	0.5812380830530932	0.644513288607268	0.6940038805091282	0.7288930546338899	0.748755745918261	0.7535678172631863
1.0	0.9921061918798642	0.9686280244440234	0.9301695650739441	0.8777187464110379	0.8126196694307499	0.7365349555143993	0.6513992353017386	0.5593651171244476	0.4627431933121258	0.36393781232143957	0.2653804635275806	0.0	0.11069482306717476	0.21891415992137203	0.32225002420596094	0.4184275017363618	0.5053665240629687	0.5812380830530893	0.6445132886072644	0.6940038805091253	0.728893054633888	0.7487557459182604	0.7535678172631876
1.0	0.9921061918798639	0.9686280244440229	0.9301695650739428	0.8777187464110358	0.8126196694307466	0.7365349555143947	0.6513992353017327	0.5593651171244405	0.4627431933121177	0.3639378123214304	0.265380463527571	0.0	0.11069482306717568	0.2189141599213738	0.3222500242059634	0.4184275017363648	0.5053665240629719	0.5812380830530924	0.6445132886072672	0.6940038805091272	0.728893054633889	0.7487557459182602	0.7535678172631856
1.0	0.9926959544149796	0.9709408511167871	0.9352021007928275	0.8862465111107644	0.8251222801412138	0.7531343967130574	0.6718140394531896	0.5828827103781199	0.4882119651458977	0.38977970738188156	0.2896240963107429	0.0	0.11075928714383695	0.2194258916261614	0.32395489636786273	0.4223957760606973	0.5129367721458933	0.5939459592508327	0.664008025813572	0.7219558953136569	0.7668964393166808	0.7982296763891374	0.8156610083698613
1.0	0.9925911429269648	0.9705294804557202	0.9343057364214635	0.8847245418975057	0.8228849175426862	0.7501536306361437	0.6681320880037629	0.5786175861889294	0.48355987979480664	0.38501414443573345	0.2850914992969983	0.0	0.11074796245868426	0.21933594376279536	0.32365495139769795	0.4216967147614579	0.5116009390419893	0.5916989175600393	0.6605524313252581	0.7169869821505681	0.7601185470256224	0.7893732030124733	0.80449914963804
1.0	0.9925911429269648	0.9705294804557202	0.9343057364214635	0.8847245418975059	0.8228849175426866	0.7501536306361442	0.6681320880037633	0.5786175861889302	0.48355987979480725	0.3850141444357343	0.2850914992969991	0.0	0.11074796245868418	0.21933594376279522	0.32365495139769784	0.42169671476145787	0.5116009390419892	0.5916989175600392	0.6605524313252581	0.7169869821505682	0.7601185470256224	0.7893732030124735	0.8044991496380407
1.0	0.9925911429269648	0.9705294804557203	0.934305736421464	0.8847245418975068	0.8228849175426879	0.750153630636146	0.6681320880037657	0.578617586188933	0.4835598797948107	0.3850141444357383	0.2850914992970035	0.0	0.11074796245868375	0.21933594376279442	0.3236549513976966	0.42169671476145637	0.5116009390419877	0.5916989175600375	0.6605524313252564	0.7169869821505664	0.7601185470256215	0.7893732030124727	0.8044991496380404
1.0	0.9924890695095081	0.9701291470410285	0.9334345053802243	0.8832479296095295	0.8207195990308627	0.7472782840871481	0.6645955967600881	0.574544210679323	0.4791511212069395	0.38054714208047635	0.28091393054825287	0.0	0.11073675335919805	0.21924694344763446	0.3233583307925594	0.42100594196828584	0.5102822843931581	0.5894835581362227	0.6571506924500498	0.7121041682065027	0.7534717476096154	0.7807084153314526	0.7936080358149585
1.0	0.9934421091806084	0.973871665803548	0.9415965877845631	0.8971242053907441	0.8411525715285848	0.7745585134540061	0.6983826384733904	0.6138115602681928	0.5221576617052761	0.424836753500345	0.3233440250972933	0.0	0.1108392590080287	0.2200614422380451	0.32607626242751414	0.4273465397338478	0.5224135898684242	0.6099212370495669	0.6886380321042933	0.757477288329093	0.8155145869514183	0.8620024495003724	0.8963819252680717
1.0	0.9934375418106792	0.9738536902686982	0.9415572360792911	0.8970569342403631	0.8410527702596376	0.7744239517587057	0.6982138395803925	0.6136120869570961	0.5219343048587722	0.42459961542165947	0.3231064925703768	0.0	0.11083879324708465	0.22005773760560038	0.32606387934775116	0.4273175825313195	0.5223580150761178	0.6098272511708901	0.6884925678391896	0.7572665460445688	0.8152246262738956	0.861619814379397	0.8958942847471564
1.0	0.9934375418106792	0.9738536902686977	0.9415572360792902	0.897056934240361	0.8410527702596347	0.7744239517587015	0.6982138395803871	0.6136120869570892	0.521934304858764	0.4245996154216498	0.32310649257036594	0.0	0.11083879324708572	0.22005773760560243	0.32606387934775416	0.4273175825313231	0.5223580150761221	0.6098272511708946	0.6884925678391944	0.7572665460445738	0.8152246262739	0.8616198143794007	0.8958942847471589
1.0	0.9934375418106792	0.9738536902686977	0.9415572360792903	0.8970569342403613	0.8410527702596352	0.7744239517587019	0.6982138395803877	0.61361208695709	0.5219343048587649	0.42459961542165103	0.3231064925703674	0.0	0.11083879324708557	0.22005773760560207	0.32606387934775366	0.42731758253132257	0.5223580150761213	0.6098272511708939	0.6884925678391934	0.7572665460445727	0.8152246262738989	0.8616198143793996	0.8958942847471579
1.0	0.9934375418106792	0.9738536902686981	0.9415572360792908	0.8970569342403625	0.8410527702596368	0.7744239517587043	0.6982138395803907	0.6136120869570939	0.5219343048587696	0.4245996154216564	0.32310649257037344	0.0	0.11083879324708497	0.220057737605601	0.326063879347752	0.4273175825313205	0.5223580150761189	0.6098272511708912	0.6884925678391909	0.7572665460445699	0.8152246262738966	0.8616198143793977	0.8958942847471564
1.0	0.9937587413022652	0.9751166097793053	0.9443174244312035	0.9017638503609929	0.8480119040152396	0.7837633698634816	0.7098562359355521	0.6272532836114739	0.5370289930540157	0.4403549493106358	0.33848395504631956	0.0	0.11087282073554834	0.22032835963181674	0.326968285552011	0.42943190493727923	0.526414324832294	0.6166838395899655	0.699098299971645	0.7726202380159164	0.8363305389576768	0.8894404723740176	0.9313019183047718
1.0	0.9937554735042151	0.9751037905466867	0.9442895176696477	0.901716538302877	0.8479425173756384	0.7836712625722391	0.709743091067127	0.6271233389006955	0.5368891764621007	0.4402149174448277	0.3383560297852325	0.0	0.11087245039230993	0.2203254161878034	0.3269584594186494	0.4294089688417251	0.5263704108359843	0.6166097961148302	0.6989841186406732	0.7724555380279172	0.8361050949221304	0.8891447700751539	0.9309277217813382
1.0	0.9937554735042151	0.9751037905466867	0.9442895176696479	0.9017165383028773	0.8479425173756391	0.7836712625722396	0.7097430910671277	0.6271233389006965	0.5368891764621018	0.44021491744482893	0.338356029785234	0.0	0.11087245039230982	0.22032541618780319	0.32695845941864904	0.42940896884172464	0.5263704108359839	0.6166097961148297	0.6989841186406728	0.7724555380279168	0.83610509492213	0.8891447700751539	0.9309277217813382
1.0	0.9937554735042151	0.975103790546687	0.9442895176696483	0.9017165383028779	0.8479425173756401	0.7836712625722412	0.7097430910671298	0.6271233389006992	0.536889176462105	0.4402149174448328	0.3383560297852382	0.0	0.1108724503923094	0.22032541618780233	0.32695845941864793	0.4294089688417232	0.5263704108359821	0.6166097961148278	0.6989841186406708	0.772455538027915	0.8361050949221281	0.8891447700751521	0.9309277217813371
1.0	0.9937554735042151	0.9751037905466868	0.9442895176696479	0.9017165383028773	0.8479425173756391	0.7836712625722398	0.7097430910671282	0.6271233389006969	0.5368891764621025	0.44021491744482977	0.3383560297852348	0.0	0.11087245039230971	0.22032541618780294	0.3269584594186488	0.4294089688417243	0.5263704108359835	0.6166097961148291	0.6989841186406721	0.7724555380279163	0.8361050949221295	0.8891447700751532	0.9309277217813378
1.0	0.9936324005822905	0.9746204845955952	0.9432354900345136	0.8999248073094256	0.8453050503379119	0.7801525155872102	0.7053911853167983	0.6220784713121705	0.5313889321035501	0.43459622940559267	0.33305361774426645	0.0	0.11085890453668902	0.220217722879575	0.32659876344615335	0.42856876587815346	0.5247602276520174	0.6138916805677127	0.6947865945667087	0.7663906092815048	0.8277868216557156	0.87820889041317	0.9170517545372566
1.0	0.9936280823803857	0.9746035474816523	0.9431986286627169	0.8998623365436074	0.8452134731293018	0.7800310133259681	0.7052420122598881	0.6219072373746395	0.531204761440516	0.43441178572900474	0.33288499112280023	0.0	0.11085841617615952	0.22021384228258145	0.3265858134439506	0.4285385532175864	0.5247024190169113	0.6137942859508441	0.6946365431800685	0.7661744002315692	0.827491229117486	0.8778217010795845	0.9165625137538677
1.0	0.9936280823803856	0.974603547481652	0.9431986286627164	0.8998623365436064	0.8452134731293007	0.7800310133259666	0.705242012259886	0.6219072373746367	0.5312047614405128	0.4344117857290008	0.3328849911227958	0.0	0.11085841617615996	0.22021384228258226	0.3265858134439518	0.4285385532175879	0.5247024190169131	0.613794285950846	0.6946365431800706	0.7661744002315715	0.8274912291174875	0.877821701079586	0.9165625137538687
1.0	0.9936280823803859	0.9746035474816523	0.9431986286627173	0.8998623365436081	0.8452134731293033	0.78003101332597	0.7052420122598907	0.6219072373746426	0.5312047614405198	0.4344117857290092	0.3328849911228053	0.0	0.11085841617615905	0.2202138422825805	0.32658581344394927	0.4285385532175846	0.5247024190169092	0.6137942859508417	0.6946365431800661	0.766174400231567	0.8274912291174835	0.8778217010795825	0.9165625137538661
1.0	0.9936280823803857	0.9746035474816522	0.9431986286627169	0.8998623365436074	0.845213473129302	0.7800310133259681	0.7052420122598881	0.6219072373746394	0.5312047614405159	0.4344117857290046	0.3328849911228	0.0	0.11085841617615956	0.22021384228258145	0.3265858134439507	0.42853855321758644	0.5247024190169114	0.6137942859508441	0.6946365431800687	0.7661744002315697	0.8274912291174861	0.8778217010795846	0.916562513753868
1.0	0.9930735832432789	0.9724264026342865	0.9384518456627492	0.8917962157457107	0.8333449362498744	0.7642036663234381	0.6856747470907855	0.5992295000084467	0.506476990682299	0.40912994914957557	0.3089685997935243	0.0	0.11079769936170655	0.21973126677764931	0.32497478840948707	0.42477795083991204	0.5175017705035155	0.6016518901325196	0.6759087165464249	0.7391537447596648	0.790491498642261	0.8292666163174277	0.8550757169030775
1.0	0.9930448936121163	0.9723136934192396	0.9382058596269552	0.8913775685139459	0.8327275522105061	0.7633777208425028	0.6846490012641708	0.5980329335107344	0.505159660687558	0.4077630281283408	0.30764357148534954	0.0	0.11079465154965965	0.21970704670418673	0.32489395348195804	0.42458932601227883	0.5171407603280851	0.6010434396729386	0.6749708215448835	0.7378013923984106	0.7886409048322581	0.8268396141701636	0.8520041442584642
1.0	0.993023275948948	0.9722287905454405	0.9380206484346062	0.8910625722130109	0.8322634572081163	0.7627576076614664	0.6838801010977545	0.5971378374891129	0.5041769268551035	0.4067471509499333	0.30666429980421106	0.0	0.11079234103572198	0.21968868825584342	0.3248326959685226	0.424446430670157	0.516867387186842	0.600582932952841	0.6742614152144462	0.7367792421220201	0.7872433405318878	0.8250084987594691	0.849689219069538
1.0	0.9930098345672068	0.9721760100066293	0.9379055483409509	0.8908669104112756	0.8319753688751413	0.762372998349944	0.6834037376226245	0.5965840905588318	0.5035701309491776	0.40612155975289516	0.30606362912618934	0.0	0.11079089839503252	0.21967722668186854	0.3247944576701051	0.4243572522131372	0.516696829382876	0.6002957253177073	0.6738191643541361	0.7361423438436213	0.7863730278414486	0.8238689524517411	0.8482496645192245
1.0	0.9930052735064283	0.9721581017650222	0.9378665018801609	0.8908005505155648	0.8318776944108549	0.7622426559807886	0.6832423917376778	0.5963966736417681	0.50336496263181	0.40591032722764536	0.3058612263008491	0.0	0.11079040782216858	0.21967332933953768	0.3247814563448913	0.4243269342937143	0.516638853588648	0.6001981159184144	0.6736688954097143	0.7359259927038759	0.7860774745250689	0.8234820996607669	0.847761152001874
1.0	0.9930098345672068	0.9721760100066291	0.9379055483409505	0.890866910411275	0.8319753688751405	0.7623729983499428	0.683403737622623	0.5965840905588299	0.5035701309491754	0.40612155975289255	0.3060636291261865	0.0	0.11079089839503282	0.2196772266818691	0.3247944576701059	0.4243572522131382	0.5166968293828771	0.6002957253177084	0.6738191643541374	0.7361423438436225	0.7863730278414496	0.8238689524517419	0.8482496645192249
1.0	0.993023275948948	0.9722287905454412	0.9380206484346073	0.8910625722130129	0.8322634572081193	0.7627576076614705	0.6838801010977598	0.5971378374891194	0.5041769268551114	0.4067471509499423	0.306664299804221	0.0	0.11079234103572101	0.2196886882558416	0.32483269596852	0.4244464306701538	0.5168673871868383	0.6005829329528373	0.6742614152144424	0.7367792421220165	0.7872433405318849	0.8250084987594675	0.8496892190695374
1.0	0.9930448936121163	0.9723136934192396	0.9382058596269555	0.8913775685139462	0.8327275522105063	0.7633777208425032	0.6846490012641715	0.5980329335107352	0.5051596606875589	0.4077630281283416	0.30764357148535026	0.0	0.11079465154965965	0.21970704670418673	0.32489395348195804	0.42458932601227894	0.5171407603280853	0.6010434396729388	0.6749708215448839	0.7378013923984114	0.7886409048322592	0.8268396141701652	0.8520041442584662
1.0	0.9921458918967219	0.9687906861931557	0.9305497428932243	0.8784288533556052	0.8137951429311833	0.7383375469642354	0.6540180289215715	0.5630149826091801	0.46766049060126025	0.37037329128857904	0.27358943199501146	0.0	0.1106933460963211	0.21890283108251193	0.32221450148773795	0.4183521672992326	0.505241215168121	0.5810665084385412	0.6443226792654716	0.69385534425195	0.7288920447674024	0.7490620183328168	0.7544042390430087
1.0	0.9917942515790077	0.9674149525333025	0.9275684246144581	0.8734070568921087	0.8064929257763721	0.728748516466174	0.6423961344350216	0.54988795926301	0.45382899326999626	0.3568953842575003	0.2617507478837169	0.0	0.11065280308474813	0.2185813130100452	0.32114513744421364	0.41586900081093753	0.5005186775074211	0.5731692159394419	0.6322632768806914	0.6766577301222864	0.7056570338455284	0.7190323492011642	0.7170258042368851
1.0	0.9914192130652942	0.9659493950707704	0.9243987965112631	0.8680835716376676	0.7987825264104782	0.7186760094204083	0.6302710934571905	0.5363156756141982	0.4397045105911803	0.34338047150746714	0.25023449520888563	0.0	0.1106088064618359	0.21823264750883994	0.3199868204712519	0.41318365253059114	0.49542240030961776	0.5646691531683631	0.619323965179109	0.6582728925157099	0.6809231466312919	0.6872201700607378	0.677646079686392
1.0	0.9915124830711588	0.9663131484604018	0.9251828024467399	0.8693936179931425	0.8006664296162807	0.7211130109568087	0.633165313652584	0.53949409174177	0.4429196974682004	0.34631809954505083	0.2525253345365837	0.0	0.1106202185594595	0.21832302097003065	0.32028668919094727	0.41387764568647983	0.4967364967515258	0.5668547541979242	0.6226396343835914	0.66296474468716	0.6872049539218444	0.6952542879315098	0.6875262757864316
1.0	0.991618482927957	0.9667270457651158	0.9260767441878953	0.8708919928718224	0.802830507866763	0.7239291117244402	0.6365372106232221	0.5432401632164084	0.4467750965817251	0.3499419741912892	0.25551287589340393	0.0	0.1106328744489771	0.2184232901996758	0.3206196500786387	0.4146490683700713	0.4981992987307161	0.5692920285682292	0.6263451182809652	0.6682217348710472	0.6942647691975273	0.704315419657737	0.6987153556857357
1.0	0.991736154156254	0.967186960521476	0.9270717329729953	0.8725638526633185	0.8052534243910692	0.7270967048664959	0.6403539447781662	0.5475176618412663	0.4512336711849512	0.3542174324131027	0.2591684218571832	0.0	0.11064665280453152	0.2185324962519063	0.32098253157576945	0.4154906146321879	0.4997970571632165	0.5719582868124963	0.630406326675462	0.673996187437322	0.7020396595065419	0.7143244360282625	0.7111179756893431
1.0	0.9918642620483199	0.9676880611569026	0.9281572936223741	0.87439153660718	0.8079094545747331	0.7305819055772713	0.644574225805102	0.5522795112259306	0.4562449977080968	0.3590938567656093	0.2634448661565943	0.0	0.11066142285934193	0.21864960392451746	0.3213719007749734	0.416394346381852	0.5015147584222108	0.5748285960014674	0.6347855077837465	0.6802348105075164	0.7104584875190052	0.7251906921015205	0.7246231674126414
1.0	0.9920013816874284	0.9682247587970978	0.929321260763285	0.8763544150911255	0.8107683116598089	0.7343444038980381	0.6491482670880934	0.5574679403385828	0.46174573489551657	0.3645055895570309	0.2682781879380107	0.0	0.11067704067496867	0.21877347236500314	0.3217839667164459	0.41735147226150865	0.5033357121325021	0.577875107325517	0.6394402516198503	0.6868773237893204	0.719440131757314	0.7368098322929244	0.7391017479330781
1.0	0.9914277944803092	0.9659819339002685	0.9244654458201443	0.8681862300874574	0.798912454808942	0.7188123005401245	0.6303801497728947	0.5363517891640271	0.4396115720305278	0.3430947651242808	0.24968846693908606	0.0	0.11061048836003576	0.21824589246608392	0.32003035430244287	0.41328304016397044	0.49560720249267376	0.5649694333595668	0.61976638094421	0.6588766392278579	0.6816960398783604	0.688155155658098	0.6787184461580812
1.0	0.9913674800366821	0.9657455472957299	0.9239515966032148	0.8673166636722465	0.7976396455470944	0.7171254749920619	0.628309417862492	0.5339701479187904	0.4370346448872554	0.3404782450144169	0.2472233389348083	0.0	0.11060395151113561	0.21819404641682172	0.3198578752374177	0.41288238912604797	0.49484487091612095	0.5636937999829221	0.6178168039169001	0.6560933456436199	0.6779303329628349	0.6832794393674552	0.6726355690423383
1.0	0.991323529194285	0.9655733122266826	0.9235772663023512	0.8666833644586722	0.796712985196506	0.715897924706602	0.6268032946786243	0.5322390253416124	0.43516309308148343	0.3385798805159807	0.24543724407288986	0.0	0.11059918360627694	0.21815623378433466	0.31973210023984494	0.41259028667660963	0.4942892254363012	0.5627643239927255	0.6163968181066544	0.6540670347364962	0.6751902208884779	0.6797337126861019	0.6682148799350159
1.0	0.9912968019573659	0.9654685814999309	0.9233496781592822	0.8662983996322468	0.7961498356804757	0.7151521556954448	0.6258886463847524	0.5311882496449459	0.4340277655269159	0.3374291768398512	0.24435572002498684	0.0	0.11059628194229691	0.21813322309390723	0.3196555683813978	0.4124125732807438	0.49395123739938	0.562199072791161	0.6155335059485049	0.6528354885865618	0.6735254546054957	0.6775803887940414	0.6655314443691221
1.0	0.9912878324875556	0.9654334360768191	0.923273309734027	0.8661692355441518	0.7959609117434648	0.7149020090635405	0.6255819181900019	0.5308359621002666	0.4336472536227471	0.3370436712433551	0.24399359457045122	0.0	0.11059530775226263	0.21812549784749222	0.3196298761536147	0.4123529182507903	0.49383779221309193	0.5620093697311244	0.6152438124021048	0.6524222988623267	0.6729670238271391	0.6768582317031528	0.664631722543633
1.0	0.9912968019573659	0.9654685814999305	0.9233496781592815	0.8662983996322456	0.7961498356804739	0.7151521556954427	0.6258886463847496	0.5311882496449427	0.43402776552691225	0.3374291768398473	0.24435572002498268	0.0	0.11059628194229734	0.21813322309390806	0.31965556838139897	0.41241257328074515	0.49395123739938135	0.5621990727911623	0.6155335059485059	0.6528354885865624	0.6735254546054957	0.6775803887940407	0.6655314443691206
1.0	0.991323529194285	0.9655733122266826	0.9235772663023516	0.866683364458673	0.7967129851965069	0.7158979247066034	0.6268032946786259	0.5322390253416143	0.43516309308148565	0.33857988051598314	0.24543724407289239	0.0	0.11059918360627669	0.21815623378433419	0.3197321002398443	0.41259028667660885	0.4942892254363003	0.5627643239927248	0.6163968181066538	0.6540670347364959	0.675190220888478	0.6797337126861023	0.6682148799350169
1.0	0.9913674800366822	0.9657455472957299	0.9239515966032149	0.8673166636722465	0.7976396455470948	0.7171254749920625	0.6283094178624925	0.5339701479187909	0.43703464488725613	0.3404782450144176	0.24722333893480908	0.0	0.11060395151113554	0.21819404641682158	0.3198578752374175	0.41288238912604774	0.49484487091612056	0.5636937999829218	0.6178168039168996	0.6560933456436197	0.6779303329628347	0.6832794393674552	0.6726355690423385
1.0	0.9907265471454827	0.963245433889036	0.9185610957330435	0.8583037902525266	0.7846657390302226	0.7003153380010124	0.6082928713359904	0.5118919014381472	0.4145310759025162	0.31962146850901574	0.2304347404134438	0.0	0.11052670497793668	0.21758249256992873	0.3178296043025898	0.40819131106852574	0.485969420120594	0.5489467618203681	0.5954706052701617	0.624513720877942	0.6357107084974891	0.6293682053751809	0.6064486382017196
1.0	0.9906514560390763	0.962951997381422	0.917926427291545	0.8572375854246342	0.7831205209015266	0.6982940970197212	0.6058536041894854	0.5091487227593893	0.4116517646047508	0.31682150778297513	0.22796810663545355	0.0	0.11051811385069539	0.2175144596870436	0.3176038670904514	0.40766887869197416	0.48498012494507053	0.5473011376683486	0.5929734161407451	0.6209783640738953	0.630973657411375	0.6233026428597142	0.5989764625726169
1.0	0.9905969311694415	0.9627389632422336	0.9174657875705019	0.856464047685905	0.7820000560093506	0.6968294726315262	0.6040876286655613	0.5071649623106548	0.40957263694096685	0.3148038025809776	0.2261961290878758	0.0	0.11051186396073212	0.21746497266316595	0.31743969763892066	0.40728903758174834	0.4842610971404406	0.5461056018784545	0.5911601628982824	0.6184128360020463	0.6275384927549523	0.6189075941011963	0.5935670867706767
1.0	0.9905638536960332	0.9626097411615395	0.9171864278744871	0.8559950603057754	0.7813209877151795	0.6959422580987935	0.6030185364140396	0.5059649915315529	0.4083163081039956	0.3135863755666715	0.22512937260165763	0.0	0.1105080673008036	0.2174349128697537	0.31733998987585366	0.40705838578823916	0.4838245867959173	0.5453800299677383	0.5900600949593547	0.616857035140818	0.6254563397046901	0.616245112294221	0.5902922024089695
1.0	0.9905527667032775	0.9625664307580456	0.9170928064565762	0.8558379122048067	0.7810934903850141	0.6956451043367596	0.6026605828169527	0.505563384911745	0.40789607100040715	0.31317946272286057	0.22477324070778598	0.0	0.11050679381721834	0.21742483056427722	0.31730654935351843	0.40698103603100294	0.48367822010848915	0.545136775441758	0.589691355636772	0.6163356488999154	0.6247587352479828	0.615353329993597	0.5891956553013431
1.0	0.9905638536960332	0.9626097411615395	0.9171864278744871	0.8559950603057754	0.7813209877151795	0.6959422580987936	0.6030185364140397	0.5059649915315533	0.40831630810399594	0.31358637556667185	0.2251293726016578	0.0	0.11050806730080356	0.2174349128697537	0.3173399898758536	0.4070583857882391	0.4838245867959172	0.5453800299677382	0.5900600949593545	0.6168570351408178	0.62545633970469	0.6162451122942211	0.5902922024089696
1.0	0.9905969311694415	0.962738963242234	0.9174657875705021	0.8564640476859057	0.7820000560093515	0.6968294726315274	0.6040876286655628	0.5071649623106564	0.4095726369409686	0.3148038025809797	0.22619612908787767	0.0	0.1105118639607319	0.21746497266316547	0.31743969763892005	0.4072890375817478	0.4842610971404399	0.5461056018784539	0.591160162898282	0.6184128360020462	0.6275384927549525	0.618907594101197	0.5935670867706778
1.0	0.9906514560390763	0.9629519973814225	0.9179264272915459	0.8572375854246357	0.7831205209015287	0.698294097019724	0.6058536041894889	0.509148722759393	0.4116517646047553	0.31682150778297974	0.22796810663545822	0.0	0.11051811385069488	0.21751445968704258	0.31760386709045	0.4076688786919725	0.4849801249450689	0.5473011376683472	0.5929734161407438	0.6209783640738948	0.6309736574113751	0.6233026428597153	0.598976462572619
1.0	0.9901097389496551	0.960844786509915	0.913404822296911	0.8497307391361835	0.7724195531141321	0.684610687113645	0.589848739524677	0.49192890038333253	0.39473194660575284	0.3020562014557965	0.21745396069101636	0.0	0.11045000380266701	0.21697602256793616	0.31582244754803557	0.40356292442462494	0.4772465755021154	0.5345230732201929	0.5737410314605491	0.5940153904159396	0.5952608746455392	0.5781901379532168	0.5442768025871875
1.0	0.9900206764983163	0.9604979336673128	0.9126589893778219	0.8484884985007496	0.7706403994268897	0.682320178366818	0.5871429137919273	0.4889735595739031	0.391756722982805	0.2993436561799593	0.21532428631215747	0.0	0.11043917505825226	0.2168904101473686	0.31553915859689435	0.4029098368048648	0.4760161067986679	0.532489110842645	0.5706779106351993	0.5897176601057751	0.5895625210808251	0.5709819463192702	0.5355206296047857
1.0	0.9899560884506293	0.9602464566280421	0.912118464197178	0.8475887538158199	0.7693528292127231	0.6806643460341512	0.5851896657121433	0.48684435274489135	0.3896191140916859	0.29740314803881396	0.21381296754730011	0.0	0.11043129755257143	0.21682813937802936	0.31533315671430023	0.4024350885183102	0.4751220443775675	0.5310120494900783	0.568454965728814	0.5866012099287219	0.5854342283276371	0.5657653623722256	0.5291914772620994
1.0	0.9899169404683884	0.9600940571428687	0.9117909895081283	0.8470438737051584	0.7685735260389982	0.6796629069529659	0.5840095321915729	0.48555964893792575	0.38833182568176994	0.2962380768157075	0.21291073485317447	0.0	0.11042651254448389	0.21679031821934602	0.31520805907955846	0.4021468588903397	0.47457940739597054	0.5301159130603607	0.5671069207956917	0.584712349844027	0.582933680545781	0.5626079329210466	0.5253638539532761
1.0	0.9899038246280736	0.9600430027080274	0.9116813000810551	0.8468614017881467	0.768312624989453	0.6793277666645349	0.5836147922814716	0.4851302297580695	0.3879019682672644	0.29584963485416027	0.21261081172644158	0.0	0.11042490764430887	0.21677763357985455	0.31516610681338014	0.4020502109259885	0.4743974810994274	0.5298155297561142	0.5666551644219663	0.584079530774513	0.5820961995495135	0.5615508430299905	0.5240829336147701
1.0	0.9899169404683883	0.9600940571428686	0.9117909895081279	0.8470438737051575	0.7685735260389973	0.6796629069529645	0.5840095321915711	0.4855596489379238	0.3883318256817679	0.29623807681570535	0.21291073485317225	0.0	0.11042651254448417	0.21679031821934658	0.3152080590795591	0.40214685889034046	0.47457940739597143	0.5301159130603614	0.5671069207956921	0.5847123498440272	0.5829336805457807	0.5626079329210458	0.5253638539532749
1.0	0.9899560884506294	0.9602464566280425	0.9121184641971787	0.847588753815821	0.769352829212725	0.6806643460341535	0.585189665712146	0.4868443527448946	0.3896191140916893	0.29740314803881734	0.21381296754730336	0.0	0.110431297552571	0.2168281393780286	0.3153331567142991	0.40243508851830906	0.4751220443775664	0.5310120494900773	0.5684549657288137	0.5866012099287221	0.5854342283276381	0.5657653623722273	0.529191477262102
1.0	0.9900206764983166	0.9604979336673132	0.9126589893778225	0.8484884985007505	0.7706403994268911	0.6823201783668199	0.5871429137919295	0.48897355957390565	0.3917567229828079	0.2993436561799622	0.21532428631216036	0.0	0.11043917505825189	0.21689041014736796	0.3155391585968934	0.4029098368048638	0.4760161067986668	0.5324891108426443	0.5706779106351988	0.589717660105775	0.5895625210808256	0.5709819463192715	0.5355206296047876
1.0	0.9896407909070926	0.9590246918465622	0.9095142469342749	0.8433079782758384	0.7633355475561139	0.6731182671290165	0.576601806073526	0.4779692898811531	0.3814439361235586	0.29109085609407404	0.21062766056200918	0.0	0.1103892149536982	0.216496037003991	0.31423759982377486	0.39992040314268756	0.47041125904885556	0.5232810768078093	0.5569145651798998	0.5705806201476163	0.5644601115301809	0.5396298863371398	0.4980039642255369
1.0	0.9895395349137659	0.9586316578033028	0.9086739495794566	0.8419202813138097	0.7613716281392082	0.6706309205197113	0.5737291718154472	0.4749315412108888	0.37853297157482735	0.28865353357507545	0.20904358640529688	0.0	0.1103761977576028	0.2163932762474534	0.3138984201310551	0.3991412442277972	0.46895007802635996	0.5208797455046478	0.5533236143976382	0.5655844886464704	0.5579009877528954	0.5314282913416004	0.4881744123362831
1.0	0.989466054447863	0.958346534920879	0.9080647248112182	0.8409150663292884	0.7599507416184502	0.6688343202442871	0.5716590084703776	0.4727495058025076	0.37645248171002493	0.28692717919515126	0.2079466076802785	0.0	0.11036670795774652	0.21631837549176006	0.3136512743198461	0.3985737549954915	0.4678864612349391	0.5191330340838761	0.5507138534621474	0.5619572481569297	0.5531447695391203	0.5254894572125447	0.48106840597487593
1.0	0.9894214967113549	0.958173680095531	0.9076955335414095	0.8403062682683853	0.7590909117666349	0.6677483660459159	0.5704096554971693	0.47143558507308053	0.37520405332272233	0.28589775936665757	0.20730298370125735	0.0	0.11036093553305866	0.2162728208589045	0.3135009921462937	0.39822878496080966	0.4672401546489795	0.5180721640087977	0.5491297461506234	0.5597570864176064	0.5502621902220369	0.5218935978576528	0.4767706482246805
1.0	0.9894065651152937	0.9581157621629568	0.907571855101684	0.8401023837509198	0.7588030789579108	0.66738504634228	0.5699920010034571	0.47099684690464816	0.37478792398368554	0.2855557407814716	0.20709094599784833	0.0	0.1103589981145476	0.21625753217971666	0.31345056106499336	0.398113038908736	0.4670233456962932	0.5177163743060905	0.5485986347571508	0.5590196901913111	0.5492964820931712	0.5206895172649784	0.4753323502074363
1.0	0.9894214967113549	0.958173680095531	0.9076955335414094	0.8403062682683852	0.7590909117666346	0.6677483660459154	0.5704096554971686	0.4714355850730798	0.3752040533227215	0.2858977593666567	0.20730298370125652	0.0	0.1103609355330588	0.2162728208589047	0.31350099214629396	0.39822878496081004	0.4672401546489798	0.5180721640087981	0.5491297461506237	0.5597570864176065	0.5502621902220368	0.5218935978576527	0.4767706482246801
1.0	0.9894660544478633	0.9583465349208797	0.9080647248112197	0.8409150663292907	0.7599507416184539	0.6688343202442917	0.5716590084703832	0.4727495058025139	0.3764524817100314	0.28692717919515787	0.2079466076802845	0.0	0.11036670795774572	0.21631837549175847	0.3136512743198441	0.3985737549954894	0.46788646123493716	0.5191330340838746	0.550713853462147	0.5619572481569304	0.5531447695391227	0.5254894572125487	0.4810684059748817
1.0	0.9895395349137659	0.9586316578033027	0.9086739495794561	0.841920281313809	0.7613716281392072	0.67063092051971	0.5737291718154457	0.4749315412108871	0.3785329715748255	0.28865353357507373	0.20904358640529538	0.0	0.110376197757603	0.21639327624745378	0.3138984201310557	0.39914124422779773	0.4689500780263605	0.5208797455046481	0.5533236143976382	0.5655844886464698	0.5579009877528945	0.531428291341599	0.4881744123362812
1.0	0.989374258767613	0.9579933114202103	0.9073210428125481	0.8397154096528638	0.7583101304323562	0.6668577415081556	0.5695421539695289	0.47077041010902715	0.37495438943359954	0.28629369754250944	0.20857086269369687	0.0	0.1103530947163732	0.2162112205596076	0.3132993199794946	0.3977708975095666	0.4663947411251334	0.5167101971551062	0.5471431320001694	0.557076774531457	0.5468739939949673	0.5178501036589066	0.4721978553753502
1.0	0.9892646258351505	0.9575688508057192	0.9064175908186087	0.8382333343426592	0.7562323530267021	0.664260666520554	0.566598427023042	0.4677430388324879	0.3721824214711641	0.28417030391164455	0.20751527779612192	0.0	0.11033842212771414	0.2160955208714367	0.31291814891127145	0.39689760587614537	0.4647627367373622	0.5140398313362629	0.5431710750054394	0.5515855151670225	0.5397190417108945	0.5089825921442445	0.46168053869829023
1.0	0.9891849295691018	0.9572604388387015	0.9057616769274314	0.8371586341912842	0.7547282517089509	0.66238508592624	0.5644795975388756	0.46557484758620515	0.3702135076906833	0.28268756511549464	0.20682290263943012	0.0	0.11032769019940772	0.2160109150554851	0.3126395272511343	0.39625962326044906	0.4635713579189513	0.51209223825942	0.5402773600994856	0.5475903839805598	0.5345217114061378	0.5025531709661986	0.45407140004611113
1.0	0.9891365461170459	0.9570732622079842	0.9053638198478432	0.8365072917601443	0.7538177222236048	0.6612515134322849	0.5632019493364214	0.4642719321276976	0.3690371490840499	0.2818123571783	0.2064332455938781	0.0	0.11032114768085788	0.2159593450272057	0.31246974421676726	0.3958710067018839	0.462846014145017	0.5109072359637538	0.538518039808358	0.545163638720871	0.5313681155856508	0.49865689897761784	0.44946702177415104
1.0	0.9891203229035868	0.9570105110860645	0.9052304753056577	0.8362890811438931	0.7535128596273007	0.6608722840303545	0.5627750203156789	0.46383732576626013	0.3686459191407742	0.28152311385970363	0.2063077692615744	0.0	0.1103189493311449	0.2159420184113262	0.3124127079492931	0.3957404817264593	0.4626024543229342	0.510509456157909	0.5379277022125114	0.5443497235885916	0.5303109960538279	0.49735166212472093	0.447925728097783
1.0	0.9891365461170459	0.9570732622079842	0.9053638198478434	0.8365072917601443	0.7538177222236051	0.6612515134322853	0.5632019493364219	0.4642719321276981	0.36903714908405033	0.28181235717830044	0.20643324559387857	0.0	0.11032114768085784	0.21595934502720565	0.31246974421676715	0.3958710067018838	0.46284601414501697	0.5109072359637538	0.5385180398083581	0.5451636387208711	0.531368115585651	0.49865689897761806	0.4494670217741515
1.0	0.9891849295691019	0.9572604388387017	0.9057616769274321	0.8371586341912853	0.7547282517089526	0.662385085926242	0.564479597538878	0.4655748475862079	0.3702135076906861	0.28268756511549736	0.2068229026394325	0.0	0.11032769019940734	0.21601091505548445	0.31263952725113336	0.3962596232604482	0.46357135791895054	0.5120922382594194	0.5402773600994855	0.5475903839805604	0.534521711406139	0.5025531709662004	0.45407140004611396
1.0	0.9892646258351505	0.9575688508057193	0.9064175908186091	0.8382333343426598	0.7562323530267029	0.6642606665205552	0.5665984270230433	0.4677430388324894	0.3721824214711657	0.284170303911646	0.20751527779612317	0.0	0.11033842212771396	0.21609552087143638	0.31291814891127095	0.39689760587614487	0.4647627367373617	0.5140398313362625	0.5431710750054393	0.5515855151670227	0.539719041710895	0.5089825921442455	0.46168053869829156
1.0	0.989346870584092	0.9578892551002702	0.9071069438383477	0.83938250691218	0.7578803130990425	0.6663861773765365	0.5691160715971818	0.47050394063035783	0.3749797339348285	0.28674923361605054	0.20958711089252816	0.0	0.11034829619839058	0.21617358269826434	0.3131764371653943	0.3974930060489995	0.4658843939171805	0.5158936804304397	0.5459625109486215	0.5555013595496937	0.5449100255483178	0.5155475628274154	0.4696535125596359
1.0	0.9892352246496661	0.9574574471404734	0.9061895057658872	0.8378815505333189	0.7557841466216071	0.6637802852289273	0.5661853251403468	0.46752558891104695	0.37230744850202957	0.2847891967702184	0.20876778995204578	0.0	0.11033312117108203	0.21605397498852416	0.3127826898459563	0.3965918720448104	0.4642027327292245	0.5131469244350967	0.5418856203832071	0.5498796958347438	0.5376075256748115	0.5065297486212695	0.4590032090625875
1.0	0.9891539473116028	0.9571432718093433	0.9055226491979006	0.8367921513760097	0.75426589637921	0.6618983192955151	0.5640775386794953	0.4653970633903122	0.37041822707344146	0.283436189369681	0.20826208126493623	0.0	0.11032199218148146	0.2159662821870354	0.31249414180015617	0.39593193857313624	0.46297226573279043	0.5111393249068232	0.538909784640838	0.5457827978751337	0.5322956648062587	0.4999846158575278	0.45129319474670304
1.0	0.989104554605799	0.9569524194775824	0.9051178255267704	0.8361314830698545	0.7533464634232628	0.6607609058570225	0.5628073082180655	0.46411997335138944	0.3692933446769927	0.28264440901413324	0.2079920501750323	0.0	0.11031519514149227	0.21591273396972874	0.3123180011389814	0.3955292738622624	0.46222193280086527	0.5099160148518134	0.5370981383252866	0.5432913759796795	0.5290695483544453	0.4960154939263296	0.4466259686697123
1.0	0.9890879845292135	0.9568884056508631	0.9049820899272064	0.8359100772936052	0.7530385633132494	0.6603803975219823	0.5623829930363169	0.4636943311468656	0.3689199121764492	0.2823839460044059	0.20790776965396054	0.0	0.1103129091302916	0.21589472613814517	0.3122587761230945	0.3953939144062301	0.46196977792941174	0.509505068545549	0.5364898334402137	0.5424552819205388	0.527987606831156	0.4946853956595127	0.44506334340202874
1.0	0.9891045546057989	0.956952419477582	0.9051178255267699	0.8361314830698537	0.7533464634232617	0.6607609058570212	0.5628073082180639	0.4641199733513877	0.3692933446769909	0.28264440901413157	0.20799205017503092	0.0	0.11031519514149248	0.21591273396972915	0.3123180011389819	0.39552927386226294	0.46222193280086576	0.5099160148518136	0.5370981383252866	0.543291375979679	0.5290695483544443	0.4960154939263281	0.44662596866971027
1.0	0.989153947311603	0.9571432718093437	0.9055226491979012	0.8367921513760106	0.7542658963792115	0.6618983192955169	0.5640775386794974	0.46539706339031467	0.3704182270734442	0.28343618936968357	0.2082620812649385	0.0	0.11032199218148113	0.21596628218703479	0.31249414180015533	0.3959319385731353	0.4629722657327897	0.5111393249068226	0.5389097846408379	0.545782797875134	0.5322956648062596	0.4999846158575293	0.45129319474670515
1.0	0.9892352246496662	0.9574574471404738	0.906189505765888	0.8378815505333205	0.7557841466216093	0.6637802852289301	0.5661853251403502	0.46752558891105084	0.3723074485020337	0.28478919677022235	0.20876778995204923	0.0	0.11033312117108147	0.21605397498852316	0.31278268984595503	0.396591872044809	0.46420273272922313	0.5131469244350957	0.5418856203832066	0.5498796958347442	0.5376075256748128	0.5065297486212718	0.45900320906259096
1.0	0.9895668658547765	0.9587428193389965	0.9089304994858901	0.8423907398591717	0.7621313502112836	0.6717594462442047	0.5753048561523011	0.4770235900927262	0.3811913473545486	0.2918975051994363	0.2128499600917825	0.0	0.1103767477250545	0.21639813141738268	0.3139173002246066	0.3991939417284304	0.4690718743762599	0.521127319569886	0.5537804817718567	0.5663649593856365	0.5591516822122409	0.5333264085967149	0.4909221941581909
1.0	0.98946111568029	0.9583333584791228	0.9080588478159223	0.840960505529975	0.7601255595994357	0.66925104508006	0.5724593438313055	0.47409334448578744	0.3785018331270763	0.2898261895681717	0.21179934089230273	0.0	0.11036261189409335	0.2162866626876849	0.3135500586024189	0.39835253057253994	0.467499359484667	0.5185540907229063	0.5499524973540605	0.5610720949910756	0.5522538507464194	0.5247752378344841	0.4807763315528166
1.0	0.9893841361918425	0.9580354623212463	0.9074253033935508	0.8399224564418795	0.758672716700725	0.667439240806702	0.5704121822315147	0.4719976362668581	0.37659699027255694	0.28838823353542314	0.2111206170047662	0.0	0.11035224572702614	0.2162049427901412	0.31328095378189297	0.3977363798362644	0.4663488424168959	0.5166734687964337	0.547158562943621	0.5572151028621968	0.5472366732662138	0.5185690838634769	0.47343159431246445
1.0	0.98933735693791	0.9578545047188306	0.9070407111382882	0.8392929342089313	0.7577928739178356	0.6663441429175254	0.5691782392598683	0.4707396451395363	0.375461451815097	0.2875433649503416	0.21074375374124635	0.0	0.11034591457089347	0.21615504184077988	0.31311668252293917	0.39736043224803885	0.4656472707552349	0.5155275500481569	0.5454576907663979	0.5548696286080087	0.5441896017271092	0.5148055948418309	0.4689855061765361
1.0	0.9893216638093906	0.9577938103732763	0.9069117601305546	0.8390819666995782	0.7574982286703652	0.6659777771977808	0.5687660071789927	0.47032027381159425	0.37508425849274823	0.28726486037780086	0.21062336970260553	0.0	0.11034378521516108	0.21613826031878852	0.3130614477696686	0.39723405280359037	0.4654115009922611	0.5151426007461959	0.5448865815115131	0.5540825160930877	0.5431677124348016	0.5135444135165484	0.46749692157549105
1.0	0.9893373569379099	0.95785450471883	0.9070407111382871	0.8392929342089297	0.7577928739178331	0.6663441429175222	0.5691782392598645	0.4707396451395321	0.37546145181509255	0.2875433649503373	0.21074375374124252	0.0	0.11034591457089406	0.2161550418407809	0.31311668252294045	0.3973604322480403	0.46564727075523626	0.5155275500481578	0.5454576907663983	0.554869628608008	0.5441896017271074	0.5148055948418279	0.46898550617653206
1.0	0.9893841361918423	0.9580354623212451	0.9074253033935485	0.8399224564418756	0.7586727167007196	0.6674392408066949	0.570412182231506	0.4719976362668484	0.37659699027254684	0.28838823353541315	0.21112061700475732	0.0	0.11035224572702743	0.21620494279014363	0.31328095378189613	0.3977363798362679	0.46634884241689906	0.516673468796436	0.5471585629436219	0.5572151028621957	0.5472366732662102	0.5185690838634707	0.47343159431245563
1.0	0.98946111568029	0.9583333584791228	0.9080588478159223	0.8409605055299754	0.760125559599436	0.6692510450800605	0.5724593438313061	0.47409334448578816	0.378501833127077	0.28982618956817247	0.21179934089230323	0.0	0.1103626118940933	0.21628666268768482	0.31355005860241875	0.39835253057253983	0.46749935948466687	0.5185540907229064	0.5499524973540607	0.5610720949910761	0.5522538507464203	0.5247752378344852	0.48077633155281807
1.0	0.9900079076082706	0.9604540197116548	0.912586212185014	0.8484208828197914	0.770651003544833	0.6825235277738212	0.5876919304479815	0.4900508192255343	0.39356038213856537	0.3020688906880045	0.21914153681679183	0.0	0.11043406152045093	0.21685054801965445	0.31541040299928125	0.40262329884909837	0.47550162795657785	0.531691138251662	0.5695721916865061	0.5883270247558565	0.587970008501929	0.5693396629687466	0.5340529926089891
1.0	0.9903050276693326	0.9616084833929003	0.9150586853374921	0.8525142469518203	0.7764637917777708	0.6899186129648892	0.59628305887113	0.4992084103786023	0.4024367378977568	0.30964165407050454	0.22427299306509071	0.0	0.11047194296538866	0.21714980926913438	0.3163993654613259	0.4048990275440513	0.4797789107467579	0.5387400237294945	0.5801484029390107	0.6031001110890074	0.6074543337012321	0.593833239370548	0.563588757465057
1.0	0.9906102983200575	0.9627959690248498	0.9176068676036645	0.8567451214986526	0.7824957826316219	0.6976338487835522	0.6053115503010634	0.5089306202202432	0.4120048862900629	0.31801891634402457	0.23028859763184134	0.0	0.11051027724502584	0.2174528420336479	0.3174018684349719	0.4072094210810802	0.4841299435552102	0.5459280858933278	0.590965431490603	0.6182625764969758	0.6275340564727345	0.6191947609260242	0.5943376772233944
1.0	0.9909194233121051	0.9639998860504246	0.9201956189413013	0.8610563332115525	0.7886678908668072	0.7055725345362359	0.6146718100569742	0.5191159912367338	0.42218434056702026	0.3271608913046458	0.23721060150101783	0.0	0.11054845436635471	0.2177548331106104	0.3184020391524059	0.40951807089419756	0.48848660879041117	0.5531437806831431	0.6018573628493961	0.6335853694060875	0.6479117983870839	0.6450582057199097	0.6258707322997118
1.0	0.9907063633156886	0.9631697195349301	0.9184091023360292	0.8580775832145141	0.7843962512574155	0.7000656140944849	0.6081580564906806	0.511995765782714	0.41501912205390185	0.32065093123388855	0.23216203565595706	0.0	0.11052237218664872	0.21754847831947685	0.3177183973355318	0.4079393598754227	0.4855057082298473	0.5482031509380608	0.594393104541745	0.6230737398691705	0.6339153141979481	0.6272684332199181	0.6041450033139047
1.0	0.9905060121684696	0.9623897886300878	0.9167333428840352	0.8552899939914003	0.7804115619554151	0.6949508413114515	0.602143521833373	0.5054745976612025	0.4085349590789834	0.3148742664982581	0.22785634673187566	0.0	0.11049750127604625	0.2173518012816421	0.3170673423080941	0.4064376121037487	0.48267433241983343	0.5435189906253697	0.5873320338259012	0.613156009342834	0.6207500589131658	0.6105944072931186	0.5838647750854057
1.0	0.9903211116193213	0.9616706518090117	0.9151906007211611	0.8527295450052549	0.7767631611124095	0.6902878802411013	0.5966924509241817	0.49961308774635904	0.40277860991173575	0.30985239940274195	0.224278126601248	0.0	0.11047423302687556	0.21716788229803438	0.3164589881418857	0.4050358857968621	0.48003528204264007	0.5391607070739626	0.5807761916008499	0.6039711296798531	0.6085935776179555	0.5952506496673832	0.5652761379661657
1.0	0.990154269733327	0.9610223117208491	0.9138018118036954	0.8504296983823972	0.7734961763751645	0.6861299488987349	0.5918598860053946	0.49445946961557546	0.39778111757154316	0.3055879318110637	0.22139050607435612	0.0	0.11045295959037059	0.2169998025727095	0.3159034237659396	0.4037570903076112	0.4776308567732853	0.5351964330843964	0.5748249032702185	0.5956529511466444	0.5976147060878018	0.5814379096006635	0.5486047466378147
