1.0	0.9902157708529975	0.9613024174527264	0.9145530704963357	0.852041654653887	0.7765064765503861	0.6911979053802232	0.5996999046064178	0.5057367511159421	0.4129770720185182	0.3248472904295403	0.24436571172226032	0.0	0.11044193906760831	0.21691864718038661	0.3156679080909187	0.4033211377452937	0.4770700465075868	0.5347994061933531	0.5751782629995226	0.5977047181603837	0.6027024803913043	0.5912705592794244	0.5651904938552275
1.0	0.9901764277202817	0.961152361835093	0.9142420453030162	0.8515518790451083	0.7758602299469928	0.6904603641403126	0.5989767460501192	0.5051665764102957	0.4127192396148757	0.3250662431193951	0.24521327493216877	0.0	0.11043549562675471	0.2168681260144481	0.31550305640806375	0.40294858600732747	0.4763862879979459	0.5337058658464556	0.573596822057927	0.5955919766062291	0.6000611244997119	0.588156450794691	0.5617144883886888
1.0	0.9901764277202817	0.961152361835093	0.9142420453030164	0.8515518790451088	0.7758602299469936	0.6904603641403136	0.5989767460501202	0.5051665764102968	0.41271923961487655	0.3250662431193955	0.24521327493216868	0.0	0.11043549562675452	0.2168681260144478	0.3155030564080635	0.4029485860073271	0.47638628799794586	0.5337058658464559	0.5735968220579274	0.5955919766062299	0.6000611244997133	0.5881564507946927	0.5617144883886906
1.0	0.9901764277202816	0.9611523618350923	0.9142420453030149	0.8515518790451061	0.7758602299469898	0.6904603641403089	0.5989767460501145	0.5051665764102906	0.41271923961487056	0.3250662431193898	0.245213274932164	0.0	0.11043549562675542	0.2168681260144495	0.3155030564080656	0.40294858600732947	0.4763862879979479	0.5337058658464571	0.5735968220579276	0.5955919766062289	0.6000611244997106	0.5881564507946886	0.561714488388685
1.0	0.9901764277202816	0.9611523618350927	0.9142420453030157	0.8515518790451073	0.7758602299469916	0.6904603641403111	0.5989767460501172	0.5051665764102934	0.4127192396148733	0.3250662431193924	0.24521327493216594	0.0	0.110435495626755	0.21686812601444874	0.3155030564080646	0.4029485860073284	0.47638628799794697	0.5337058658464565	0.5735968220579276	0.5955919766062294	0.6000611244997119	0.5881564507946907	0.5617144883886879
1.0	0.9904053307001789	0.9620266213298847	0.9160586472983974	0.8544235511829237	0.7796714158410543	0.694849379294603	0.6033469628972996	0.5087266088284877	0.4145491780619286	0.3242043022000629	0.24075500914716663	0.0	0.11047245608593177	0.2171581011885157	0.31645023665576144	0.40509231442959953	0.48032845036804245	0.5400261671764105	0.5827648299912066	0.6078853372950888	0.6154989835232103	0.6064558645067174	0.5822755943517229
1.0	0.9903703239054279	0.9618925802296743	0.9157788669708639	0.853978137892323	0.7790738873738472	0.6941496064116454	0.6026300251133991	0.508107525368454	0.4141638719616677	0.32419752671824564	0.2412662774823806	0.0	0.110466971709722	0.21711503372060265	0.3163093417652334	0.40477272140365655	0.47973900828650456	0.5390775930971236	0.5813824409799325	0.6060210654190142	0.613141409179103	0.6036371567669544	0.5790745052297752
1.0	0.9903703239054279	0.9618925802296746	0.9157788669708642	0.8539781378923236	0.7790738873738482	0.6941496064116467	0.6026300251134006	0.5081075253684557	0.41416387196166965	0.3241975267182476	0.24126627748238225	0.0	0.11046697170972178	0.21711503372060223	0.3163093417652328	0.40477272140365583	0.479739008286504	0.5390775930971232	0.5813824409799324	0.6060210654190146	0.6131414091791035	0.6036371567669554	0.5790745052297768
1.0	0.9903703239054279	0.9618925802296752	0.9157788669708655	0.8539781378923257	0.7790738873738512	0.6941496064116506	0.6026300251134052	0.5081075253684609	0.414163871961675	0.3241975267182527	0.24126627748238702	0.0	0.11046697170972107	0.21711503372060093	0.31630934176523107	0.404772721403654	0.47973900828650234	0.5390775930971218	0.581382440979932	0.606021065419015	0.6131414091791055	0.6036371567669586	0.5790745052297811
1.0	0.9903703239054279	0.9618925802296747	0.9157788669708649	0.8539781378923244	0.7790738873738491	0.6941496064116478	0.602630025113402	0.508107525368457	0.414163871961671	0.3241975267182486	0.241266277482383	0.0	0.11046697170972163	0.21711503372060195	0.3163093417652324	0.4047727214036555	0.47973900828650384	0.5390775930971232	0.5813824409799327	0.6060210654190153	0.6131414091791049	0.6036371567669573	0.579074505229779
1.0	0.9907426574666099	0.963321062501943	0.9187708610674662	0.8587667337411259	0.7855479801041418	0.7018195466017927	0.610633372709239	0.515255865761901	0.4190279430281323	0.325224369254068	0.23691905653477727	0.0	0.11052412758506085	0.21756429975312225	0.31778150924012	0.40811979061094206	0.48593095908892836	0.5490801829500566	0.596027563590476	0.6258821260667088	0.6384260275769622	0.6341082957074414	0.614008931068829
1.0	0.9907147812810586	0.9632135473303749	0.9185435518000532	0.858397646676365	0.7850382027251352	0.7011959966217309	0.6099491113057767	0.5145878576856965	0.41847236517253006	0.3248897734586762	0.23691787623933125	0.0	0.11052014810643479	0.2175329595339101	0.3176784794251853	0.4078844585094763	0.48549293047066017	0.5483670734343714	0.59497341411514	0.624435713322228	0.6365583329999275	0.6318184472760974	0.6113280375584568
1.0	0.9907147812810588	0.9632135473303751	0.9185435518000538	0.8583976466763659	0.7850382027251364	0.7011959966217325	0.6099491113057786	0.5145878576856987	0.4184723651725324	0.32488977345867853	0.23691787623933347	0.0	0.11052014810643451	0.2175329595339096	0.3176784794251846	0.4078844585094755	0.4854929304706594	0.5483670734343707	0.5949734141151397	0.624435713322228	0.636558332999928	0.6318184472760985	0.6113280375584583
1.0	0.9907147812810588	0.963213547330375	0.9185435518000535	0.8583976466763654	0.7850382027251357	0.7011959966217316	0.6099491113057774	0.5145878576856974	0.4184723651725309	0.3248897734586769	0.23691787623933197	0.0	0.11052014810643468	0.2175329595339099	0.317678479425185	0.407884458509476	0.48549293047065983	0.5483670734343712	0.59497341411514	0.6244357133222282	0.6365583329999279	0.6318184472760979	0.6113280375584574
1.0	0.9907147812810589	0.9632135473303761	0.9185435518000556	0.8583976466763691	0.785038202725141	0.7011959966217385	0.609949111305786	0.5145878576857073	0.41847236517254166	0.324889773458688	0.2369178762393428	0.0	0.11052014810643337	0.21753295953390747	0.3176784794251817	0.4078844585094723	0.4854929304706562	0.5483670734343682	0.594973414115138	0.6244357133222279	0.6365583329999297	0.6318184472761023	0.6113280375584644
1.0	0.9911588420055286	0.964928674870092	0.922178573052126	0.86432126698976	0.793261028204473	0.7113235970343076	0.6211708982559737	0.5257038763598637	0.42795723210053316	0.33099013719730425	0.2377771333198558	0.0	0.11058269316385325	0.2180259721399418	0.3193016761630822	0.4115998992308767	0.4924276587493418	0.5596954865977438	0.6117886835934561	0.647620593944517	0.6666659758230288	0.6689733375947535	0.6551559434390883
1.0	0.9911384165348399	0.9648491853799533	0.922007864314491	0.8640374859609599	0.7928557205834958	0.7108038560680698	0.6205603993461862	0.5250427007814873	0.42730045955247453	0.3304052654641754	0.237340459367908	0.0	0.11058015821179991	0.21800593242910493	0.31923537496193116	0.411447081997375	0.49213981976171794	0.5592198612235156	0.6110727238705318	0.6466166304953397	0.6653357524374381	0.6672921072359823	0.6531158359809585
1.0	0.9918898990906393	0.967782993515317	0.928342732196022	0.8746525995551332	0.808183452725709	0.7307492351234478	0.6444524520064809	0.5516211118240001	0.4547391005866608	0.35637215680727846	0.2590917454594516	0.0	0.11066906592421083	0.21870999353502873	0.32157150267697815	0.4168536606315007	0.5023777089592897	0.5762490825349699	0.6369116916261561	0.6831918150859471	0.714330281918223	0.7300019889394981	0.7303222019774243
1.0	0.9911384165348399	0.9648491853799533	0.9220078643144911	0.8640374859609602	0.7928557205834965	0.7108038560680707	0.6205603993461873	0.5250427007814887	0.42730045955247636	0.3304052654641774	0.23734045936791007	0.0	0.11058015821179969	0.21800593242910452	0.31923537496193055	0.4114470819973742	0.492139819761717	0.5592198612235147	0.6110727238705309	0.6466166304953388	0.6653357524374375	0.6672921072359818	0.6531158359809582
1.0	0.9911384165348399	0.9648491853799537	0.922007864314492	0.8640374859609614	0.7928557205834981	0.7108038560680731	0.6205603993461902	0.525042700781492	0.42730045955247986	0.3304052654641812	0.2373404593679139	0.0	0.11058015821179927	0.21800593242910368	0.31923537496192944	0.41144708199737284	0.4921398197617158	0.5592198612235135	0.6110727238705299	0.6466166304953384	0.6653357524374377	0.6672921072359826	0.6531158359809598
1.0	0.9907905696990008	0.9634849666661198	0.9190389876108791	0.8590052225159857	0.7854741260885738	0.7009948040998965	0.6084786401049626	0.5110895588024462	0.41212523918926774	0.314893933035484	0.22259169862560957	0.0	0.1105431121198218	0.21771198885804002	0.3182568476057506	0.40917197626819285	0.487805875003495	0.5519576611275668	0.5999560269504512	0.6307177387473856	0.6437834826889568	0.6393297668561184	0.6181565404997975
1.0	0.990768798933362	0.9634001356599596	0.918856413654091	0.8587007449067413	0.7850373176151455	0.7004312558243031	0.6078111511883093	0.5103581280828622	0.4113858268876616	0.3142160353324533	0.22205485076041728	0.0	0.11054047800801639	0.21769115465691022	0.3181878590861497	0.4090127738670688	0.48750554096534954	0.551460429446466	0.5992058056615318	0.629662859346858	0.6423813730081596	0.6375512427507121	0.6159894284587588
1.0	0.990768798933362	0.9634001356599596	0.9188564136540908	0.858700744906741	0.7850373176151452	0.7004312558243028	0.6078111511883086	0.5103581280828615	0.4113858268876609	0.3142160353324526	0.22205485076041656	0.0	0.11054047800801652	0.2176911546569104	0.31818785908615	0.4090127738670691	0.48750554096534987	0.5514604294464662	0.599205805661532	0.6296628593468583	0.6423813730081599	0.6375512427507121	0.6159894284587587
1.0	0.9907687989333618	0.963400135659959	0.9188564136540893	0.8587007449067388	0.7850373176151416	0.7004312558242979	0.6078111511883026	0.5103581280828544	0.41138582688765307	0.3142160353324442	0.22205485076040796	0.0	0.11054047800801746	0.2176911546569122	0.3181878590861523	0.4090127738670719	0.48750554096535287	0.551460429446469	0.599205805661534	0.6296628593468593	0.6423813730081595	0.6375512427507101	0.615989428458755
1.0	0.9907687989333618	0.963400135659959	0.9188564136540892	0.8587007449067381	0.7850373176151411	0.700431255824297	0.6078111511883016	0.5103581280828533	0.41138582688765174	0.31421603533244274	0.22205485076040657	0.0	0.1105404780080176	0.21769115465691247	0.31818785908615277	0.40901277386707235	0.48750554096535326	0.5514604294464694	0.5992058056615344	0.6296628593468594	0.6423813730081593	0.6375512427507095	0.6159894284587543
1.0	0.9904860965123705	0.9622927605063949	0.916451477163814	0.8546364773582077	0.779099271830656	0.6925807204343319	0.5982041740153984	0.4993539832053882	0.39954424923108445	0.3022830732232207	0.2109377271176427	0.0	0.11050976141710007	0.2174476239891222	0.3173782161035217	0.40713378822171803	0.48393466400812757	0.5454942694316854	0.5901045885818756	0.6166986901588771	0.6248878991606733	0.6149722158291171	0.5879236661074215
1.0	0.9904628684014996	0.9622022248096915	0.9162565288383345	0.8543111250169517	0.7786320422607852	0.6919770945965461	0.5974878768766745	0.4985670166202065	0.3987456310197522	0.30154632257078645	0.21034721221175198	0.0	0.11050697136540723	0.21742555417782738	0.3173051238487265	0.40696507629239526	0.48361629483937746	0.5449669864283	0.5893086846447504	0.6155790269013575	0.6233988602570414	0.6130822758031802	0.585619271922639
1.0	0.9904628684014996	0.9622022248096916	0.9162565288383352	0.8543111250169526	0.7786320422607866	0.691977094596548	0.5974878768766767	0.4985670166202092	0.39874563101975513	0.30154632257078956	0.21034721221175498	0.0	0.11050697136540687	0.21742555417782672	0.31730512384872567	0.4069650762923943	0.4836162948393765	0.5449669864282991	0.5893086846447498	0.6155790269013574	0.6233988602570419	0.6130822758031814	0.5856192719226408
1.0	0.9904628684014993	0.9622022248096913	0.9162565288383345	0.8543111250169514	0.7786320422607849	0.6919770945965457	0.597487876876674	0.4985670166202058	0.3987456310197516	0.3015463225707859	0.21034721221175132	0.0	0.11050697136540731	0.21742555417782752	0.3173051238487267	0.4069650762923954	0.4836162948393777	0.5449669864283001	0.5893086846447504	0.6155790269013575	0.623398860257041	0.6130822758031798	0.5856192719226384
1.0	0.9904628684014993	0.9622022248096913	0.9162565288383344	0.8543111250169514	0.7786320422607849	0.6919770945965457	0.5974878768766737	0.49856701662020575	0.39874563101975136	0.3015463225707856	0.21034721221175115	0.0	0.11050697136540731	0.21742555417782752	0.3173051238487268	0.4069650762923955	0.4836162948393777	0.5449669864283002	0.5893086846447506	0.6155790269013575	0.6233988602570412	0.6130822758031799	0.5856192719226384
1.0	0.9902601219866665	0.9614102411153789	0.9145446296663428	0.851437744011286	0.7744723950012151	0.6865434243552074	0.5909409069391384	0.4912177466395424	0.3910471739302667	0.29407605924374175	0.20378011108687358	0.0	0.11048381221468198	0.2172422316755348	0.3166972593573828	0.40555960591142376	0.4809581091048183	0.5405519350552066	0.5826209728999827	0.6061307528681238	0.6107692914493725	0.5969544483417233	0.5658116174289437
1.0	0.9902352554292395	0.9613134085275171	0.914336452065041	0.851091119344557	0.77397620629006	0.6859051330823116	0.5901878330996501	0.49039691730135854	0.39022371054517946	0.2933301652279634	0.20320281007307692	0.0	0.1104807810647657	0.2172182662694951	0.31661795313717495	0.4053767592202536	0.48061357751473727	0.5399823692620667	0.5817631445183278	0.6049271191538794	0.6091734311587444	0.5949360019822579	0.5633603882246135
1.0	0.9902352554292395	0.9613134085275173	0.9143364520650413	0.8510911193445572	0.7739762062900607	0.6859051330823125	0.5901878330996512	0.4903969173013597	0.3902237105451809	0.29333016522796473	0.20320281007307825	0.0	0.11048078106476557	0.21721826626949484	0.31661795313717456	0.4053767592202531	0.4806135775147368	0.5399823692620662	0.5817631445183277	0.6049271191538794	0.6091734311587448	0.5949360019822587	0.5633603882246145
1.0	0.9902352554292397	0.9613134085275178	0.9143364520650425	0.8510911193445597	0.7739762062900641	0.6859051330823172	0.5901878330996567	0.49039691730136625	0.39022371054518806	0.29333016522797234	0.20320281007308583	0.0	0.11048078106476471	0.2172182662694932	0.31661795313717245	0.4053767592202506	0.48061357751473427	0.5399823692620641	0.5817631445183261	0.6049271191538791	0.6091734311587458	0.5949360019822613	0.5633603882246189
1.0	0.9902352554292394	0.9613134085275169	0.9143364520650403	0.8510911193445558	0.7739762062900585	0.6859051330823096	0.5901878330996474	0.49039691730135543	0.39022371054517624	0.2933301652279599	0.20320281007307353	0.0	0.11048078106476611	0.21721826626949586	0.3166179531371759	0.40537675922025473	0.4806135775147384	0.5399823692620674	0.5817631445183284	0.6049271191538796	0.609173431158744	0.5949360019822568	0.5633603882246114
1.0	0.9901288288625055	0.9608998844409139	0.9134507668590306	0.8496244881526893	0.7718924132395207	0.6832511120737805	0.5870976024645922	0.48708839128948117	0.3869884087280695	0.2905163455624038	0.2011930298037445	0.0	0.1104674285821672	0.2171128383392429	0.31626985672298746	0.4045767460116473	0.47911237067037327	0.5375133552570069	0.578067474684079	0.5997793660375548	0.6024058685089789	0.5864596303759851	0.5531810093555207
1.0	0.9901023683307655	0.9607970021058749	0.9132301653662006	0.849258605657219	0.7713714860867558	0.6825859172740117	0.58632065420524	0.48625346652582147	0.3861683868144223	0.28979945920332184	0.20067773239958867	0.0	0.11046411901083053	0.21708669057893373	0.31618343380024955	0.4043778336303958	0.47873840682817226	0.5368968567414077	0.5771420880239674	0.5984861230496747	0.6006992055420204	0.584312737248678	0.550590108672074
1.0	0.9901023683307655	0.9607970021058745	0.9132301653661993	0.8492586056572171	0.771371486086753	0.682585917274008	0.5863206542052353	0.486253466525816	0.38616838681441656	0.28979945920331596	0.20067773239958303	0.0	0.11046411901083118	0.21708669057893507	0.3161834338002512	0.4043778336303977	0.478738406828174	0.5368968567414091	0.5771420880239683	0.5984861230496746	0.6006992055420188	0.5843127372486752	0.5505901086720696
1.0	0.9901023683307658	0.9607970021058757	0.9132301653662022	0.8492586056572218	0.7713714860867599	0.682585917274017	0.5863206542052463	0.48625346652582874	0.3861683868144302	0.28979945920333006	0.2006777323995966	0.0	0.11046411901082955	0.21708669057893198	0.3161834338002471	0.4043778336303931	0.47873840682816954	0.5368968567414056	0.5771420880239663	0.598486123049675	0.600699205542022	0.5843127372486815	0.5505901086720795
1.0	0.9901023683307655	0.9607970021058746	0.9132301653661996	0.8492586056572179	0.7713714860867541	0.6825859172740094	0.586320654205237	0.4862534665258181	0.3861683868144186	0.289799459203318	0.20067773239958497	0.0	0.1104641190108309	0.21708669057893457	0.3161834338002506	0.404377833630397	0.47873840682817337	0.5368968567414086	0.5771420880239679	0.5984861230496747	0.6006992055420196	0.5843127372486763	0.5505901086720713
1.0	0.9901077263133153	0.9608204528404972	0.9132901866094131	0.8493822302932946	0.77159568625627	0.6829571755109284	0.586892506281048	0.48708199644413275	0.38730586146830803	0.29128649271727686	0.20253455217475605	0.0	0.11046332522196482	0.2170807008524376	0.3161652046019803	0.4043410083063371	0.4786818402629381	0.5368298172184494	0.5770895110768647	0.5984932375162272	0.600834854679887	0.5846707793829102	0.551288399930656
1.0	0.9900801398155644	0.960713328816772	0.913060996165492	0.8490033517371928	0.7710587513424615	0.6822759291713927	0.5861039318716191	0.4862455756880893	0.38650096550308694	0.29060802990371726	0.20208712138141488	0.0	0.11045979778887638	0.21705284662493993	0.3160732236476119	0.4041295716745587	0.4782849903233196	0.5361769505166252	0.5761120174397226	0.5971313166891434	0.5990440104570998	0.5824275026562699	0.5485945959634576
1.0	0.9900801398155644	0.9607133288167717	0.9130609961654915	0.8490033517371918	0.77105875134246	0.6822759291713909	0.5861039318716169	0.48624557568808685	0.3865009655030843	0.29060802990371454	0.20208712138141213	0.0	0.11045979778887671	0.21705284662494057	0.31607322364761276	0.4041295716745597	0.47828499032332056	0.5361769505166261	0.5761120174397232	0.5971313166891434	0.5990440104570995	0.5824275026562689	0.5485945959634558
1.0	0.9900801398155645	0.9607133288167723	0.9130609961654926	0.8490033517371937	0.7710587513424629	0.6822759291713945	0.5861039318716214	0.48624557568809174	0.38650096550308943	0.29060802990371976	0.2020871213814171	0.0	0.1104597977888761	0.21705284662493937	0.31607322364761126	0.40412957167455804	0.4782849903233189	0.5361769505166248	0.5761120174397227	0.5971313166891439	0.5990440104571012	0.5824275026562717	0.5485945959634603
1.0	0.9900801398155644	0.9607133288167717	0.9130609961654917	0.8490033517371921	0.7710587513424606	0.6822759291713912	0.5861039318716176	0.48624557568808746	0.3865009655030849	0.2906080299037151	0.2020871213814127	0.0	0.11045979778887664	0.2170528466249404	0.3160732236476126	0.40412957167455954	0.4782849903233204	0.5361769505166258	0.5761120174397233	0.5971313166891437	0.5990440104570998	0.5824275026562693	0.5485945959634564
1.0	0.9902075989976117	0.9612122552172074	0.9141432874394974	0.8508294240016042	0.7737211082149489	0.6857866263443386	0.5903866858523092	0.4911330187762837	0.3917372756415546	0.2958568781024236	0.20694459598969206	0.0	0.11047376231252462	0.21716349910525495	0.3164407541493619	0.40498140805152877	0.4799011518508891	0.53887177906322	0.5802132799182298	0.6029578188963943	0.60688294879322	0.5925128021136693	0.5610874390877897
1.0	0.9901798072311242	0.9611043789098741	0.9139126561614697	0.8504485880597119	0.7731822693580297	0.6851045441937815	0.5895998056577324	0.4903026861841725	0.3909450346232548	0.2951999807936448	0.20652997952502158	0.0	0.11047017739898052	0.2171351938607571	0.31634729997178906	0.40476663841075067	0.4794981804156297	0.5382091256235454	0.5792216669182149	0.6015771474847245	0.6050689412669411	0.5902428091868035	0.5583649552063283
1.0	0.9901798072311244	0.9611043789098748	0.9139126561614711	0.8504485880597143	0.7731822693580331	0.6851045441937861	0.5895998056577378	0.4903026861841789	0.39094503462326174	0.2951999807936519	0.20652997952502855	0.0	0.11047017739897969	0.21713519386075555	0.31634729997178695	0.4047666384107483	0.4794981804156274	0.5382091256235435	0.5792216669182138	0.6015771474847245	0.6050689412669424	0.5902428091868067	0.5583649552063332
1.0	0.9901798072311244	0.9611043789098743	0.9139126561614701	0.8504485880597129	0.7731822693580309	0.6851045441937833	0.5895998056577345	0.490302686184175	0.39094503462325747	0.2951999807936475	0.20652997952502444	0.0	0.11047017739898018	0.2171351938607565	0.31634729997178834	0.4047666384107498	0.4794981804156288	0.5382091256235447	0.5792216669182145	0.6015771474847245	0.6050689412669414	0.5902428091868048	0.5583649552063302
1.0	0.9901798072311241	0.9611043789098735	0.9139126561614686	0.85044858805971	0.7731822693580267	0.6851045441937778	0.5895998056577277	0.4903026861841673	0.39094503462324903	0.29519998079363874	0.20652997952501598	0.0	0.1104701773989812	0.2171351938607584	0.3163472999717908	0.4047666384107526	0.4794981804156315	0.5382091256235471	0.5792216669182157	0.6015771474847245	0.6050689412669397	0.5902428091868009	0.5583649552063242
1.0	0.9904301621997323	0.9620811955687963	0.9160198517455705	0.8539750668123303	0.7782667169514115	0.6917102347899358	0.5975012097249811	0.49908494982820695	0.40001661501696667	0.3038179133721162	0.21383646851934476	0.0	0.11049950199815102	0.21736720557271166	0.31711597099437333	0.4065418397566633	0.48285055562635776	0.5437667483176166	0.5876212078514096	0.613412641539784	0.6208414256938303	0.610314089964757	0.5829185484033087
1.0	0.9904033996530046	0.9619772465028699	0.9157973671778845	0.8536070761674599	0.777744862069713	0.6910476045562663	0.5967335360443571	0.4982700326147158	0.3992319605679677	0.30315668986919214	0.21340199711393018	0.0	0.11049607896619307	0.2173401685279328	0.31702664879288617	0.4063363865733854	0.48246462597157286	0.5431312214187549	0.5866685660627323	0.612083556914246	0.6190910862747208	0.6081178043865852	0.5802762039267716
1.0	0.9904033996530048	0.9619772465028702	0.9157973671778852	0.8536070761674609	0.7777448620697145	0.6910476045562682	0.5967335360443593	0.49827003261471847	0.39923196056797056	0.3031566898691951	0.2134019971139332	0.0	0.11049607896619272	0.21734016852793214	0.31702664879288533	0.40633638657338444	0.4824646259715719	0.5431312214187541	0.5866685660627318	0.612083556914246	0.6190910862747214	0.6081178043865866	0.5802762039267738
1.0	0.9904033996530048	0.9619772465028703	0.9157973671778854	0.8536070761674615	0.7777448620697155	0.6910476045562696	0.5967335360443609	0.49827003261472025	0.3992319605679726	0.30315668986919714	0.2134019971139353	0.0	0.11049607896619248	0.2173401685279317	0.3170266487928847	0.4063363865733836	0.48246462597157114	0.5431312214187535	0.5866685660627313	0.6120835569142459	0.6190910862747216	0.6081178043865871	0.5802762039267748
1.0	0.9904033996530045	0.9619772465028694	0.9157973671778832	0.8536070761674577	0.77774486206971	0.6910476045562624	0.596733536044352	0.49827003261471	0.39923196056796123	0.30315668986918526	0.21340199711392363	0.0	0.11049607896619382	0.2173401685279343	0.3170266487928882	0.40633638657338766	0.48246462597157513	0.5431312214187568	0.5866685660627337	0.6120835569142462	0.61909108627472	0.6081178043865829	0.5802762039267678
1.0	0.990765037822792	0.9633873545383813	0.9188358390995802	0.858683422184522	0.7850460423833766	0.7005007064197738	0.6079859734298715	0.5106888997168267	0.4119230176281317	0.3150022681197975	0.2231159472214446	0.0	0.11053919537488074	0.21768126438025562	0.3181565263881427	0.40894510693723324	0.48738933831142606	0.5512917383423678	0.5989947023686448	0.629438799033071	0.6421974431398233	0.6374866906990584	0.6161499214207424
1.0	0.9907406017968227	0.9632922833765302	0.918631767811132	0.8583444380835931	0.784562434759377	0.6998815747169697	0.6072604903312487	0.5099061077992781	0.4111501287610932	0.31432152835860167	0.22262022123017444	0.0	0.11053615138838221	0.21765720226510846	0.318076926980236	0.4087616732462154	0.4870439239792454	0.550721185046577	0.5981362730303451	0.6282358511608451	0.6406049650044715	0.6354763237287585	0.6137141154274601
1.0	0.9907406017968227	0.9632922833765298	0.9186317678111313	0.8583444380835914	0.7845624347593748	0.6998815747169667	0.6072604903312451	0.5099061077992737	0.41115012876108836	0.3143215283585968	0.22262022123016942	0.0	0.11053615138838278	0.21765720226510954	0.31807692698023743	0.4087616732462171	0.4870439239792471	0.5507211850465784	0.5981362730303462	0.6282358511608453	0.6406049650044712	0.6354763237287571	0.6137141154274575
1.0	0.9907406017968227	0.9632922833765298	0.9186317678111315	0.8583444380835921	0.7845624347593757	0.6998815747169679	0.6072604903312467	0.5099061077992757	0.41115012876109047	0.31432152835859895	0.22262022123017172	0.0	0.11053615138838253	0.21765720226510907	0.3180769269802368	0.4087616732462163	0.48704392397924623	0.5507211850465776	0.5981362730303457	0.6282358511608451	0.6406049650044711	0.6354763237287574	0.6137141154274584
1.0	0.9907406017968227	0.9632922833765301	0.9186317678111316	0.8583444380835924	0.7845624347593763	0.6998815747169683	0.6072604903312472	0.5099061077992763	0.4111501287610912	0.31432152835859967	0.22262022123017233	0.0	0.11053615138838245	0.2176572022651089	0.31807692698023665	0.40876167324621615	0.4870439239792462	0.5507211850465775	0.5981362730303457	0.6282358511608452	0.6406049650044715	0.635476323728758	0.6137141154274592
1.0	0.9911891470240869	0.9650422671179602	0.9224062456054211	0.8646590956706034	0.7936610691625747	0.711688769132032	0.6213547039281568	0.5255152569602712	0.4271704671963759	0.3293593072972375	0.23505429816041223	0.0	0.11058941505197117	0.21807877660419273	0.31947451312062164	0.4119921406762561	0.4931512621132244	0.5608595161669045	0.6134824490826842	0.6498968106658091	0.6695253990727638	0.6723522699889182	0.6589178595553984
1.0	0.9911681154645086	0.9649602356544307	0.922229398841729	0.8643634424136557	0.7932354924775101	0.7111372551368356	0.620697594689822	0.5247894271404733	0.4264283844398862	0.3286669996305154	0.23448831456934593	0.0	0.11058690756830547	0.21805893280329997	0.31940874227015087	0.41184016218057873	0.49286406224674867	0.5603830168999218	0.6127616733407122	0.6488802967805799	0.6681695988159513	0.6706256605059551	0.6568045100893535
1.0	0.9911681154645084	0.9649602356544299	0.9222293988417275	0.8643634424136535	0.7932354924775066	0.7111372551368308	0.6206975946898163	0.5247894271404665	0.4264283844398787	0.32866699963050744	0.23448831456933789	0.0	0.11058690756830632	0.21805893280330158	0.3194087422701531	0.4118401621805812	0.4928640622467513	0.5603830168999241	0.6127616733407137	0.6488802967805805	0.6681695988159505	0.6706256605059528	0.6568045100893494
1.0	0.9911681154645086	0.9649602356544301	0.922229398841728	0.8643634424136543	0.7932354924775079	0.7111372551368325	0.6206975946898181	0.5247894271404688	0.4264283844398811	0.32866699963051005	0.2344883145693406	0.0	0.11058690756830603	0.21805893280330108	0.3194087422701523	0.4118401621805804	0.4928640622467505	0.5603830168999233	0.6127616733407132	0.6488802967805802	0.6681695988159506	0.6706256605059534	0.6568045100893506
1.0	0.9911681154645086	0.9649602356544302	0.9222293988417283	0.8643634424136546	0.7932354924775084	0.7111372551368332	0.6206975946898191	0.5247894271404699	0.42642838443988246	0.3286669996305114	0.2344883145693419	0.0	0.11058690756830591	0.21805893280330083	0.319408742270152	0.41184016218057995	0.49286406224675	0.5603830168999229	0.6127616733407129	0.64888029678058	0.6681695988159508	0.6706256605059538	0.6568045100893514
1.0	0.9916688407046982	0.9669164128030138	0.926458244870406	0.8714617301538676	0.803509262322603	0.7245483301232977	0.6368302065156222	0.5428392392193175	0.44521505355221724	0.3466702048645793	0.24990595931634818	0.0	0.11064527888135645	0.21852131378003434	0.3209437214690046	0.4153950999839932	0.4996017598146534	0.5716025959748524	0.6298078923982368	0.6730461844701736	0.7005977016352967	0.7122133564766607	0.7081187243927184
1.0	0.9917124049033157	0.9670867572151916	0.9268270561318152	0.8720821621612713	0.8044099238077609	0.7257285942258149	0.6382571115579249	0.5444461751084987	0.4469023438284706	0.3483076041089025	0.251336993422491	0.0	0.11065029912079384	0.21856110423066027	0.321075944240084	0.4157017437000934	0.5001839822539268	0.5725742491039106	0.631288050582042	0.6751510487935911	0.7034322885317054	0.7158633955318054	0.712643187396214
1.0	0.9917124049033157	0.9670867572151916	0.9268270561318155	0.8720821621612718	0.8044099238077613	0.7257285942258157	0.6382571115579256	0.5444461751084997	0.44690234382847194	0.34830760410890377	0.25133699342249244	0.0	0.11065029912079369	0.21856110423066	0.3210759442400836	0.4157017437000929	0.5001839822539262	0.5725742491039101	0.6312880505820414	0.6751510487935908	0.7034322885317051	0.7158633955318054	0.7126431873962142
1.0	0.9917716954409677	0.9673186893981705	0.9273295667430802	0.8729284032916774	0.8056402072093118	0.7273440901384577	0.6402156601414242	0.5466604699048545	0.44924063520319185	0.3505969512585343	0.25336897154612625	0.0	0.11065705684286585	0.21861467168551943	0.3212539796156383	0.41611473878536553	0.500968395986829	0.5738838834800399	0.6332840934819978	0.6779912775525166	0.707259975097255	0.7207964765984102	0.7187642597784446
1.0	0.9917124049033157	0.9670867572151917	0.9268270561318155	0.8720821621612722	0.804409923807762	0.7257285942258165	0.638257111557927	0.544446175108501	0.44690234382847344	0.3483076041089054	0.2513369934224942	0.0	0.1106502991207935	0.21856110423065964	0.3210759442400832	0.41570174370009233	0.5001839822539256	0.5725742491039095	0.6312880505820408	0.6751510487935904	0.703432288531705	0.7158633955318056	0.7126431873962148
1.0	0.9918926200815754	0.9677917603628123	0.9283546699733121	0.8746549973956432	0.808150845156472	0.7306414331150206	0.644213704472655	0.5511805165629525	0.45401231473625825	0.3552643842229326	0.2575019056514801	0.0	0.11067087414433527	0.21872421635714634	0.3216181535559577	0.4169598324643169	0.5025742564910971	0.5765665134779518	0.6373755153277204	0.6838176349768975	0.7151189406053458	0.7309350814025579	0.7313582623900139
1.0	0.9918774166864337	0.9677321919000588	0.9282252468142389	0.8744361418139938	0.8078308288259242	0.7302179106569326	0.6436947598290051	0.5505851612074005	0.4533704018976784	0.35461593030089106	0.2568958376880943	0.0	0.11066921550134262	0.21871106246715358	0.3215744016304162	0.4168582273328053	0.5023809948956796	0.5762432624253344	0.636881747871299	0.6831131708510011	0.714166568146953	0.7297031316822689	0.7298230067149389
1.0	0.9918774166864336	0.9677321919000583	0.9282252468142379	0.8744361418139921	0.8078308288259214	0.7302179106569289	0.6436947598290003	0.5505851612073946	0.45337040189767164	0.35461593030088345	0.25689583768808644	0.0	0.1106692155013434	0.2187110624671551	0.32157440163041834	0.4168582273328078	0.5023809948956823	0.5762432624253371	0.6368817478713014	0.6831131708510026	0.7141665681469538	0.7297031316822683	0.729823006714937
1.0	0.9918774166864334	0.9677321919000581	0.9282252468142377	0.8744361418139912	0.8078308288259204	0.7302179106569278	0.6436947598289988	0.5505851612073929	0.45337040189766964	0.3546159303008812	0.256895837688084	0.0	0.11066921550134365	0.21871106246715558	0.32157440163041906	0.41685822733280853	0.5023809948956832	0.5762432624253379	0.6368817478713023	0.6831131708510032	0.7141665681469541	0.7297031316822683	0.7298230067149367
1.0	0.9918774166864334	0.967732191900058	0.9282252468142373	0.874436141813991	0.8078308288259199	0.730217910656927	0.643694759828998	0.5505851612073918	0.45337040189766836	0.3546159303008799	0.2568958376880825	0.0	0.1106692155013438	0.2187110624671559	0.32157440163041945	0.4168582273328091	0.5023809948956839	0.5762432624253386	0.6368817478713028	0.683113170851004	0.7141665681469549	0.7297031316822689	0.729823006714937
1.0	0.992171456250262	0.9688837554851726	0.9307252367291319	0.8786584449123901	0.8139936375139679	0.7383527515365286	0.653624851764356	0.5619143217009893	0.4654832626614998	0.36668972835283514	0.2679235372941413	0.0	0.11070204081309921	0.2189714255066403	0.32244063804695966	0.4188706174405235	0.5062104746891204	0.582651941887732	0.646677034366544	0.6970976009080874	0.7330856689311184	0.7541937543938436	0.7603645924054102
1.0	0.9920529498300669	0.968419520490521	0.9297169570479092	0.876954447131703	0.8115043934917332	0.7350633845123983	0.6496040087356539	0.557318927095549	0.4605588418914919	0.36176617782135956	0.2634064124442962	0.0	0.11068885196161651	0.2188667950728831	0.3220924211631463	0.41806130728493196	0.5046695278932101	0.5800713564381093	0.6427294906858758	0.6914563579393798	0.7254453208068302	0.7442909032855707	0.7479974816695686
1.0	0.9921062561957895	0.9686282768075679	0.9301701147440546	0.8777196792750417	0.8126210401971831	0.7365367813700647	0.6514014913444091	0.5593677338082655	0.46274605605806546	0.3639407633535524	0.26538330590077497	0.0	0.11069482987464208	0.21891421394773253	0.3222502041275508	0.41842792029458925	0.5053673219937894	0.5812394214105139	0.6445153398170183	0.694006818546388	0.7288970447608699	0.7487609344414523	0.7535743217753778
1.0	0.9921062561957895	0.968628276807568	0.9301701147440548	0.8777196792750421	0.8126210401971838	0.7365367813700656	0.6514014913444105	0.5593677338082672	0.4627460560580675	0.36394076335355474	0.2653833059007776	0.0	0.11069482987464178	0.21891421394773203	0.32225020412755007	0.41842792029458825	0.5053673219937884	0.5812394214105128	0.6445153398170171	0.6940068185463869	0.728897044760869	0.7487609344414516	0.7535743217753773
1.0	0.9921062561957895	0.968628276807568	0.9301701147440548	0.877719679275042	0.8126210401971836	0.7365367813700652	0.6514014913444097	0.5593677338082664	0.4627460560580664	0.3639407633535535	0.26538330590077597	0.0	0.11069482987464198	0.2189142139477324	0.3222502041275506	0.41842792029458903	0.5053673219937893	0.5812394214105138	0.6445153398170181	0.6940068185463881	0.7288970447608701	0.7487609344414528	0.7535743217753785
1.0	0.9926959956558586	0.9709410134328127	0.9352024561701335	0.8862471187667545	0.8251231820608815	0.7531356138046628	0.6718155684661425	0.5828845217017521	0.4882140015797951	0.3897818839374308	0.28962630107046367	0.0	0.1107592912373865	0.21942592416891854	0.3239550050503608	0.42239602990044384	0.512937258558646	0.5939467802979513	0.6640092937499728	0.7219577275846989	0.7668989531715568	0.7982329832924063	0.8156652084012104
1.0	0.9925911868415831	0.9705296532709554	0.9343061146973238	0.8847251884930657	0.8228858768430762	0.7501549244593376	0.6681337123429537	0.5786195089191045	0.4835620394406579	0.38501645006326096	0.2850938315541446	0.0	0.11074796682219573	0.2193359784475781	0.323655067211	0.42169698518095866	0.5116014570397538	0.5916997915372696	0.6605537802962257	0.7169889303403474	0.7601212180672929	0.78937671394461	0.8045036049121079
1.0	0.9925911868415831	0.9705296532709554	0.9343061146973242	0.8847251884930659	0.8228858768430766	0.7501549244593381	0.6681337123429542	0.5786195089191053	0.4835620394406587	0.38501645006326185	0.28509383155414564	0.0	0.11074796682219565	0.219335978447578	0.32365506721099974	0.42169698518095816	0.5116014570397535	0.5916997915372694	0.6605537802962255	0.7169889303403472	0.7601212180672927	0.78937671394461	0.804503604912108
1.0	0.9925911868415829	0.9705296532709552	0.9343061146973237	0.8847251884930653	0.8228858768430755	0.7501549244593366	0.6681337123429523	0.578619508919103	0.48356203944065596	0.3850164500632588	0.28509383155414225	0.0	0.11074796682219597	0.21933597844757854	0.32365506721100057	0.4216969851809592	0.5116014570397546	0.5916997915372705	0.6605537802962264	0.7169889303403482	0.7601212180672932	0.78937671394461	0.8045036049121076
1.0	0.9924891160912576	0.9701293302850417	0.9334349062348832	0.8832486141884635	0.8207206134748698	0.7472796501895959	0.6645973085289031	0.5745462319769005	0.4791533845726231	0.3805495487998432	0.2809163519905979	0.0	0.11073675802337139	0.21924698051442412	0.32335845451535633	0.4210062307115332	0.5102828371328285	0.5894844899883472	0.6571521293858189	0.7121062411420898	0.753474586082314	0.7807121409901576	0.7936127559619207
1.0	0.9934421310557162	0.9738717518973045	0.9415967762636813	0.8971245276034296	0.8411530495733296	0.7745591580354514	0.6983834471144907	0.6138125159387422	0.5221587319161068	0.42483788990043697	0.32334516359792714	0.0	0.11083926123828636	0.2200614599775025	0.32607632172417816	0.42734667839898427	0.5224138560023805	0.6099216871397067	0.6886387287474675	0.7574782976417055	0.8155159757392442	0.8620042822675822	0.8963842611502525
1.0	0.9934375643096215	0.9738537788147739	0.941557429916318	0.8970572655860808	0.8410532618018232	0.7744246144483355	0.6982146707934244	0.6136130690868895	0.5219354043900001	0.4246007825240066	0.32310766123670376	0.0	0.11083879554241281	0.2200577558622659	0.32606394037127967	0.42731772522824246	0.5223582889320406	0.6098277142871434	0.6884932845824463	0.7572675843748333	0.8152260548256794	0.8616216993784377	0.8958966868505286
1.0	0.9934375643096215	0.9738537788147738	0.9415574299163176	0.8970572655860805	0.8410532618018228	0.774424614448335	0.6982146707934237	0.6136130690868884	0.521935404389999	0.42460078252400524	0.32310766123670226	0.0	0.11083879554241294	0.22005775586226617	0.32606394037128	0.42731772522824296	0.5223582889320412	0.609827714287144	0.6884932845824469	0.757267584374834	0.8152260548256801	0.8616216993784384	0.8958966868505289
1.0	0.9934375643096215	0.9738537788147735	0.9415574299163179	0.8970572655860808	0.8410532618018232	0.7744246144483355	0.6982146707934243	0.6136130690868892	0.5219354043899997	0.4246007825240063	0.32310766123670337	0.0	0.11083879554241284	0.22005775586226597	0.3260639403712797	0.42731772522824263	0.5223582889320407	0.6098277142871436	0.6884932845824464	0.7572675843748335	0.8152260548256797	0.8616216993784379	0.8958966868505288
1.0	0.9934375643096215	0.9738537788147735	0.9415574299163173	0.89705726558608	0.8410532618018218	0.7744246144483339	0.6982146707934221	0.6136130690868866	0.5219354043899966	0.42460078252400263	0.32310766123669926	0.0	0.11083879554241322	0.22005775586226675	0.3260639403712808	0.42731772522824396	0.5223582889320424	0.6098277142871452	0.6884932845824481	0.7572675843748351	0.8152260548256812	0.8616216993784391	0.8958966868505296
1.0	0.9937587567113652	0.9751166702290509	0.9443175560323708	0.9017640734860547	0.8480122312718457	0.7837638043285288	0.7098567697127733	0.6272538967671862	0.5370296529759303	0.44035561052365185	0.3384845595072683	0.0	0.11087282248094993	0.22032837350416362	0.3269683318629794	0.4294320130385646	0.5264145318119121	0.6166841885919029	0.6990988381867316	0.7726210144016074	0.8363316017528559	0.8894418664817991	0.9313036826213704
1.0	0.993755489685029	0.9751038540211566	0.9442896558456394	0.9017167725501847	0.8479428608945578	0.7836717185372326	0.7097436511119605	0.6271239820026345	0.5368898682724372	0.4402156101013721	0.3383566622297389	0.0	0.11087245222683847	0.2203254307682632	0.32695850809207433	0.4294090824526837	0.5263706283527332	0.616610162858789	0.6989846841698631	0.7724563537353659	0.8361062114191503	0.8891462344366281	0.9309295747355079
1.0	0.9937554896850292	0.9751038540211566	0.9442896558456394	0.9017167725501845	0.8479428608945573	0.783671718537232	0.7097436511119598	0.6271239820026339	0.5368898682724365	0.4402156101013711	0.33835666222973776	0.0	0.11087245222683857	0.22032543076826336	0.3269585080920746	0.4294090824526841	0.5263706283527336	0.6166101628587894	0.6989846841698636	0.7724563537353661	0.8361062114191505	0.8891462344366283	0.930929574735508
1.0	0.9937554896850292	0.975103854021157	0.9442896558456401	0.9017167725501853	0.8479428608945587	0.7836717185372338	0.7097436511119622	0.6271239820026367	0.5368898682724399	0.4402156101013752	0.3383566622297425	0.0	0.11087245222683811	0.22032543076826253	0.3269585080920734	0.42940908245268256	0.5263706283527317	0.6166101628587874	0.6989846841698615	0.772456353735364	0.8361062114191486	0.8891462344366268	0.9309295747355066
1.0	0.993755489685029	0.9751038540211564	0.9442896558456387	0.9017167725501833	0.8479428608945557	0.7836717185372297	0.7097436511119567	0.6271239820026299	0.5368898682724317	0.4402156101013655	0.33835666222973143	0.0	0.11087245222683918	0.22032543076826458	0.3269585080920764	0.42940908245268633	0.5263706283527362	0.6166101628587921	0.6989846841698665	0.772456353735369	0.8361062114191534	0.8891462344366309	0.9309295747355099
1.0	0.9936324210647545	0.9746205649367731	0.9432356648999054	0.8999251036960345	0.8453054848853208	0.7801530922545289	0.7053918935123669	0.6220792845502756	0.5313898072476373	0.43459710654090733	0.33305442070495334	0.0	0.11085890685073467	0.2202177412676844	0.3265988248112475	0.42856890905047024	0.5247605016118569	0.613892142160516	0.6947873057802629	0.7663916341690294	0.8277882230003538	0.8782107262386533	0.9170540745759961
1.0	0.9936281037206153	0.9746036311808534	0.9431988108126179	0.8998626452164186	0.8452139255678554	0.7800316135184661	0.7052427489904826	0.6219080828277019	0.5312056704208432	0.4344126955427147	0.33288582214475926	0.0	0.11085841859135737	0.22021386147385602	0.32658587748594653	0.4285387026241519	0.524702704877903	0.6137947675372435	0.6946372850909933	0.7661754691714562	0.8274926904040941	0.87782361499316	0.9165649318445677
1.0	0.9936281037206152	0.974603631180853	0.9431988108126176	0.8998626452164182	0.8452139255678545	0.780031613518465	0.705242748990481	0.6219080828277	0.5312056704208412	0.4344126955427121	0.3328858221447564	0.0	0.11085841859135764	0.22021386147385658	0.32658587748594725	0.42853870262415295	0.5247027048779042	0.6137947675372447	0.6946372850909944	0.7661754691714574	0.8274926904040951	0.8778236149931608	0.9165649318445683
1.0	0.9936281037206152	0.9746036311808534	0.943198810812618	0.899862645216419	0.8452139255678559	0.7800316135184668	0.7052427489904836	0.6219080828277033	0.5312056704208448	0.4344126955427166	0.3328858221447614	0.0	0.11085841859135713	0.2202138614738556	0.326585877485946	0.42853870262415117	0.5247027048779022	0.6137947675372425	0.6946372850909921	0.7661754691714553	0.827492690404093	0.8778236149931589	0.9165649318445668
1.0	0.9936281037206152	0.974603631180853	0.9431988108126174	0.8998626452164179	0.8452139255678541	0.7800316135184645	0.7052427489904806	0.6219080828276995	0.5312056704208403	0.4344126955427112	0.3328858221447554	0.0	0.11085841859135771	0.22021386147385671	0.3265858774859476	0.4285387026241532	0.5247027048779045	0.6137947675372452	0.6946372850909946	0.7661754691714577	0.8274926904040955	0.877823614993161	0.9165649318445683
1.0	0.99307361950394	0.9724265451023303	0.9384521566543542	0.8917967451674454	0.8333457172715022	0.7642047116635035	0.6856760460567516	0.5992310164095239	0.5064786617056856	0.4091316852604128	0.3089702856863783	0.0	0.11079770320666305	0.2197312973344225	0.3249748904047763	0.424778188879336	0.5175022261820422	0.6016526583316611	0.6759099010409003	0.739155453279833	0.7904938375577918	0.8292696851218415	0.8550796026874817
1.0	0.9930449333370746	0.9723138494556092	0.9382062000772258	0.8913781476920084	0.8327284058522079	0.7633788620141829	0.6846504171295325	0.5980345830887434	0.5051614737019965	0.40776490501415974	0.30764538457914775	0.0	0.11079465578595457	0.21970708036614323	0.3248940658147889	0.42458958808833935	0.5171412617984736	0.6010442846097072	0.6749721235155578	0.7378032689415258	0.7886434715243636	0.8268429784905711	0.8520083994673614
1.0	0.993023318391072	0.9722289572166022	0.9380210119471217	0.8910631902757301	0.8322643674655167	0.7627588233016771	0.6838816074052212	0.5971395894865037	0.504178848143049	0.4067491338134046	0.30666620661199895	0.0	0.11079234558364236	0.21968872438981527	0.3248328165272459	0.4244467118605189	0.5168679250408522	0.6005838387967554	0.6742628103077946	0.7367812516541064	0.7872460871872146	0.8250120960806933	0.8496937648564005
1.0	0.9930098787417854	0.9721761834554331	0.9379059265397921	0.8908675532077657	0.8319763150872774	0.7623742611806238	0.6834053010759201	0.5965859070104251	0.5035721199847001	0.4061236083452328	0.30606559317745	0.0	0.11079090314358449	0.2196772644070816	0.32479458352225493	0.42435754569847	0.5166973906270778	0.6002966702903062	0.6738206192222512	0.7361444386552055	0.7863758897634736	0.823872698806788	0.8482543958740683
1.0	0.9930053182760418	0.9721582775411793	0.9378668851201483	0.8908012017971892	0.8318786529478063	0.7622439349703778	0.683243974730311	0.5963985120872762	0.5033669747181542	0.4059123980838212	0.30586320958938396	0.0	0.11079041263995588	0.21967336761382705	0.32478158402333335	0.4243272320200627	0.5166394228988247	0.6001990743796902	0.6736703708751773	0.7359281168867531	0.7860803761232592	0.8234858972802576	0.8477659471379383
1.0	0.9930098787417854	0.9721761834554331	0.937905926539792	0.8908675532077653	0.831976315087277	0.7623742611806231	0.6834053010759191	0.596585907010424	0.5035721199846988	0.4061236083452312	0.30606559317744847	0.0	0.11079090314358465	0.2196772644070819	0.3247945835222553	0.42435754569847045	0.5166973906270783	0.6002966702903068	0.6738206192222518	0.736144438655206	0.786375889763474	0.823872698806788	0.8482543958740681
1.0	0.993023318391072	0.9722289572166019	0.9380210119471214	0.8910631902757297	0.8322643674655159	0.7627588233016762	0.68388160740522	0.5971395894865021	0.5041788481430475	0.4067491338134026	0.30666620661199684	0.0	0.11079234558364255	0.21968872438981568	0.3248328165272464	0.4244467118605195	0.5168679250408529	0.600583838796756	0.6742628103077952	0.736781251654107	0.7872460871872149	0.8250120960806935	0.8496937648564001
1.0	0.9930449333370746	0.9723138494556095	0.9382062000772265	0.8913781476920096	0.8327284058522099	0.7633788620141856	0.6846504171295359	0.5980345830887476	0.5051614737020015	0.40776490501416546	0.30764538457915414	0.0	0.11079465578595399	0.2197070803661421	0.32489406581478736	0.42458958808833736	0.5171412617984713	0.6010442846097047	0.6749721235155556	0.7378032689415237	0.7886434715243622	0.8268429784905702	0.8520083994673614
1.0	0.9921459518385133	0.9687909215636026	0.9305502561756571	0.8784297259758005	0.8137964281013664	0.7383392637362564	0.654020157714436	0.5630174624199135	0.4676632180436732	0.3703761215342352	0.2735921816171113	0.0	0.1106933524028046	0.21890288116225895	0.3222146684296808	0.41835255619810524	0.5052419578795113	0.5810677569134192	0.6443245977295422	0.6938581005426452	0.7288958011772169	0.7490669223306221	0.7544104142540585
1.0	0.991794320702909	0.9674152237550164	0.927569015327984	0.8734080593208546	0.8064943985419597	0.7287504777130979	0.6423985568432792	0.5498907672026238	0.45383206226227557	0.3568985428114418	0.2617537816759413	0.0	0.11065281043840125	0.2185813713760208	0.3211453318450735	0.41586945314194884	0.50051954004176	0.5731706631093115	0.6322654956893986	0.6766609096036023	0.7056613540311765	0.7190379700831999	0.7170328552179058
1.0	0.9914192926612657	0.9659497069904754	0.9243994744171568	0.8680847184925409	0.7987842044052711	0.7186782319881354	0.6302738198013174	0.5363188080641454	0.4397078949670214	0.34338390053601	0.25023771489034513	0.0	0.11060881512020218	0.21823271617965753	0.319987048912661	0.4131841831448785	0.49542340984750916	0.5646708422933555	0.6193265463918336	0.6582765770201782	0.6809281307807392	0.6872266220480175	0.6776541271411262
1.0	0.9915125604732967	0.9663134519549251	0.925183462680649	0.8693947365243211	0.8006680692965669	0.721115188226537	0.633167993144587	0.5394971834903551	0.4429230569025285	0.346321530321538	0.25252859413672896	0.0	0.11062022687882798	0.21832308697093794	0.32028690885492306	0.413878156254546	0.4967374689933981	0.5668563826662247	0.6226421261035623	0.6629683068075265	0.6872097809049839	0.695260548888551	0.6875341025640402
1.0	0.9916185577509978	0.9667273392812222	0.9260773832121904	0.8708930766938588	0.8028320990885055	0.7239312288515352	0.6365398227792344	0.5432431872586334	0.446778396793764	0.34994536461596293	0.25551612525439954	0.0	0.1106328824180878	0.21842335343749694	0.32061986063371195	0.414649558051665	0.4982002319045685	0.5692935930570064	0.6263475147761177	0.6682251653317696	0.6942694247617234	0.7043214686171202	0.6987229320812347
1.0	0.9917362259681419	0.9671872423262454	0.9270723468732089	0.8725648947868982	0.805254956193517	0.7270987460409926	0.64035646811638	0.5475205903066367	0.4512368773679069	0.3542207404377548	0.25917161170548786	0.0	0.11064666040420675	0.2185325565710115	0.3209827324845614	0.4154910821147638	0.49979794861304455	0.5719597825494818	0.6304086200520075	0.6739994739641472	0.7020441254749474	0.7143302471321246	0.7111252661562418
1.0	0.9918643303822153	0.9676883293863399	0.9281578782186474	0.8743925296421251	0.8079109155066809	0.730583854508064	0.6445766385249967	0.5522823162910958	0.4562480757130791	0.3590970418838066	0.26344794992881415	0.0	0.11066143006255526	0.21864966110746847	0.3213720912969261	0.4163947898888454	0.5015156046285545	0.5748300168093747	0.6347876880726364	0.6802379379824172	0.7104627420501238	0.7251962350126762	0.7246301311838319
1.0	0.9920014460612497	0.9682250115333185	0.9293218117804186	0.876355351539954	0.810769690221337	0.7343462444205143	0.6491505478541806	0.5574705951898412	0.4617486523682574	0.36450861410404517	0.2682811232276297	0.0	0.11067704744833995	0.2187735261444057	0.32178414594726756	0.41735188964404163	0.5033365088872044	0.5778764459151697	0.6394423072263865	0.686880274895747	0.7194441502244484	0.7368150733450699	0.739108340475273
1.0	0.9914278756574766	0.9659822520169794	0.9244661371962364	0.8681873997344846	0.7989141661558814	0.7188145672845151	0.6303829302941549	0.5363549838180719	0.4396150235119395	0.34309826193994414	0.24969174989164175	0.0	0.11061049719082834	0.21824596250478953	0.3200305872961965	0.4132835813583478	0.49560823217461086	0.564971156217698	0.6197690137556314	0.658880397463776	0.6817011238781105	0.6881617370489653	0.6787266551958212
1.0	0.9913675640217778	0.9657458764052503	0.9239523118326771	0.8673178735906619	0.7976414156785271	0.7171278194186028	0.6283122935030221	0.5339734518136608	0.4370382146788025	0.34048186266324193	0.24722673755863678	0.0	0.11060396063702221	0.21819411879141415	0.3198581159765327	0.4128829482289245	0.4948459344695084	0.5636955791024372	0.6178195219604274	0.6560972243186448	0.6779355780086304	0.683286226521249	0.6726440309944788
1.0	0.9913236152915154	0.9655736495976044	0.9235779994306762	0.8666846045275644	0.7967147992037953	0.7159003268787772	0.6268062406519966	0.5322424094493436	0.43516674893893875	0.33858358494059987	0.24544072421549123	0.0	0.11059919295854027	0.2181563079501179	0.319732346914057	0.41259085948874924	0.49429031488516306	0.5627661460553695	0.6163996010774198	0.6540710049418913	0.6751955879843825	0.6797406552720184	0.6682235322146173
1.0	0.991296889366668	0.9654689239997303	0.9233504223879196	0.8662996583705977	0.7961516767985716	0.7151545934481486	0.6258916355339094	0.5311916827521461	0.4340314736107934	0.33743293343147335	0.24435924849155546	0.0	0.11059629143705262	0.2181332983868367	0.31965581878865096	0.41241315470996054	0.49395234311086794	0.5622009217930478	0.6155363295954045	0.6528395160432361	0.6735308978985981	0.6775874282033552	0.665540214903251
1.0	0.9912879203419072	0.9654337803157669	0.9232740577246319	0.8661705006046913	0.7959627620323286	0.714904458834621	0.6255849218951156	0.5308394116846105	0.4336509792077929	0.3370474452297805	0.24399713902896603	0.0	0.11059531729567282	0.21812557352523945	0.3196301278350631	0.4123535026202813	0.4938389034711881	0.5620112279159643	0.6152466499051996	0.6524263458057205	0.6729724930308116	0.676865303999862	0.6646405331916017
1.0	0.991296889366668	0.9654689239997299	0.923350422387919	0.8662996583705965	0.7961516767985697	0.7151545934481459	0.625891635533906	0.5311916827521421	0.43403147361078914	0.33743293343146874	0.24435924849155066	0.0	0.1105962914370531	0.21813329838683768	0.31965581878865224	0.41241315470996215	0.4939523431108696	0.5622009217930491	0.6155363295954056	0.6528395160432366	0.673530897898598	0.6775874282033542	0.665540214903249
1.0	0.9913236152915154	0.965573649597605	0.9235779994306771	0.8666846045275662	0.796714799203798	0.715900326878781	0.6268062406520013	0.5322424094493492	0.43516674893894514	0.33858358494060686	0.24544072421549862	0.0	0.11059919295853948	0.2181563079501164	0.3197323469140549	0.4125908594887467	0.4942903148851604	0.5627661460553667	0.6163996010774174	0.6540710049418896	0.6751955879843817	0.6797406552720187	0.6682235322146187
1.0	0.9913675640217778	0.9657458764052507	0.9239523118326779	0.8673178735906631	0.7976414156785289	0.717127819418605	0.6283122935030251	0.5339734518136643	0.43703821467880644	0.3404818626632463	0.2472267375586413	0.0	0.11060396063702174	0.21819411879141323	0.31985811597653135	0.41288294822892296	0.4948459344695068	0.5636955791024354	0.617819521960426	0.6560972243186437	0.6779355780086298	0.683286226521249	0.6726440309944797
1.0	0.9907266488604733	0.9632458314007023	0.9185619556359967	0.8583052351590733	0.7846678337162268	0.7003180790484296	0.6082961809390941	0.5118956258149757	0.41453498850212706	0.3196252779416484	0.23043810276822352	0.0	0.11052671660044057	0.2175825846134619	0.31782990973805086	0.40819201804574234	0.48597075911183896	0.5489489896242352	0.5954739867806058	0.624518509657373	0.6357171272723485	0.6293764275929327	0.6064587717481613
1.0	0.9906515606629532	0.9629524061904771	0.9179273113734593	0.8572390703316906	0.7831226723599876	0.6982969103050759	0.6058569978618099	0.5091525372135806	0.4116557656242987	0.316825395007067	0.22797152657216313	0.0	0.11051812582900362	0.2175145545367456	0.3176041817734429	0.40766960686409603	0.4849815035635893	0.5473034303458277	0.5929768942000446	0.6209832863990806	0.630980250271056	0.6233110808980938	0.5989868521178244
1.0	0.9905970379552679	0.9627393804391684	0.9174666895724255	0.8564655621600241	0.7820022492742854	0.6968323388340266	0.6040910834711276	0.5071688415726889	0.40957670053489964	0.3148077432987454	0.22619958619954533	0.0	0.11051187620820904	0.2174650696348645	0.31744001930985516	0.40728978175371505	0.4842625056332218	0.5461079433799969	0.5911637134681231	0.6184178583669272	0.6275452156189063	0.6189161927095697	0.5935776659171378
1.0	0.9905639618145607	0.9626101635253707	0.91718734090135	0.8559965929365531	0.7813232065848759	0.6959451565909999	0.6030220283274801	0.5059689098294169	0.4083204089307781	0.31359034741831493	0.22513285023879975	0.0	0.1105080797162285	0.21743501116509065	0.3173403159035508	0.40705913992870757	0.48382601388443397	0.5453824018252897	0.5900636905471213	0.6168621195056022	0.6254631429668999	0.6162538099461008	0.5903028981372453
1.0	0.9905528752721544	0.9625668548672517	0.9170937232052966	0.8558394509591608	0.7810957178785374	0.6956480136835933	0.6026640871708722	0.5055673162437877	0.40790018417917684	0.3131834447799378	0.22477672487213596	0.0	0.11050680628974245	0.21742492930957055	0.3173068768618932	0.4069817935581587	0.4836796535117753	0.5451391576015804	0.5896949664916288	0.6163407542721411	0.6247655657219178	0.6153620611235902	0.5892063903723678
1.0	0.9905639618145607	0.9626101635253708	0.9171873409013503	0.8559965929365534	0.7813232065848763	0.6959451565910003	0.6030220283274808	0.5059689098294174	0.4083204089307788	0.3135903474183156	0.22513285023880047	0.0	0.11050807971622845	0.21743501116509056	0.31734031590355066	0.4070591399287074	0.48382601388443397	0.5453824018252897	0.5900636905471214	0.6168621195056024	0.6254631429669001	0.6162538099461016	0.5903028981372465
1.0	0.990597037955268	0.9627393804391686	0.9174666895724259	0.8564655621600249	0.7820022492742865	0.6968323388340281	0.6040910834711295	0.5071688415726912	0.409576700534902	0.31480774329874794	0.22619958619954794	0.0	0.11051187620820876	0.21746506963486395	0.3174400193098544	0.4072897817537142	0.48426250563322076	0.546107943379996	0.5911637134681225	0.6184178583669266	0.6275452156189063	0.61891619270957	0.5935776659171388
1.0	0.9906515606629535	0.9629524061904771	0.9179273113734596	0.8572390703316911	0.7831226723599883	0.6982969103050773	0.6058569978618112	0.5091525372135821	0.41165576562430045	0.31682539500706886	0.22797152657216496	0.0	0.11051812582900339	0.2175145545367452	0.31760418177344235	0.4076696068640955	0.48498150356358866	0.5473034303458273	0.5929768942000443	0.6209832863990806	0.6309802502710562	0.6233110808980946	0.5989868521178255
1.0	0.9901098598574597	0.9608452575512104	0.9134058357923509	0.8497324287274693	0.7724219760517683	0.6846138118769509	0.5898524397153361	0.49193295544416604	0.39473604948929225	0.30205997292758274	0.2174569695263062	0.0	0.1104500184044322	0.21697613802671817	0.3158228296910194	0.40356380571332223	0.47724823667306066	0.5345258206906042	0.5737451719689898	0.5940212045635136	0.5952685910986147	0.5781999100576523	0.5442886890262216
1.0	0.9900208006156641	0.9604984170384125	0.9126600287585629	0.8484902296704206	0.7706428788825099	0.6823233706439958	0.5871466853952919	0.4889776800830771	0.3917608734434811	0.2993474444211022	0.215327268377705	0.0	0.11043919013114592	0.21689052930875438	0.3155395528686717	0.40291074565384394	0.476017818909925	0.5324919404905579	0.570682171214755	0.5897236365915169	0.5895704432777281	0.5709919647522015	0.5355327957610386
1.0	0.9899562149348912	0.9602469490824174	0.9121195226120383	0.847590515470844	0.7693553499278474	0.680667587272809	0.5851934885513521	0.48684851928825895	0.38962329642228133	0.29740694431794534	0.2138159243922781	0.0	0.11043131297784792	0.21682826130779356	0.31533356004900853	0.4024360179427796	0.4751237944740426	0.5310149403232174	0.5684593155367169	0.5866073067658876	0.5854423026035291	0.5657755622060626	0.5292038484308472
1.0	0.9899170684041153	0.9600945551633667	0.91179205957184	0.8470456539796386	0.7685760718775942	0.6796661778659814	0.5840133858460911	0.4855638427683611	0.3883360261996755	0.2962418762022871	0.21291367393217467	0.0	0.11042652818794328	0.21679044186276192	0.3152084680219355	0.4021478010381122	0.47458118096235974	0.5301188416585374	0.5671113256051434	0.5847185207456396	0.5829418482193747	0.5626182438724648	0.5253763502870683
1.0	0.989903953053005	0.9600435026038554	0.9116823740669165	0.8468631883253646	0.7683151792653815	0.679331047519466	0.5836186562194292	0.4851344326255522	0.3879061746855019	0.2958534349805167	0.2126137444304486	0.0	0.11042492336165842	0.2167777578035516	0.31516651765423753	0.40205115737991903	0.47439926260585596	0.5298184711237028	0.5666595878165556	0.5840857266817706	0.5821043987231386	0.5615611914084332	0.5240954720357971
1.0	0.9899170684041153	0.9600945551633667	0.91179205957184	0.8470456539796386	0.7685760718775944	0.6796661778659816	0.5840133858460913	0.48556384276836134	0.388336026199676	0.29624187620228737	0.21291367393217497	0.0	0.11042652818794323	0.21679044186276183	0.3152084680219353	0.40214780103811204	0.4745811809623596	0.5301188416585373	0.5671113256051432	0.5847185207456395	0.5829418482193746	0.5626182438724647	0.5253763502870683
1.0	0.9899562149348913	0.9602469490824177	0.9121195226120392	0.8475905154708454	0.7693553499278496	0.6806675872728117	0.5851934885513557	0.4868485192882629	0.3896232964222855	0.29740694431794956	0.21381592439228203	0.0	0.1104313129778474	0.21682826130779254	0.31533356004900726	0.40243601794277817	0.47512379447404135	0.5310149403232164	0.5684593155367165	0.5866073067658879	0.5854423026035304	0.5657755622060647	0.5292038484308506
1.0	0.9900208006156643	0.9604984170384127	0.9126600287585636	0.8484902296704214	0.7706428788825113	0.6823233706439976	0.5871466853952941	0.4889776800830797	0.3917608734434841	0.29934744442110534	0.21532726837770802	0.0	0.11043919013114555	0.21689052930875372	0.3155395528686708	0.40291074565384283	0.47601781890992395	0.5324919404905569	0.5706821712147542	0.5897236365915167	0.5895704432777283	0.5709919647522024	0.5355327957610402
1.0	0.9896409281923636	0.9590252250732576	0.9095153882352258	0.8433098662281151	0.7633382258379836	0.6731216705903679	0.5766057554349222	0.4779734956805144	0.38144801188460653	0.29109434003905293	0.21063004457548276	0.0	0.11038923239754649	0.21649617474208818	0.31423805463231025	0.39992144851183686	0.47041322091667365	0.5232843039868925	0.5569193966226081	0.5705873514519826	0.5644689631846708	0.5396409761304395	0.49801728601050305
1.0	0.9895396760093268	0.9586322055115329	0.908675120698568	0.8419222156973313	0.7613743665401136	0.6706343903327103	0.5737331819933241	0.4749357869848836	0.3785370489121928	0.28865696260525847	0.20904584238649387	0.0	0.11037621584970737	0.21639341906593101	0.3138988915023554	0.39914232697356383	0.4689521083398597	0.5208830817808865	0.5533286028228372	0.5655914281221432	0.5579100968242913	0.531439679711817	0.48818805927988546
1.0	0.9894661983542556	0.9583470933008794	0.9080659178621062	0.8409170347583502	0.7599535238830767	0.6688378380593587	0.5716630619041104	0.4727537785976567	0.37645655673047185	0.28693056315783805	0.20794876363926681	0.0	0.11036672653363597	0.2163185221004011	0.3136517580406374	0.3985748655871956	0.467888542485358	0.5191364514349507	0.5507189583387319	0.5619643417068781	0.553154068585186	0.5255010651149121	0.4810822908116764
1.0	0.9894216423414911	0.9581742450153524	0.9076967400150083	0.8403082574901902	0.7590937207293592	0.6677519129070248	0.5704137347929888	0.47143987342115456	0.375208125490893	0.2859011138231602	0.20730507604595355	0.0	0.1103609544079274	0.21627296980933536	0.3135014834944118	0.39822991274128033	0.46724226731844726	0.5180756313206836	0.5491349227006643	0.5597642746509386	0.5502716057842388	0.5219053400618988	0.4767846781003155
1.0	0.9894067113263807	0.9581163292860962	0.9075730660945462	0.8401043799659436	0.758805896884548	0.6673886029265255	0.5699960889032342	0.4710011403228106	0.37479199494963344	0.2855590849799577	0.2070930165222381	0.0	0.11035901709056785	0.2162576819223414	0.31345105499282755	0.39811417250116743	0.4670254689853508	0.5177198584964448	0.5486038355059744	0.5590269103671693	0.5493059369242613	0.5207013046738012	0.47534642881684325
1.0	0.989421642341491	0.9581742450153521	0.9076967400150076	0.8403082574901889	0.7590937207293573	0.6677519129070223	0.5704137347929857	0.47143987342115107	0.3752081254908894	0.2859011138231567	0.20730507604595025	0.0	0.11036095440792781	0.2162729698093362	0.3135014834944129	0.39822991274128156	0.4672422673184483	0.5180756313206842	0.5491349227006646	0.559764274650938	0.5502716057842375	0.5219053400618963	0.476784678100312
1.0	0.9894661983542556	0.95834709330088	0.908065917862107	0.8409170347583517	0.7599535238830786	0.6688378380593613	0.5716630619041134	0.47275377859766027	0.37645655673047557	0.2869305631578417	0.20794876363927034	0.0	0.11036672653363554	0.21631852210040026	0.3136517580406362	0.3985748655871943	0.4678885424853568	0.5191364514349497	0.5507189583387314	0.5619643417068785	0.5531540685851871	0.5255010651149141	0.48108229081167947
1.0	0.9895396760093267	0.9586322055115327	0.9086751206985677	0.8419222156973308	0.7613743665401131	0.6706343903327096	0.5737331819933232	0.4749357869848827	0.3785370489121919	0.28865696260525764	0.20904584238649337	0.0	0.11037621584970746	0.21639341906593113	0.31389889150235556	0.39914232697356405	0.46895210833985973	0.5208830817808865	0.5533286028228369	0.5655914281221427	0.5579100968242902	0.5314396797118157	0.48818805927988396
1.0	0.9893744069517011	0.9579938856539346	0.9073222669791141	0.8397174226386863	0.758312962191126	0.6668612982975886	0.5695462141790097	0.4707746313102635	0.37495832644469435	0.28629683045726023	0.20857263305141685	0.0	0.11035311424470269	0.21621137459822906	0.31329982773213716	0.3977720617066016	0.46639691898582486	0.5167137652540454	0.5471484477799655	0.5570841375038257	0.5468836097545253	0.5178620536903332	0.4722120752726664
1.0	0.989264778560993	0.9575694421645102	0.9064188497331626	0.8382354001370321	0.7562352504521294	0.6642642906641134	0.5666025395966683	0.4677472764759944	0.37218631578092676	0.2841733119923479	0.2075168212921818	0.0	0.11033844250147329	0.21609568152223926	0.31291867814599195	0.3968988183079273	0.46476500232976087	0.5140435380393602	0.5431765879683487	0.5515931358279446	0.5397289701408675	0.5089948958461192	0.46169513064791123
1.0	0.9891850856677934	0.9572610428997643	0.9057629615582858	0.8371607389228065	0.7547311972474872	0.6623887588330742	0.5644837468939417	0.46557909426820826	0.3702173659215113	0.28269047494414723	0.20682427115075971	0.0	0.11032771120821104	0.2160110806711266	0.3126400726054524	0.39626087185232023	0.4635736891979547	0.5120960485682462	0.5402830201468326	0.5475981963452458	0.534531871641659	0.5025657356752992	0.4540862648384884
1.0	0.989136704293122	0.9570738740862234	0.9053651202811769	0.8365094203582295	0.7538206971271507	0.6612552158576337	0.5632061204836475	0.46427618308232194	0.3690409833186763	0.2818152042509523	0.20643450371902503	0.0	0.11032116908373393	0.21595951372295166	0.31247029956703015	0.3958722777028066	0.4628483860964323	0.510911110352997	0.5385237906989228	0.5451715692725796	0.5313784183970125	0.4986696237250612	0.4494820531393723
1.0	0.9891204817812933	0.9570111256034527	0.9052317810699981	0.8362912177831668	0.7535158444030292	0.6608759963377168	0.5627791986765017	0.46384157794407277	0.3686497449697977	0.2815259393575018	0.2063089896637804	0.0	0.11031897086761744	0.21594218815113628	0.31241326668713304	0.39574176031926334	0.462604840047657	0.5105133522351715	0.537933483826888	0.5443576940752695	0.5303213469837563	0.4973644407987171	0.4479408154672871
1.0	0.9891367042931217	0.957073874086223	0.9053651202811764	0.8365094203582285	0.7538206971271494	0.661255215857632	0.5632061204836455	0.46427618308231966	0.36904098331867397	0.28181520425094997	0.20643450371902314	0.0	0.11032116908373422	0.21595951372295225	0.3124702995670309	0.3958722777028075	0.46284838609643303	0.5109111103529975	0.5385237906989229	0.5451715692725791	0.5313784183970116	0.4986696237250597	0.44948205313936995
1.0	0.9891850856677934	0.9572610428997648	0.9057629615582867	0.837160738922808	0.7547311972474892	0.662388758833077	0.5644837468939449	0.4655790942682119	0.3702173659215151	0.2826904749441509	0.20682427115076302	0.0	0.11032771120821055	0.21601108067112565	0.3126400726054512	0.39626087185231895	0.4635736891979535	0.5120960485682455	0.5402830201468325	0.5475981963452464	0.5345318716416606	0.5025657356753017	0.454086264838492
1.0	0.989264778560993	0.9575694421645101	0.9064188497331623	0.8382354001370319	0.7562352504521288	0.6642642906641127	0.5666025395966675	0.4677472764759935	0.3721863157809259	0.28417331199234735	0.2075168212921813	0.0	0.11033844250147339	0.21609568152223943	0.31291867814599206	0.3968988183079275	0.46476500232976087	0.5140435380393602	0.5431765879683483	0.5515931358279439	0.5397289701408667	0.508994895846118	0.4616951306479098
1.0	0.9893470211071707	0.9578898378791425	0.9071081843013588	0.8393845419776073	0.7578831665446416	0.666389745003837	0.5691201176686339	0.47050810619775096	0.37498355676065703	0.28675217848141576	0.20958860825133296	0.0	0.1103483163080795	0.21617374126022923	0.3131769594825725	0.39749420251682405	0.46588662939839254	0.5158973373071176	0.5459679488150572	0.5555088748221803	0.5449198143392741	0.5155596902540165	0.4696678912410984
1.0	0.9892353801428723	0.9574580485927623	0.9061907838666567	0.8378836421577069	0.755787069042114	0.6637839209704534	0.5661894190461431	0.46752975803144037	0.37231120440277377	0.284791978857556	0.20876900750115795	0.0	0.11033314223815642	0.2160541410307248	0.31278323642346795	0.3965931228487715	0.4642050667030358	0.5131507362211426	0.541891277352886	0.549887495290442	0.5376176558723135	0.5065422570428425	0.45901798088739637
1.0	0.9891541065224674	0.9571438872087682	0.9055239553329261	0.8367942849318984	0.7542688695223092	0.6619020043183931	0.5640816655827406	0.4654012310039623	0.37042192722874717	0.28343884256055235	0.2082630812688416	0.0	0.11032201397409287	0.21596645389537975	0.31249470673998914	0.3959332304565518	0.46297467405498954	0.5111432533938577	0.5389156062466389	0.5457908101602614	0.532306049580319	0.499997406715246	0.4513082555894522
1.0	0.9891047161174088	0.9569530434999054	0.9051191489620032	0.8361336424204991	0.7533494675965784	0.660764620689659	0.5628114543965984	0.4641241383244468	0.36929700801298865	0.2826469795416752	0.20799291223612887	0.0	0.11031521738697989	0.21591290921374354	0.31231857753079284	0.39553059134581825	0.4622243874076607	0.5099200158906954	0.5371040621044912	0.5432995200486471	0.5290800902952949	0.4960284584507104	0.4466412062030047
1.0	0.9890881468197508	0.9568890325910397	0.9049834192110461	0.8359122453505683	0.7530415779302956	0.6603841223290523	0.5623871455449307	0.46369849493474535	0.36892356265239756	0.28238648805507105	0.20790858445439303	0.0	0.11031293152976102	0.2158949025841299	0.31225935640701913	0.3953952405869484	0.4619722482522193	0.5095090942025414	0.5364957918578096	0.5424634706149598	0.5279982019124126	0.49469841878254645	0.4450786403775498
1.0	0.9891047161174088	0.9569530434999053	0.9051191489620026	0.8361336424204981	0.7533494675965768	0.6607646206896571	0.5628114543965961	0.4641241383244443	0.36929700801298593	0.2826469795416726	0.20799291223612654	0.0	0.11031521738698025	0.21591290921374418	0.3123185775307936	0.3955305913458191	0.4622243874076616	0.5099200158906959	0.5371040621044914	0.5432995200486469	0.529080090295294	0.49602845845070886	0.4466412062030024
1.0	0.9891541065224674	0.9571438872087684	0.9055239553329265	0.8367942849318996	0.7542688695223106	0.6619020043183949	0.5640816655827429	0.46540123100396474	0.37042192722874967	0.2834388425605549	0.20826308126884388	0.0	0.11032201397409254	0.21596645389537908	0.31249470673998825	0.3959332304565507	0.46297467405498877	0.5111432533938569	0.5389156062466386	0.5457908101602614	0.5323060495803196	0.4999974067152473	0.4513082555894542
1.0	0.9892353801428725	0.9574580485927626	0.9061907838666574	0.8378836421577082	0.7557870690421159	0.6637839209704557	0.5661894190461462	0.46752975803144353	0.37231120440277704	0.2847919788575593	0.20876900750116087	0.0	0.11033314223815596	0.216054141030724	0.3127832364234669	0.3965931228487704	0.46420506670303485	0.5131507362211419	0.5418912773528859	0.5498874952904427	0.5376176558723148	0.5065422570428446	0.45901798088739965
1.0	0.9895670084610638	0.9587433720391283	0.9089316780500735	0.8423926786146954	0.7621340790809964	0.6717628765506217	0.5753087765433859	0.4770276731947006	0.38119516695325	0.2919005629508815	0.21285172002100336	0.0	0.11037676648443812	0.21639827939993164	0.31391778806710363	0.3991950604473398	0.4690739675927527	0.5211307498992677	0.5537855939965712	0.566372043317746	0.5591609382299164	0.5333379187022875	0.49093590105990803
1.0	0.9894612629638692	0.9583339287930098	0.9080600620366296	0.8409624982680461	0.7601283551715651	0.6692545430084823	0.5724633153093132	0.4740974404126649	0.37850560342466083	0.28982911260844046	0.21180086105463025	0.0	0.1103626315306467	0.21628681752648535	0.3135505686967863	0.39835369917890645	0.46750154325176185	0.518557663721472	0.5499578118284804	0.5610794420183386	0.5522634240576575	0.5247871038825088	0.48079040850522886
1.0	0.9893842869819929	0.9580360458183017	0.9074265442194532	0.8399244892505167	0.7586755613458517	0.6674427876327578	0.5704161889886188	0.472001737248162	0.37660071731188366	0.2883910475558056	0.21112194794387082	0.0	0.11035226603143254	0.2162051028464659	0.31328148079507356	0.3977375863262536	0.4663510948302834	0.5166771497135931	0.5471640299696567	0.5572226476068274	0.5472464838793438	0.5185812143924584	0.4734459436955136
1.0	0.9893375099016755	0.9578550963785695	0.9070419684030413	0.8392949916890179	0.7577957485926353	0.6663477193058212	0.5691822666328171	0.47074374736965924	0.3754651494499525	0.28754610811093323	0.21074496354635733	0.0	0.11034593529351282	0.21615520516323034	0.31311722012096943	0.39736166241891374	0.4656495660299005	0.5155312982462881	0.5454632527152783	0.5548772960708901	0.5441995591425356	0.5148178882554446	0.46900002226410203
1.0	0.9893218175096596	0.9577944047972832	0.9069130229564095	0.8390840325108668	0.7575011134542191	0.6659813634759592	0.5687700413251823	0.4703243761464109	0.3750879457278452	0.28726757897765126	0.21062453782194024	0.0	0.11034380608020236	0.21613842475332454	0.31306198897068094	0.397235291031763	0.4654138108418033	0.5151463718057112	0.544892175682588	0.5540902251606004	0.543177719536708	0.513556761934201	0.46751149377187273
1.0	0.9893375099016756	0.9578550963785697	0.9070419684030419	0.8392949916890192	0.757795748592637	0.6663477193058233	0.5691822666328196	0.47074374736966196	0.3754651494499555	0.2875461081109362	0.21074496354636021	0.0	0.11034593529351241	0.21615520516322959	0.31311722012096843	0.39736166241891263	0.46564956602989954	0.5155312982462871	0.5454632527152777	0.5548772960708901	0.5441995591425364	0.5148178882554459	0.4690000222641042
1.0	0.989384286981993	0.9580360458183022	0.9074265442194543	0.8399244892505184	0.7586755613458541	0.6674427876327609	0.5704161889886226	0.47200173724816624	0.3766007173118882	0.28839104755580985	0.21112194794387443	0.0	0.11035226603143199	0.21620510284646485	0.31328148079507223	0.3977375863262521	0.4663510948302821	0.5166771497135921	0.5471640299696565	0.557222647606828	0.5472464838793455	0.5185812143924615	0.47344594369551773
1.0	0.9894612629638693	0.9583339287930105	0.9080600620366309	0.8409624982680483	0.7601283551715678	0.6692545430084862	0.5724633153093176	0.4740974404126699	0.3785056034246662	0.2898291126084455	0.21180086105463486	0.0	0.11036263153064603	0.21628681752648413	0.3135505686967847	0.39835369917890473	0.4675015432517602	0.5185576637214709	0.5499578118284799	0.5610794420183393	0.5522634240576595	0.5247871038825122	0.48079040850523375
1.0	0.9900080333655683	0.9604545085374188	0.9125872598424849	0.8484226192959161	0.7706534737835161	0.6825266788837508	0.5876956064622514	0.4900547639789516	0.39356425027411823	0.30207226624186273	0.21914395829761077	0.0	0.110434077321351	0.21685067283042453	0.31541081537543125	0.4026242475174649	0.4755034103910836	0.5316940745090476	0.5695765953583334	0.5883331731194569	0.5879781140429493	0.5693498483945594	0.5340652712775229
1.0	0.9903051426951002	0.9616089313660041	0.9150596486339491	0.8525158514668842	0.7764660899521849	0.6899215720056656	0.5962865550734971	0.4992122300702849	0.4024405851051661	0.30964516457393193	0.22427575409257025	0.0	0.11047195696449304	0.2171499199481337	0.31639973170457325	0.40489987190738724	0.47978050168979886	0.5387426537786998	0.5801523642243371	0.6031056698854717	0.6074617056953844	0.5938425673545901	0.5636000930382277
1.0	0.9906104028622795	0.9627963769489343	0.9176077476724935	0.856746594501362	0.782497906587018	0.6976366082297224	0.6053148504194582	0.5089342862601511	0.412008668447828	0.31802249992779	0.23029161802505832	0.0	0.11051028955330319	0.2174529394352887	0.3174021912461411	0.40721016695760587	0.4841313529792003	0.5459304242175446	0.5909689686351178	0.618267565545663	0.6275407124995279	0.6192032413874576	0.5943480651838111
1.0	0.9909195178308273	0.9640002555295812	0.9201964185405748	0.8610576776110139	0.7886698414625947	0.7055750898068064	0.6146748997082031	0.5191194745318483	0.42218800902207143	0.32716447569341484	0.23721378287700726	0.0	0.11054846513749138	0.2177549184256213	0.318402322337079	0.4095187266210465	0.48848785133980477	0.5531458493235891	0.6018605051526165	0.6335898234341903	0.6479177747620877	0.6450658706060309	0.6258801922948151
1.0	0.9907064647381382	0.9631701155466174	0.9184099576730218	0.8580790172064635	0.7843983237020922	0.7000683148951728	0.6081612997562704	0.5119993888368332	0.4150228895188498	0.3206545440626133	0.23216514469668942	0.0	0.11052238398274059	0.21754857169727063	0.3177187069739421	0.407940075848721	0.48550706246174063	0.5482054004059866	0.5943965122263698	0.6230785545862338	0.6339217505290473	0.6272766527708503	0.6041550984726084
1.0	0.9905061202919573	0.9623902103073126	0.9167342518077113	0.8552915132915752	0.7804137487287338	0.6949536755640933	0.6021469006336526	0.5054783349855285	0.40853879149125766	0.3148778644473801	0.22785933090510946	0.0	0.1104975141155339	0.21735190285868772	0.3170676788001875	0.4064383890779549	0.48267579934667876	0.5435214217599733	0.5873357066528456	0.6131611819449826	0.6207569477092678	0.6106031665891901	0.5838754797998319
1.0	0.9903212261201498	0.9616710978342765	0.9151915601890653	0.8527311440360137	0.7767654532251391	0.6902908346525757	0.5966959468428537	0.4996169151782035	0.40278247708209713	0.3098559464749973	0.2242809449640612	0.0	0.11047424690209474	0.2171679920066196	0.31645935122432683	0.40503672303791133	0.48003685997310624	0.5391633164547927	0.5807801233031352	0.603976649559926	0.6086009020748739	0.5952599235548025	0.5652874164118932
1.0	0.9901543901567942	0.9610227802929847	0.9138028178316925	0.8504313702395424	0.7734985634186825	0.6861330091872662	0.5918634808044909	0.49446336523523304	0.3977849945959136	0.30559140128704015	0.22139313175341988	0.0	0.11045297446348216	0.21699992010966132	0.31590381241345	0.40375798538099256	0.47763254095037533	0.5351992125081495	0.5748290808972343	0.5956587991856124	0.5976224394616863	0.5814476623328875	0.5486165529066757
