0.6398428 0.1352617 0.72940737 1.1857933 -2.2823508 -0.6932116 -0.26418617 0.366702 -1.2328937 0.30218643 1.8099397 1.1126539 
0.67671853 -0.04937107 0.58547235 0.8997971 -2.2036715 -0.7730566 -0.14441915 0.24669182 -1.3444167 0.49899736 1.9657944 0.9205725 
0.7249341 0.04730601 0.6925572 1.0585729 -2.1292863 -0.65455323 0.08310069 0.47367528 -1.3320658 0.45241812 2.072134 0.9470226 
0.59474343 -0.07208918 0.5387942 1.0279146 -2.2078884 -0.7095714 0.10153983 0.4415784 -1.226802 0.45538425 2.0873647 1.0265453 
0.65101546 0.056204516 0.5772618 0.98337555 -2.095087 -0.87237936 0.09795735 0.41890377 -1.278056 0.4924969 2.0151227 0.92276144 
0.89512086 0.69434667 0.029988473 0.89785135 -1.7628576 -0.6356427 -0.17808773 -0.07510757 -0.7926454 -0.40250573 2.135146 1.1937119 
1.0844282 0.6504056 0.3200744 1.1417687 -1.6263723 -0.49565288 0.08217036 -0.12520987 -0.87486666 -0.5106849 1.8975661 1.3171954 
0.93799955 0.620462 0.30433792 1.1187603 -1.5642568 -1.0337163 -0.09823997 -0.3132125 -1.0205129 -0.5580219 1.8126938 1.33617 
1.0250702 0.49919403 0.24743159 1.2583126 -1.6756583 -0.61251247 0.008930495 -0.1458587 -1.0028778 -0.5887892 1.9228109 1.3542489 
1.0328664 0.5483128 0.40336874 1.2203243 -1.5990723 -0.7149434 0.04898247 -0.2544893 -0.94515204 -0.59016967 1.8470912 1.343173 
0.45540446 0.18425862 -0.48158222 0.3886812 -1.9129844 -0.64272535 0.13743648 -0.09289792 -0.7216644 -0.6403271 1.4271683 1.787962 
0.38723406 -0.2033089 -0.2343753 0.36110598 -1.7650858 -0.6138621 0.07801818 -0.08083235 -0.5256759 -0.9362657 1.5268533 1.8667845 
0.4248935 -0.19811392 -0.4324361 0.5992219 -1.8910843 -0.3393293 -0.2913471 -0.15117009 -0.62897277 -0.71509624 1.5147756 1.909901 
0.4398651 0.004920965 -0.34722126 0.47307125 -1.7714561 -0.5727399 -0.057157446 -0.091252655 -0.37868387 -0.59749585 1.4981987 1.9737272 
0.25037545 -0.10141092 -0.5459746 0.5692147 -1.8375665 -0.45408064 -0.10387024 -0.05757051 -0.4425508 -0.7219978 1.4934602 2.0459216 
-0.16313712 0.25999534 -0.17286047 0.063233376 -1.545048 -1.093995 -0.79516524 -0.6822566 -0.60300523 -0.5713565 0.9672036 1.6918947 
-0.53014743 0.26957273 -0.43509674 -0.034263212 -1.6809546 -1.1981105 -0.3181218 -1.0027449 -0.70139945 -0.38588694 1.0665274 1.6317552 
-0.5948646 0.4277302 -0.12066962 -0.19763751 -1.2831962 -1.5345733 -0.3343468 -0.499077 -0.85987717 -1.0282565 0.8973651 1.3066403 
-0.4385857 0.28092688 -0.3310752 0.1609741 -1.82281 -0.98108774 -0.55579793 -0.9694757 -0.6391184 -0.53189206 1.157475 1.5663123 
-0.3486675 0.31073916 -0.57028055 0.10039016 -1.6480227 -1.2209314 -0.5268762 -0.944627 -0.91284776 -0.4528952 1.0120758 1.5749944 
0.26464188 0.70256025 -0.055524528 -0.7826869 -1.4066768 -0.6447165 -0.66628283 -1.108714 -1.0713378 -0.59403336 0.6308979 1.821896 
0.21113683 0.29454142 -0.03468623 -0.9199171 -1.3148496 -0.6073652 -0.6733486 -1.1425241 -1.1893554 -0.5866716 0.60605437 1.8647953 
0.18704937 0.41420582 -0.018190067 -0.8785015 -1.4667239 -0.37998864 -0.8333639 -1.3106322 -1.1657255 -0.5921136 0.72105 1.7404761 
0.25617272 0.43817475 -0.11809487 -0.9754646 -1.2122192 -0.557768 -0.6508525 -1.2850047 -1.2659876 -0.6577011 0.6040314 1.7436109 
0.16019055 0.30383903 0.069688655 -0.9744268 -1.4433537 -0.37901354 -0.6541006 -1.1846732 -1.2372607 -0.45906723 0.3891031 1.9201899 
0.41064885 1.1163702 0.26791003 -0.8443353 -0.98198473 -0.5114703 -0.47044745 -0.9481921 -0.574654 0.14138432 0.407541 2.4485767 
0.42576844 1.0869254 0.4202512 -1.0112047 -0.7729006 -0.7340965 -0.29051083 -1.2535101 -0.751503 0.44872332 0.6807507 2.2461205 
0.4274787 1.0544443 0.4342719 -0.95668113 -0.762696 -0.7340771 -0.19721046 -1.1236544 -0.6189823 0.23477499 0.5934617 2.387649 
0.7236066 1.1276612 0.41627967 -0.88698703 -0.7894942 -0.6068394 -0.12365632 -1.1474676 -0.5700411 0.26315615 0.75261027 2.3837173 
0.43686542 1.0003419 0.42935592 -1.0664465 -0.9436498 -0.5735176 0.010073283 -1.056994 -0.7434563 0.11246044 0.43979895 2.4890416 
-0.019433878 1.3155282 0.046918985 -1.6694969 -1.0213176 -0.4095711 -0.462527 -0.35085818 -0.72136086 0.8424423 0.6955688 2.1579027 
-0.13078587 1.6277361 -0.24637511 -1.5289996 -1.1607882 -0.36953813 -0.29696208 -0.58846813 -0.93137145 0.96854675 0.68620324 1.9657625 
-0.21382205 1.5221884 -0.3257915 -1.566263 -1.0487595 -0.2422851 0.009193076 -0.42989302 -0.841289 0.8230391 0.47245368 2.199169 
-0.15718491 1.6554018 -0.08920525 -1.6844096 -0.8114834 -0.2203567 -0.2519921 -0.5337983 -0.88288784 0.88936806 0.5438872 2.1041706 
-0.24200636 1.6160517 -0.10738703 -1.4814063 -1.0598167 -0.44618794 -0.084129095 -0.41004953 -0.8001436 1.0835662 0.4989716 2.0752575 
-0.18844874 1.661606 0.6680985 -1.3304787 -1.5891947 0.24681921 -0.17615074 0.09530633 -0.42838535 0.7997916 0.5881091 1.8345528 
-0.33843017 1.6417731 0.954996 -1.5121281 -1.5241122 0.15957205 -0.075911865 -0.003926305 -0.7057416 0.9929876 0.6980229 1.5404993 
-0.32282966 1.7179903 0.8745438 -1.4369632 -1.6495979 0.26763862 -0.040812466 -0.04415698 -0.6758676 0.80891967 0.6549785 1.462316 
-0.37044126 1.9091142 0.89049566 -1.3872348 -1.5903952 0.17623527 -0.08826455 0.05619602 -0.7170643 0.8522108 0.5311016 1.5098101 
-0.2283556 1.6992342 0.93103296 -1.465031 -1.5847497 0.15230893 -0.15706018 -0.12967782 -0.75733113 0.9981639 0.6004233 1.529217 
-1.1034663 1.602932 0.6170009 -0.9923317 -1.0185082 0.4307143 -0.673873 0.117883734 0.00904509 1.1264906 1.1312844 1.4450182 
-1.0803504 1.3647445 0.6817673 -0.9164887 -1.1152347 0.6216869 -0.8465175 0.10805836 -0.18446276 1.441595 0.93860084 1.5043447 
-1.1051515 1.3891649 0.6698766 -1.0102223 -1.0688779 0.5800204 -0.73731524 0.22997722 -0.19378097 1.3523697 1.0329492 1.4379358 
-1.0656741 1.3842216 0.62272376 -0.74730754 -1.3008283 0.5863087 -1.0052269 0.031424176 -0.04202807 1.2287412 1.001002 1.4488779 
-1.0482069 1.4211736 0.83044183 -0.78752434 -1.0854529 0.5816948 -0.8797046 0.10952238 -0.104942665 1.4113659 0.9718659 1.4780011 
-0.955712 1.7789867 0.2840708 -0.9163597 -0.7603608 1.3360995 -0.4661615 0.17837958 0.14034063 0.36124864 1.563847 1.3545494 
-1.0263034 1.8775266 0.21555264 -1.0558313 -0.5329307 1.4441848 -0.5202966 0.35169253 0.054796167 0.3552233 1.5250118 1.4233569 
-0.8292789 1.9731853 0.3264932 -0.90964204 -0.21097328 1.3243498 -0.5264214 -0.103517234 0.11032453 0.415206 1.5119272 1.4785376 
-0.8000796 1.9017467 0.36322972 -1.0370437 -0.4945073 1.4670805 -0.3495096 0.114917085 0.041850027 0.27157408 1.5873615 1.2621498 
-0.7583596 1.9717875 0.47863075 -0.87219185 -0.30176315 1.4243042 -0.45069277 -0.1003546 0.17307504 0.47417524 1.5001507 1.5580572 
-0.8287962 0.82902026 0.48013467 -0.97849774 -0.5980871 1.1081731 0.3225085 0.29124573 0.16743548 0.5620381 2.3833323 1.1546592 
-0.79117996 0.7507504 0.21529454 -0.9098908 -0.6117592 1.2803577 0.27503097 0.23595983 -0.059919 0.7207407 2.8103163 1.0565995 
-0.7757338 0.73202443 0.17126583 -0.94759923 -0.78136516 1.5071967 0.29094902 0.24272095 -0.13014792 0.5956421 2.6560125 0.93707025 
-0.75469816 0.62100464 0.32441902 -0.8307707 -0.70867294 1.5164788 0.15051913 0.3643164 -0.04057379 0.6834754 2.7912476 1.1207044 
-0.8264851 0.6670605 0.26920223 -0.8906238 -0.67615235 1.3921028 0.29770207 -0.014653964 -0.09559099 0.6324554 2.6911209 1.0523318 
-1.5972404 -0.27593023 0.8433266 -1.1742259 -0.22870457 1.2526201 0.17776898 -0.04619367 -0.060161065 0.16244687 1.7368919 1.6892407 
-1.8593191 -0.38281578 0.5813135 -1.2873088 -0.057003736 1.2021511 0.30570388 0.30392134 -0.108414695 0.23796242 1.7335813 1.9354643 
-1.9081317 -0.44581458 0.5219466 -1.153358 -0.15223828 1.1731951 0.35684997 0.28485277 -0.08424744 0.22650576 1.6181816 1.9567218 
-2.0438864 -0.45558202 0.5346362 -1.1978444 -0.22632717 1.1865144 0.32648718 0.32437733 -0.10231639 0.21634482 1.7776873 1.9429061 
-1.9415836 -0.51908165 0.47213385 -1.0633248 -0.28154448 1.2237868 0.31527856 0.2704257 -0.036029365 0.24689211 1.7787802 1.9933195 
-1.3136657 0.13675065 1.6976349 -0.03225375 -0.26107588 1.2107037 0.5468914 -0.25730026 0.053513635 -0.51052916 1.3213129 1.7318553 
-1.0865848 0.1666784 1.7920117 -0.070616364 0.06626642 1.4930348 0.60822624 -0.5790277 -0.104098104 -0.7428505 1.4038454 2.1513686 
-1.1533394 0.16155921 1.7240508 -0.12658931 -0.059899554 1.4014182 0.6758174 -0.55185705 -0.10330525 -0.9095871 1.3580765 2.1535485 
-1.1388735 0.19444193 1.7693145 -0.1889273 0.090802155 1.4831777 0.8222885 -0.46492073 -0.24825047 -0.8128563 1.3014098 2.2074459 
-1.1330266 0.25759137 1.757756 -0.012920458 0.11741838 1.381417 0.62236625 -0.58036715 -0.052128144 -0.7784973 1.2678583 2.2770417 
-1.4132357 -0.06902667 2.026988 -0.23201577 -0.21482176 -0.073082246 1.2512589 -0.17939234 -0.7054934 -0.39233026 1.3062351 1.1395471 
-1.490053 -0.28754458 2.2253494 0.15805098 -0.37629595 -0.39491096 1.0583769 -0.21093608 -0.6336306 -0.14879045 1.378418 1.330229 
-1.7387725 -0.13838206 2.2404554 0.19229563 -0.32722828 -0.2629968 1.0439416 -0.28067124 -0.6222428 -0.029907621 1.4581417 1.2252132 
-1.6754582 0.011446826 2.0828464 0.17197362 -0.1815945 -0.5750497 0.9389588 -0.3530953 -0.49080175 -0.25548506 1.3872455 1.2878963 
-1.545959 -0.33417588 2.3258724 0.09827096 -0.40031746 -0.36837342 1.030574 -0.48041064 -0.74314857 0.016149832 1.5177994 1.2802324 
-1.6202445 0.25812617 1.7375321 -0.034760647 -0.8801058 0.0691624 0.7254652 -0.046200905 -1.2896369 -1.0819303 1.3374616 0.20386767 
-1.5316918 0.21356511 1.7446477 -0.32288063 -0.9752334 0.29720822 0.79340696 -0.13845186 -1.702869 -1.1747583 1.4589331 0.07880192 
-1.5170057 0.31651616 1.9103708 -0.2766088 -1.0463715 0.21364237 0.5528655 -0.20662366 -1.7483437 -1.1525626 1.3784815 0.039486904 
-1.5001804 0.4085476 1.7831382 -0.26891515 -0.9843174 0.3174044 0.89421815 -0.027603734 -1.7200973 -1.153672 1.3567247 0.044707984 
-1.4824716 0.4233001 1.9450419 -0.34223524 -0.9236804 0.27324376 0.673655 -0.25005668 -1.8057042 -1.1492352 1.3743817 0.028526913 
-1.79441 0.9663959 1.3176774 0.3280012 -0.5751173 -0.80603474 0.2958325 -0.28204677 -0.8489136 -1.3458384 0.86634535 0.7070143 
-1.7099284 0.85984325 2.0160034 0.34706065 -0.027188944 -1.0245985 0.094453216 -0.5445421 -0.9346785 -1.0818944 0.98509353 0.9923201 
-1.7993559 1.3245646 1.7517076 0.37324408 -0.11522164 -1.0216091 0.14658557 -0.53131837 -0.8863391 -1.0327265 1.0980642 0.7326931 
-1.8307778 1.245291 1.6174133 0.46343812 -0.19206166 -0.9325086 0.24261855 -0.41732174 -0.76878405 -1.1143918 1.162169 0.76497763 
-1.7237234 1.3096594 1.7363523 0.47360396 -0.17065771 -0.9588769 0.2495614 -0.5715783 -0.8827637 -1.0628216 1.0296121 0.8062867 
-1.4321377 0.43675283 0.43446404 -0.31306633 -0.75642395 -1.2775297 -0.107039705 0.18821563 -0.83075255 -1.4773453 0.90889823 0.99011755 
-1.2707944 0.31472865 0.40028808 -0.536242 -0.70470446 -1.6291956 -0.18199599 0.11751236 -1.1249645 -1.521023 1.205192 1.0362061 
-1.3828154 0.3812017 0.36199075 -0.57856077 -0.68443674 -1.6664647 -0.23379032 -0.008750137 -1.0455391 -1.4154879 1.2235792 1.0056709 
-1.3853424 0.37006605 0.35787636 -0.5737266 -0.8358134 -1.5830406 -0.15448783 0.050946526 -1.0458369 -1.4286914 1.1651204 0.9766473 
-1.2079479 0.49781078 0.15937865 -0.34071887 -0.9327502 -1.6152474 -0.2773844 0.03254224 -0.9132183 -1.4857345 1.1074045 1.0773411 
-1.2976675 0.46376172 0.52495587 0.0068343794 -0.4366436 -1.6193435 0.13812737 1.337535 -1.3867775 -0.6752664 0.10192517 1.2251236 
-1.8164223 0.41183913 0.16834818 -0.1625574 -0.63427585 -1.6632102 0.06794827 1.4805007 -1.4799293 -0.36221024 0.07489969 1.4734888 
-1.746655 0.41271958 0.11470894 -0.12871696 -0.6841101 -1.5666265 0.05806794 1.5510131 -1.5083721 -0.32181734 0.07422632 1.3500465 
-1.7608957 0.4029704 0.21588069 -0.018826634 -0.5352538 -1.6880052 0.0151619585 1.4216807 -1.5309925 -0.41147557 -0.045452084 1.497777 
-1.8799517 0.31541687 0.17199542 -0.031678222 -0.7583199 -1.5082723 -0.06923553 1.6103293 -1.5204836 -0.44676825 0.019923087 1.4555568 
-0.47948688 0.6382555 0.48112014 -0.08196306 0.5021013 -1.0903916 0.21139202 1.6823721 -1.0603107 -1.0500853 0.42110094 1.7707841 
-0.7406802 0.9896649 0.2674127 -0.181261 0.62763476 -0.7845365 0.5544516 1.7546923 -0.96448696 -1.2298219 0.5135742 1.9656389 
-0.7351786 1.047102 0.2164422 -0.25541377 0.7655207 -0.78559756 0.6251083 1.6861978 -0.98909754 -1.1506978 0.5267141 2.0147696 
-0.54430956 0.9727797 0.38886583 -0.25125173 0.5911123 -0.80972797 0.47543526 1.661128 -1.1505646 -1.325959 0.2837456 2.1067324 
-0.76491207 1.0017443 0.14929532 -0.2551017 0.77899504 -0.8567098 0.4664097 1.6341215 -0.98741716 -1.1424512 0.4997186 1.9581813 
-0.31717432 0.38421828 0.6650497 0.20264155 0.2803787 -0.19661017 -0.69081384 2.1224499 -0.9450091 -0.8539921 1.2220771 1.0623734 
-0.54407173 0.2049237 0.8411487 0.26068246 0.27249905 -0.14765935 -0.81553507 2.3771095 -0.85495543 -0.73165524 1.5346297 1.3022059 
-0.33781213 0.22647806 0.9559634 0.039634794 0.17469005 -0.3195028 -0.73688453 2.3369515 -0.7964437 -0.66710997 1.5737705 1.3038546 
-0.47273836 0.27356815 0.90963316 0.18307453 0.17540734 -0.29273722 -0.78085995 2.3534575 -0.7513541 -0.76132375 1.5717186 1.260726 
-0.37673447 0.39416203 0.866251 0.2260709 0.20853406 -0.22208336 -0.86721414 2.304795 -0.75452286 -0.79921174 1.5154514 1.3048984 
-0.06522617 0.25796658 0.6224855 -0.23991053 0.80059516 0.10309992 -1.0155443 1.5790498 -1.7116596 -0.6491982 0.7406539 0.9044334 
-0.17554574 0.6941515 1.1516092 -0.58240455 0.63006 0.3941009 -1.3870721 1.5476103 -1.78185 -0.6793719 0.3415575 1.1522974 
-0.22001365 0.62529224 1.3537768 -0.69331765 0.4704281 0.90789264 -1.6633894 1.3597856 -1.7731979 -0.93146235 0.19375159 1.5824834 
-0.29036406 0.10005868 1.2905965 -0.80833596 0.16844761 1.0438464 -1.844145 1.079809 -1.8844686 -1.0418212 0.10697161 1.8670131 
-0.06262402 -0.3543027 1.3368542 -0.7842037 -0.027167406 0.9698782 -1.5678388 0.9739181 -2.0176446 -1.4447044 0.37023845 1.9087878 
-0.08098469 -0.75152594 0.6947653 -0.48070893 0.033018485 0.8538154 -1.5071776 1.1237396 -2.0731137 -1.5168078 0.57461107 1.848519 
0.077211134 -0.8329768 0.53393465 -0.23397994 0.2245543 0.27380705 -1.4215214 1.3456489 -2.2660718 -1.4220229 0.80062294 1.5639359 
-0.10532559 -0.3694211 0.4380226 -0.31573194 0.5473275 0.15196371 -1.201754 1.5743232 -2.2584596 -1.1928707 0.832612 1.086361 
0.38924333 0.4290854 0.2790545 -0.030424917 1.0314583 0.28723562 -0.838853 1.1940022 -1.7938043 0.022503385 0.9119665 0.7363794 
0.6139243 0.54070956 0.077720605 -0.14671864 0.6151959 0.350998 -0.6112281 1.5640378 -2.0736382 0.5951242 0.67512 0.98003644 
0.7038983 0.7193052 -0.21903063 -0.37428787 -0.07988343 0.5230996 -0.3734493 1.6741248 -2.4412048 0.7032125 0.7574167 0.8085238 
1.0121665 0.92232764 -0.23585728 -0.87635374 -0.21247815 0.25678748 -0.08813006 1.3366976 -2.848555 0.45264393 0.9749076 0.5860399 
1.0178791 1.1488333 -0.2850734 -0.9860367 -0.08083865 0.6159058 -0.025033548 1.0815442 -2.7047975 0.035504635 1.4903698 0.33010978 
1.1018349 1.0960152 0.29259986 -0.89054227 0.25289994 0.57816833 -0.026814518 0.76625615 -2.5998576 0.044303697 1.7373496 0.1663711 
0.94501704 0.9639143 0.46230465 -0.48485944 0.94102305 0.74236447 -0.17794676 0.82520056 -2.3677318 -0.45763388 1.712211 0.32381237 
0.8078827 0.79464537 0.598807 -0.18917067 1.1562095 0.6188082 -0.4233801 0.97364616 -2.0479164 -0.4114949 1.3587114 0.5252371 
0.22736548 0.44299912 0.042004272 0.37323678 1.1632969 0.0047881873 -1.3051178 0.5847247 -1.8698694 0.14037596 1.0211041 0.7468811 
0.047871135 0.7737401 -0.5024243 -0.014689312 1.23603 -0.24956763 -1.7438716 0.49940175 -1.7900252 0.2280994 1.2418672 0.9877079 
-0.15683864 1.2265989 -0.74585235 -0.18919578 1.0930206 -0.6078157 -2.1041772 0.5152198 -1.8320173 0.28792238 1.2631993 1.1909107 
-0.31609762 1.8883686 -0.58172935 0.15980853 1.0075899 -0.59727305 -2.2719214 0.28226668 -1.6594163 0.37373406 1.0250629 1.3807715 
-0.33406964 2.236272 0.056671087 0.6073072 0.8409383 -0.48281166 -2.2940702 0.20964195 -1.6348132 0.36511174 0.9071407 1.2034847 
0.22237627 2.093042 0.18376689 0.97603136 0.5167525 -0.14667632 -1.9997853 0.21148744 -1.8453232 0.2794132 0.7926152 0.96669966 
0.19830185 1.4960986 0.40061772 0.977312 0.43200555 -0.07020536 -1.8834455 0.3936424 -2.0952418 0.34663135 0.80087805 0.5760366 
0.30146262 0.86374617 0.335758 1.0151632 0.77456665 -0.077408135 -1.7662466 0.5624587 -2.2662094 0.14544328 0.8659773 0.6367175 
-0.048839718 0.023368023 0.04448902 0.7159798 1.34788 0.30332035 -0.9245922 -0.08587345 -1.5256066 0.3847532 1.3496403 0.77012575 
0.3569066 0.00073108013 0.009614427 0.97431153 1.2658968 0.5062096 -1.1693197 -0.22950129 -1.2300683 0.6385795 1.8532928 1.3408896 
0.60836136 -0.20464744 0.16113703 0.9569971 1.2634718 0.3921714 -1.0270449 -0.14367805 -1.1107526 0.87103 2.1175582 1.8471534 
0.5495011 -0.38176233 0.63438743 0.8022478 1.1953986 0.074303225 -0.94366425 -0.14151502 -0.89072037 1.2049828 2.1978753 2.050805 
0.58156013 -0.6140506 0.9728521 0.36468506 0.92854106 -0.1660529 -1.0845551 -0.4697703 -1.2969341 1.4309068 2.0479758 1.8583379 
0.10890983 -0.43409213 1.0981829 0.13102011 1.3418722 -0.48806196 -0.955675 -0.6241592 -1.5607761 1.366357 1.6987387 1.5540959 
-0.02180458 -0.25420842 1.0322262 -0.06130771 1.512271 -0.26311964 -0.90267473 -0.70802945 -1.8737164 1.0820577 1.6314766 0.9826455 
-0.10739205 -0.20347929 0.65998495 0.08695531 1.4379547 0.15522689 -0.9510272 -0.3976649 -1.8641125 0.75153035 1.4050572 0.6948711 
-0.87217313 -0.122657515 -0.18457639 1.1588318 1.1223227 0.23330042 -0.4944639 -0.12426883 -1.6924598 0.5145731 1.2826332 0.62877804 
-1.413039 -0.41332713 -0.28846076 1.3551732 0.7677237 0.3006112 -1.0258478 -0.16257118 -1.6007296 0.3478641 1.2271843 0.7764493 
-1.6257412 -0.6739354 -0.46608004 1.3595057 0.21631771 0.41640124 -1.3228376 -0.053758547 -1.5817775 0.37277317 1.5661764 0.70196646 
-1.8090689 -0.6128542 -0.5567356 1.361311 -0.15972924 0.18103163 -1.2123519 0.025104288 -1.4516944 0.4168371 2.1981666 0.5484182 
-2.0231252 -0.5275293 -0.62243664 1.228113 -0.09963871 -0.1543071 -0.7246511 0.20372942 -1.6685225 0.5972553 2.5938525 0.24006481 
-1.6306562 -0.15188871 -0.68543005 1.2700373 0.20572379 -0.2583115 -0.34480575 0.4806523 -1.7644936 0.63724154 2.6779537 0.09499218 
-1.3624084 0.042828523 -0.38449588 1.1397965 0.72045225 -0.22624867 -0.11761386 0.41465038 -1.8951821 0.74228436 2.5407271 -0.06813263 
-1.2003758 -0.03960647 -0.29896384 1.1359868 1.2093971 -0.042618424 -0.16346224 0.29045063 -1.8354045 0.7242056 1.9435241 0.36978233 
-0.792294 -0.0744146 -0.31065032 1.3716501 0.96711934 0.22949858 0.10807256 -0.6208421 -2.1084886 0.14838341 0.88623244 0.8011165 
-0.6660744 0.0749241 -0.23705152 1.5790598 1.0823071 0.47628674 0.28199348 -0.80099607 -2.1837704 -0.5334363 1.1317174 0.9287804 
-0.5509813 -0.08912317 -0.36056304 1.4143685 1.047207 0.555061 0.43768513 -0.9122354 -2.1407995 -1.1979525 1.4020681 1.175829 
-0.4655675 -0.5270676 -0.35877612 1.1498139 1.0095555 0.39370438 0.8119969 -0.8904456 -2.1539137 -1.2416648 1.4188697 1.5624052 
-0.5740361 -0.88733745 -0.58055925 0.9571521 1.0324476 -0.0748417 1.1557684 -0.6003776 -2.28458 -1.0349956 1.5732782 1.776454 
-0.40129843 -0.8432604 -0.7005882 0.8259195 0.81082815 -0.41199622 1.1787212 -0.73674554 -2.629034 -0.63277674 1.6655883 1.4802058 
-0.4203076 -0.5694788 -0.847718 1.0354501 0.7327073 -0.60166734 0.8205309 -0.6374906 -2.670655 -0.17641784 1.2567297 1.252212 
-0.45088902 -0.19716649 -0.78598624 1.2566314 0.85417134 -0.36730027 0.34891376 -0.6302137 -2.541843 0.11095803 1.1050829 0.9683603 
-0.8392601 0.45649385 -0.6221993 1.0408779 0.32825077 0.6840856 0.36947164 -0.91881394 -1.8531407 0.70335984 0.59361035 0.8386435 
-1.0438368 0.77002364 -1.2951708 0.67654324 0.6178294 0.9468688 0.32152605 -1.2132196 -1.9558846 0.5579578 0.8316651 1.2129287 
-1.502691 1.0045493 -1.3202792 0.22014225 0.75106436 1.1702116 0.34219477 -1.3137043 -1.9298443 0.2775565 0.61022985 1.4733924 
-2.1166923 1.1193397 -1.0508527 -0.17945011 0.5871411 0.86921203 0.27679464 -1.1458511 -2.2149484 0.12176237 0.24614856 1.2649956 
-2.3110406 0.9973708 -0.69833463 -0.57896763 0.46816343 0.66781175 0.36804146 -1.1856277 -2.5466328 0.5058557 0.013183978 1.2342678 
-2.1602952 0.8528391 -0.53814375 -0.40720558 0.2122763 0.19863364 0.5190351 -1.2701516 -2.8142009 0.75461453 0.20995878 0.87273467 
-1.7596315 0.4938161 -0.2905968 0.13966794 -0.0744639 0.17369485 0.51952595 -1.2501152 -2.7368777 1.120718 0.1707736 0.7633415 
-1.3126688 0.46387824 -0.34446442 0.5952137 0.009711592 0.46044162 0.53650004 -1.1755968 -2.3091848 1.0705894 0.5193709 0.5520245 
-0.7495233 0.6508255 -0.38693708 1.4961182 -0.067473024 0.77377653 0.78248495 -0.43203765 -1.6852047 0.88192576 0.35457692 1.1401546 
-1.0709362 0.30635387 -0.52053934 1.7439015 -0.19307137 0.37715432 0.79095286 -0.18857527 -1.4726694 1.1098228 0.13830487 1.8320097 
-1.4047469 0.5880238 -0.5716946 1.6002333 -0.13776462 0.24851073 0.9459082 0.08736623 -1.0795778 1.366162 0.15234822 2.4356685 
-1.233265 1.0136429 -0.5444132 1.6905882 -0.39784595 0.15435849 1.0651363 0.19345093 -0.6422386 1.4231046 0.56710273 2.3552825 
-0.86048365 1.2897127 -0.28059787 1.601007 -0.081969574 0.076364204 1.3111919 0.20274846 -0.51731443 1.4117924 0.9069069 2.2080274 
-0.83107215 1.583183 -0.28215906 1.6752359 -0.07629626 0.32609016 1.6062276 0.14139207 -0.77216977 1.174162 1.0702676 1.6978669 
-0.4308381 1.5726607 -0.35156688 1.4262195 0.06395717 0.32310036 1.762701 -0.2272367 -1.2389402 1.0901858 0.9500773 1.3902804 
-0.5110999 1.3318951 -0.22480783 1.6227692 -0.018900776 0.50322664 1.5349864 -0.40488657 -1.574972 0.8146682 0.65311366 1.1870056 
-0.3671393 0.5819853 -0.2768743 1.1849555 -0.59677714 1.2909617 0.7542107 0.032491613 -1.9217602 0.6679001 0.010220587 1.2236947 
-0.63820267 0.96511805 -0.37405837 1.325067 -1.1490494 1.5161297 0.5375899 0.12045997 -1.9708304 -0.06111044 -0.14037065 1.1455916 
-0.74193597 1.2919501 -0.1404518 1.3378929 -1.3056155 1.3676482 0.50142646 0.2182531 -2.2065887 -0.41465226 -0.43818074 1.2366036 
-0.7298785 1.0545961 0.5136072 1.3621577 -1.4994562 1.3546046 0.033823743 0.13325906 -2.194595 -0.3898691 -0.68095976 1.4623289 
-0.2600754 0.951235 0.98988026 1.5245054 -1.250489 1.0987395 0.3020429 -0.13364594 -2.3829439 -0.35782617 -0.75425154 1.8072901 
-0.06229267 0.7726742 1.2054038 1.4360234 -1.0044258 1.1889716 0.23017158 -0.4412685 -2.2470374 0.22286978 -0.66678685 1.8893797 
-0.035495773 0.5048589 0.8966695 1.3482262 -0.78863275 1.5450009 0.2292732 -0.66253465 -2.1063359 0.6265051 -0.39002717 1.8585805 
-0.106911995 0.65793097 0.39327008 1.2208914 -0.6214769 1.7064803 0.4981909 -0.54382807 -1.9480937 0.9033249 -0.050297022 1.5557768 
-0.44095564 0.04270485 -0.0928305 0.67333865 -0.5699058 1.296096 0.8855684 0.84790325 -2.1554747 0.9914636 0.04500164 1.1024387 
-0.46363288 0.47220084 0.016578762 0.49677223 -0.53039193 1.0990199 0.4598964 1.1456152 -2.5911214 1.322111 0.023272282 0.7019739 
0.087912224 0.7576223 -0.059473574 0.30675215 -0.4827452 0.8388608 0.18777458 1.2284168 -2.7563698 1.3982534 0.21132864 0.6986214 
0.60704625 0.82600915 -0.19769633 0.021298025 -0.2971195 0.85143286 -0.13747391 1.594323 -2.3993843 1.0819228 0.39199182 1.0714073 
0.63653016 0.437811 -0.6222834 -0.04961378 -0.42730656 1.1686941 -0.060465556 1.6673758 -2.1422563 1.0658169 0.5374602 1.5963272 
0.72163814 0.10026094 -0.6414455 -0.050988413 -0.58922964 1.4611272 0.40836343 1.4193268 -2.0617218 0.9540971 0.5273348 1.8974143 
0.30663687 -0.16418704 -0.6199291 -0.011403915 -0.5968283 1.3881581 0.99112946 1.0928714 -2.049605 0.839055 0.27821827 1.8610604 
-0.22107574 -0.14349551 -0.40587062 0.24097478 -0.70074505 1.3890743 1.1499689 0.8916434 -2.0784035 0.9291222 0.15094349 1.4978373 