0.7300955455820457	0.4665881816230896	0.6719608189245173	0.8246385223603827	0.6643629993066561	0.6428204308548744	0.7470270493083186	0.7209354674077125	0.7913178926007873	0.377440566904003	0.4154613207156104	0.4154613207156104
0.3224729315441689	0.3545832729342397	0.319395162778338	0.49922930152516143	0.4187918258658006	0.23809196152630951	0.3238942583974737	0.32766650130807967	0.37055197261544914	0.377440566904003	0.4154613207156104	0.4154613207156104
0.2413121975594711	0.31860828296844085	0.296276581594661	0.3766373008891565	0.0	0.23809196152630951	0.3238942583974737	0.32766650130807967	0.37055197261544914	0.377440566904003	0.4154613207156104	0.4154613207156104
0.3224729315441689	0.3545832729342397	0.319395162778338	0.49922930152516143	0.4187918258658006	0.23809196152630951	0.3238942583974737	0.32766650130807967	0.37055197261544914	0.377440566904003	0.4154613207156104	0.4154613207156104
0.3224729315441689	0.3545832729342397	0.319395162778338	0.49922930152516143	0.4187918258658006	0.23809196152630951	0.3238942583974737	0.32766650130807967	0.37055197261544914	0.377440566904003	0.4154613207156104	0.4154613207156104
0.8963439711324649	0.9711582383951378	0.8937213805820736	0.5405465351318316	0.6327769211296679	0.6235782777597613	0.7269098784501923	0.765649451007074	0.8537894515449779	0.934198444521401	0.4154613207156104	0.4154613207156104
0.3181671633948701	0.3037796073361834	0.31709772681298887	0.47644924231850977	0.4085855659258078	0.23809196152630951	0.3238942583974737	0.32766650130807967	0.37055197261544914	0.377440566904003	0.4154613207156104	0.4154613207156104
0.3181671633948701	0.3037796073361834	0.31709772681298887	0.47644924231850977	0.4085855659258078	0.23809196152630951	0.3238942583974737	0.32766650130807967	0.37055197261544914	0.377440566904003	0.4154613207156104	0.4154613207156104
0.3181671633948701	0.3037796073361834	0.31709772681298887	0.47644924231850977	0.4085855659258078	0.23809196152630951	0.3238942583974737	0.32766650130807967	0.37055197261544914	0.377440566904003	0.4154613207156104	0.4154613207156104
0.3181671633948701	0.3037796073361834	0.31709772681298887	0.47644924231850977	0.4085855659258078	0.23809196152630951	0.3238942583974737	0.32766650130807967	0.37055197261544914	0.377440566904003	0.4154613207156104	0.4154613207156104
0.843210464234964	0.9687086097962218	0.8494188515108494	0.5395270151435542	0.6316385888486171	0.6228848099623406	0.7261848741465415	0.698721140755263	0.835954893882583	0.8975830590498967	0.4154613207156104	0.4154613207156104
0.30533518420980793	0.2777548314890776	0.31612941886391294	0.4622386819304654	0.38372721560213235	0.23809196152630951	0.3238942583974737	0.32766650130807967	0.37055197261544914	0.377440566904003	0.4154613207156104	0.4154613207156104
0.30533518420980793	0.2777548314890776	0.31612941886391294	0.4622386819304654	0.38372721560213235	0.23809196152630951	0.3238942583974737	0.32766650130807967	0.37055197261544914	0.377440566904003	0.4154613207156104	0.4154613207156104
0.30533518420980793	0.2777548314890776	0.31612941886391294	0.4622386819304654	0.38372721560213235	0.23809196152630951	0.3238942583974737	0.32766650130807967	0.37055197261544914	0.377440566904003	0.4154613207156104	0.4154613207156104
0.30533518420980793	0.2777548314890776	0.31612941886391294	0.4622386819304654	0.38372721560213235	0.23809196152630951	0.3238942583974737	0.32766650130807967	0.37055197261544914	0.377440566904003	0.4154613207156104	0.4154613207156104
0.7958182639349456	0.8733256037834418	0.8056909350294882	0.5353913296721299	0.627021020313203	0.6200717915145777	0.6581399557904171	0.690801030796277	0.8123606883477358	0.8345944063794206	0.4154613207156104	0.4154613207156104
0.2951160717251525	0.2813960845400815	0.3146149101789031	0.4496050343338309	0.35339192877077136	0.23809196152630951	0.3238942583974737	0.32766650130807967	0.37055197261544914	0.377440566904003	0.4154613207156104	0.4154613207156104
0.35058402320422244	0.3457747023814973	0.3439238735401881	0.4181033214140026	0.4186167831294899	0.3802429128031943	0.3238942583974737	0.32766650130807967	0.37055197261544914	0.377440566904003	0.4154613207156104	0.4154613207156104
0.2951160717251525	0.2813960845400815	0.3146149101789031	0.4496050343338309	0.35339192877077136	0.23809196152630951	0.3238942583974737	0.32766650130807967	0.37055197261544914	0.377440566904003	0.4154613207156104	0.4154613207156104
0.2951160717251525	0.2813960845400815	0.3146149101789031	0.4496050343338309	0.35339192877077136	0.23809196152630951	0.3238942583974737	0.32766650130807967	0.37055197261544914	0.377440566904003	0.4154613207156104	0.4154613207156104
0.7923647384030893	0.5727219939098037	0.7834281846424397	0.8103261681663412	0.6436099953293928	0.6301777618929002	0.7338094478219938	0.6851218935976121	0.8274888509881931	0.8744247367282969	0.4154613207156104	0.4154613207156104
0.307101821762952	0.3299194248983039	0.3173616189372494	0.4661005370701128	0.3648438248928492	0.23809196152630951	0.3238942583974737	0.32766650130807967	0.37055197261544914	0.377440566904003	0.4154613207156104	0.4154613207156104
0.307101821762952	0.3299194248983039	0.3173616189372494	0.4661005370701128	0.3648438248928492	0.23809196152630951	0.3238942583974737	0.32766650130807967	0.37055197261544914	0.377440566904003	0.4154613207156104	0.4154613207156104
0.23410996033603143	0.2729347902732298	0.296276581594661	0.3711663075476069	0.0	0.23809196152630951	0.3238942583974737	0.32766650130807967	0.37055197261544914	0.377440566904003	0.4154613207156104	0.4154613207156104
0.307101821762952	0.3299194248983039	0.3173616189372494	0.4661005370701128	0.3648438248928492	0.23809196152630951	0.3238942583974737	0.32766650130807967	0.37055197261544914	0.377440566904003	0.4154613207156104	0.4154613207156104
0.8777895668031848	0.9999999998776942	0.8793037604457853	0.5395270151435542	0.6316385888486171	0.6228848099623406	0.7261848741465415	0.6959344391793194	0.8582090238924103	0.9546629689275741	0.4154613207156104	0.4154613207156104
0.31215016422464237	0.2928399361110249	0.31652809603874654	0.46940269576909444	0.3963636935382361	0.23809196152630951	0.3238942583974737	0.32766650130807967	0.37055197261544914	0.377440566904003	0.4154613207156104	0.4154613207156104
0.31215016422464237	0.2928399361110249	0.31652809603874654	0.46940269576909444	0.3963636935382361	0.23809196152630951	0.3238942583974737	0.32766650130807967	0.37055197261544914	0.377440566904003	0.4154613207156104	0.4154613207156104
0.31215016422464237	0.2928399361110249	0.31652809603874654	0.46940269576909444	0.3963636935382361	0.23809196152630951	0.3238942583974737	0.32766650130807967	0.37055197261544914	0.377440566904003	0.4154613207156104	0.4154613207156104
0.31215016422464237	0.2928399361110249	0.31652809603874654	0.46940269576909444	0.3963636935382361	0.23809196152630951	0.3238942583974737	0.32766650130807967	0.37055197261544914	0.377440566904003	0.4154613207156104	0.4154613207156104
0.8944513691875001	0.9836665480753044	0.8926403882748685	0.5405465351318316	0.6327769211296679	0.6235782777597613	0.7269098784501923	0.7537927452634745	0.8531156229865271	0.9486169993217207	0.4154613207156104	0.4154613207156104
0.3172289190227871	0.30040153617760934	0.3170438257455218	0.4758182424641972	0.4077289553930837	0.23809196152630951	0.3238942583974737	0.32766650130807967	0.37055197261544914	0.377440566904003	0.4154613207156104	0.4154613207156104
0.3172289190227871	0.30040153617760934	0.3170438257455218	0.4758182424641972	0.4077289553930837	0.23809196152630951	0.3238942583974737	0.32766650130807967	0.37055197261544914	0.377440566904003	0.4154613207156104	0.4154613207156104
0.3172289190227871	0.30040153617760934	0.3170438257455218	0.4758182424641972	0.4077289553930837	0.23809196152630951	0.3238942583974737	0.32766650130807967	0.37055197261544914	0.377440566904003	0.4154613207156104	0.4154613207156104
0.3172289190227871	0.30040153617760934	0.3170438257455218	0.4758182424641972	0.4077289553930837	0.23809196152630951	0.3238942583974737	0.32766650130807967	0.37055197261544914	0.377440566904003	0.4154613207156104	0.4154613207156104
0.7106317531436548	0.48799969157106143	0.6595292338625975	0.8163772407667302	0.6625367687822208	0.6417079197261738	0.7458639164738248	0.6685205984946148	0.7965420468066573	0.377440566904003	0.4154613207156104	0.4154613207156104
0.23418848497392625	0.2936644812044297	0.296276581594661	0.36572238559206866	0.0	0.23809196152630951	0.3238942583974737	0.32766650130807967	0.37055197261544914	0.377440566904003	0.4154613207156104	0.4154613207156104
0.31483818602507313	0.33959959837453446	0.3184880175097948	0.49175045479366186	0.4060150590921085	0.23809196152630951	0.3238942583974737	0.32766650130807967	0.37055197261544914	0.377440566904003	0.4154613207156104	0.4154613207156104
0.31483818602507313	0.33959959837453446	0.3184880175097948	0.49175045479366186	0.4060150590921085	0.23809196152630951	0.3238942583974737	0.32766650130807967	0.37055197261544914	0.377440566904003	0.4154613207156104	0.4154613207156104
0.31483818602507313	0.33959959837453446	0.3184880175097948	0.49175045479366186	0.4060150590921085	0.23809196152630951	0.3238942583974737	0.32766650130807967	0.37055197261544914	0.377440566904003	0.4154613207156104	0.4154613207156104
0.8264089049567473	0.5428814059497544	0.7993848923280412	0.8277635670540215	0.6449701620728987	0.6310063715656081	0.7346757321743589	0.7406534382933102	0.8576325896296678	0.8784345531945043	0.4154613207156104	0.4154613207156104
0.31235958915898643	0.33683582895252495	0.3176333266282854	0.4793788131614661	0.3864388120335	0.23809196152630951	0.3238942583974737	0.32766650130807967	0.37055197261544914	0.377440566904003	0.4154613207156104	0.4154613207156104
0.247285422081062	0.3143697354122366	0.296276581594661	0.39499638077988225	0.0	0.23809196152630951	0.3238942583974737	0.32766650130807967	0.37055197261544914	0.377440566904003	0.4154613207156104	0.4154613207156104
0.31235958915898643	0.33683582895252495	0.3176333266282854	0.4793788131614661	0.3864388120335	0.23809196152630951	0.3238942583974737	0.32766650130807967	0.37055197261544914	0.377440566904003	0.4154613207156104	0.4154613207156104
0.31235958915898643	0.33683582895252495	0.3176333266282854	0.4793788131614661	0.3864388120335	0.23809196152630951	0.3238942583974737	0.32766650130807967	0.37055197261544914	0.377440566904003	0.4154613207156104	0.4154613207156104
0.7567513810806994	0.7348906922236302	0.7581913565337773	0.5395270151435542	0.6316385888486171	0.6228848099623406	0.7261848741465415	0.7191889019179701	0.8113176071046884	0.6280301739325808	0.4154613207156104	0.4154613207156104
0.2822706512099312	0.27846450562476055	0.3129326343534548	0.4523681783000005	0.3396226206752251	0.23809196152630951	0.3238942583974737	0.32766650130807967	0.37055197261544914	0.377440566904003	0.4154613207156104	0.4154613207156104
0.2822706512099312	0.27846450562476055	0.3129326343534548	0.4523681783000005	0.3396226206752251	0.23809196152630951	0.3238942583974737	0.32766650130807967	0.37055197261544914	0.377440566904003	0.4154613207156104	0.4154613207156104
0.2822706512099312	0.27846450562476055	0.3129326343534548	0.4523681783000005	0.3396226206752251	0.23809196152630951	0.3238942583974737	0.32766650130807967	0.37055197261544914	0.377440566904003	0.4154613207156104	0.4154613207156104
0.2822706512099312	0.27846450562476055	0.3129326343534548	0.4523681783000005	0.3396226206752251	0.23809196152630951	0.3238942583974737	0.32766650130807967	0.37055197261544914	0.377440566904003	0.4154613207156104	0.4154613207156104
0.602494544411046	0.7476112544354059	0.6488671584365298	0.5334965440611047	0.3142657096079186	0.42602665992828137	0.5203749444819791	0.5515953639405221	0.6674002433343138	0.702911603228031	0.4154613207156104	0.4154613207156104
0.4398238369267856	0.44763616041907733	0.45722631058142	0.24696465476525004	0.29199059171056563	0.41597198700385674	0.5098630527583254	0.5396149616093794	0.37055197261544914	0.377440566904003	0.4154613207156104	0.4154613207156104
0.4398238369267856	0.44763616041907733	0.45722631058142	0.24696465476525004	0.29199059171056563	0.41597198700385674	0.5098630527583254	0.5396149616093794	0.37055197261544914	0.377440566904003	0.4154613207156104	0.4154613207156104
0.4398238369267856	0.44763616041907733	0.45722631058142	0.24696465476525004	0.29199059171056563	0.41597198700385674	0.5098630527583254	0.5396149616093794	0.37055197261544914	0.377440566904003	0.4154613207156104	0.4154613207156104
0.4398238369267856	0.44763616041907733	0.45722631058142	0.24696465476525004	0.29199059171056563	0.41597198700385674	0.5098630527583254	0.5396149616093794	0.37055197261544914	0.377440566904003	0.4154613207156104	0.4154613207156104
0.5096273363837993	0.48339002538170245	0.5964345897449868	0.2649680340668672	0.31313023500380777	0.42885021241476423	0.52332689560097	0.554959695337928	0.6584794215669103	0.7121212253261813	0.4154613207156104	0.4154613207156104
0.40608962389557635	0.41941598146269304	0.4399261483633465	0.23223449653860156	0.28853988848564843	0.4138698222445067	0.507665302361721	0.5184348588594619	0.37055197261544914	0.377440566904003	0.4154613207156104	0.4154613207156104
0.40608962389557635	0.41941598146269304	0.4399261483633465	0.23223449653860156	0.28853988848564843	0.4138698222445067	0.507665302361721	0.5184348588594619	0.37055197261544914	0.377440566904003	0.4154613207156104	0.4154613207156104
0.40608962389557635	0.41941598146269304	0.4399261483633465	0.23223449653860156	0.28853988848564843	0.4138698222445067	0.507665302361721	0.5184348588594619	0.37055197261544914	0.377440566904003	0.4154613207156104	0.4154613207156104
0.40608962389557635	0.41941598146269304	0.4399261483633465	0.23223449653860156	0.28853988848564843	0.4138698222445067	0.507665302361721	0.5184348588594619	0.37055197261544914	0.377440566904003	0.4154613207156104	0.4154613207156104
0.448138083912447	0.4446861090251229	0.5050238600501167	0.254104735559507	0.3129584754977313	0.42874557277806447	0.5232174946881187	0.5268862124195816	0.6194805585676819	0.377440566904003	0.4154613207156104	0.4154613207156104
0.3980213457728875	0.39788251347463643	0.4356815744385298	0.23737843167037173	0.29428318490561045	0.4173686307610367	0.5113232090347605	0.5238495515912994	0.37055197261544914	0.377440566904003	0.4154613207156104	0.4154613207156104
0.3980213457728875	0.39788251347463643	0.4356815744385298	0.23737843167037173	0.29428318490561045	0.4173686307610367	0.5113232090347605	0.5238495515912994	0.37055197261544914	0.377440566904003	0.4154613207156104	0.4154613207156104
0.3980213457728875	0.39788251347463643	0.4356815744385298	0.23737843167037173	0.29428318490561045	0.4173686307610367	0.5113232090347605	0.5238495515912994	0.37055197261544914	0.377440566904003	0.4154613207156104	0.4154613207156104
0.3980213457728875	0.39788251347463643	0.4356815744385298	0.23737843167037173	0.29428318490561045	0.4173686307610367	0.5113232090347605	0.5238495515912994	0.37055197261544914	0.377440566904003	0.4154613207156104	0.4154613207156104
0.49454492692316865	0.49102409128420577	0.5854293640501316	0.24701428503210496	0.30161031231957414	0.4218322986765633	0.5159898537976229	0.5348405999218625	0.6410033857206031	0.6999440223657767	0.4154613207156104	0.4154613207156104
0.3912547744618363	0.3907365703417731	0.43165378948644434	0.2247318261126129	0.28016298761580344	0.40876663657441364	0.4921364598803198	0.5128924746243592	0.37055197261544914	0.377440566904003	0.4154613207156104	0.4154613207156104
0.3912547744618363	0.3907365703417731	0.43165378948644434	0.2247318261126129	0.28016298761580344	0.40876663657441364	0.4921364598803198	0.5128924746243592	0.37055197261544914	0.377440566904003	0.4154613207156104	0.4154613207156104
0.4462544149466434	0.46806081935239013	0.5039445681254167	0.23393415821856944	0.2904375900935512	0.4150259046883471	0.49855036997217506	0.5257882739852763	0.6249951023225969	0.377440566904003	0.4154613207156104	0.4154613207156104
0.3912547744618363	0.3907365703417732	0.43165378948644434	0.2247318261126129	0.28016298761580344	0.40876663657441364	0.4921364598803198	0.5128924746243592	0.37055197261544914	0.377440566904003	0.4154613207156104	0.4154613207156104
0.49347057355974694	0.49036507570693966	0.5847034503768399	0.25534954546653943	0.31434832708945015	0.42959227074390316	0.5241026965702267	0.5300378655847275	0.6331704057483165	0.693153423797287	0.4154613207156104	0.4154613207156104
0.39176360877462535	0.39169750222838706	0.43196717729404405	0.23086387594628982	0.28700954416437213	0.41293754592124454	0.5066906304054195	0.5114748481623823	0.37055197261544914	0.377440566904003	0.4154613207156104	0.4154613207156104
0.39176360877462535	0.39169750222838706	0.43196717729404405	0.23086387594628982	0.28700954416437213	0.41293754592124454	0.5066906304054195	0.5114748481623823	0.37055197261544914	0.377440566904003	0.4154613207156104	0.4154613207156104
0.39176360877462535	0.39169750222838706	0.43196717729404405	0.23086387594628982	0.28700954416437213	0.41293754592124454	0.5066906304054195	0.5114748481623823	0.37055197261544914	0.377440566904003	0.4154613207156104	0.4154613207156104
0.39176360877462535	0.39169750222838706	0.43196717729404405	0.23086387594628982	0.28700954416437213	0.41293754592124454	0.5066906304054195	0.5114748481623823	0.37055197261544914	0.377440566904003	0.4154613207156104	0.4154613207156104
0.49521777597495636	0.49553727049707236	0.5855813191628356	0.24470071852951877	0.3024586778711271	0.42234912085063964	0.5102047128224689	0.5358076611263137	0.6437732474145791	0.6990239670309905	0.4154613207156104	0.4154613207156104
0.44668954831411006	0.46998729835218234	0.504173261448394	0.23281880399291333	0.28919228446704964	0.4142672589501734	0.4987810326151768	0.5260478414473262	0.6222537153381296	0.377440566904003	0.4154613207156104	0.4154613207156104
0.3920227939306039	0.3945075508051652	0.43201978341499786	0.2236466378746544	0.27895134717325254	0.40802850663981816	0.4915833171426362	0.5111976826591768	0.37055197261544914	0.377440566904003	0.4154613207156104	0.4154613207156104
0.3920227939306039	0.3945075508051652	0.43201978341499786	0.2236466378746544	0.27895134717325254	0.40802850663981816	0.4915833171426362	0.5111976826591768	0.37055197261544914	0.377440566904003	0.4154613207156104	0.4154613207156104
0.3920227939306039	0.3945075508051652	0.43201978341499786	0.2236466378746544	0.27895134717325254	0.40802850663981816	0.4915833171426362	0.5111976826591768	0.37055197261544914	0.377440566904003	0.4154613207156104	0.4154613207156104
0.5266376498390064	0.5559772395585402	0.6084798261650606	0.28112883868155053	0.32881237873105096	0.43409479409001006	0.5288099538796003	0.534147175864395	0.639562985323013	0.6902061965932376	0.4154613207156104	0.4154613207156104
0.42412650148727876	0.4566578859715542	0.4485588156412537	0.2586544342675976	0.29634841782411725	0.41676008624689725	0.5106869895460372	0.5147786070146504	0.37055197261544914	0.377440566904003	0.4154613207156104	0.4154613207156104
0.42412650148727876	0.4566578859715542	0.4485588156412537	0.2586544342675976	0.29634841782411725	0.41676008624689725	0.5106869895460372	0.5147786070146504	0.37055197261544914	0.377440566904003	0.4154613207156104	0.4154613207156104
0.36177992255722685	0.40669742140750426	0.38462867312613197	0.23303104482564155	0.28790853142171835	0.41348519975043074	0.4864048274478678	0.32766650130807967	0.37055197261544914	0.377440566904003	0.4154613207156104	0.4154613207156104
0.5102023449016048	0.4518774971807162	0.5382067170266581	0.406156001067435	0.31556971425156405	0.4181811222610044	0.5097844812224614	0.5395254113452715	0.6144306351752421	0.377440566904003	0.4154613207156104	0.4154613207156104
0.5026893592022762	0.5021361033510515	0.5922654992393948	0.25503983743818104	0.3140025335997328	0.429381613661979	0.5238824586160619	0.5356115311763336	0.6438960400430903	0.7074757798606183	0.4154613207156104	0.4154613207156104
0.3975635918819492	0.40317743361853337	0.4351852958689194	0.2310997800936789	0.2872729315823315	0.4130980016109878	0.5068583804157893	0.5140814286112032	0.37055197261544914	0.377440566904003	0.4154613207156104	0.4154613207156104
0.3975635918819492	0.40317743361853337	0.4351852958689194	0.2310997800936789	0.2872729315823315	0.4130980016109878	0.5068583804157893	0.5140814286112032	0.37055197261544914	0.377440566904003	0.4154613207156104	0.4154613207156104
0.3975635918819492	0.40317743361853337	0.4351852958689194	0.2310997800936789	0.2872729315823315	0.4130980016109878	0.5068583804157893	0.5140814286112032	0.37055197261544914	0.377440566904003	0.4154613207156104	0.4154613207156104
0.3975635918819492	0.40317743361853337	0.4351852958689194	0.2310997800936789	0.2872729315823315	0.4130980016109878	0.5068583804157893	0.5140814286112032	0.37055197261544914	0.377440566904003	0.4154613207156104	0.4154613207156104
0.5109861577005846	0.5191962251315022	0.5980897837615846	0.25476270109494425	0.3136931025910778	0.42919310813258454	0.5236853809670966	0.5515882197481722	0.6433063963144927	0.7067741326919563	0.4154613207156104	0.4154613207156104
0.401140902767437	0.40974012699567985	0.4371614987251048	0.2313134206049083	0.28751148928687914	0.41324332487162274	0.5070103111430989	0.5159893070482083	0.37055197261544914	0.377440566904003	0.4154613207156104	0.4154613207156104
0.401140902767437	0.40974012699567985	0.4371614987251048	0.2313134206049083	0.28751148928687914	0.41324332487162274	0.5070103111430989	0.5159893070482083	0.37055197261544914	0.377440566904003	0.4154613207156104	0.4154613207156104
0.401140902767437	0.40974012699567985	0.4371614987251048	0.2313134206049083	0.28751148928687914	0.41324332487162274	0.5070103111430989	0.5159893070482083	0.37055197261544914	0.377440566904003	0.4154613207156104	0.4154613207156104
0.401140902767437	0.40974012699567985	0.4371614987251048	0.2313134206049083	0.28751148928687914	0.41324332487162274	0.5070103111430989	0.5159893070482083	0.37055197261544914	0.377440566904003	0.4154613207156104	0.4154613207156104
0.5724901894266969	0.6057394725455164	0.6331659649946777	0.41006655472181003	0.30988254348150157	0.4268717222021216	0.5212584332159215	0.55260225766232	0.6568963997620421	0.6980693571332061	0.4154613207156104	0.4154613207156104
0.42685357053536477	0.4547740185143378	0.451456717291042	0.2352542883249474	0.2919115536152012	0.4159238335299517	0.5098127153622277	0.5325487648860058	0.37055197261544914	0.377440566904003	0.4154613207156104	0.4154613207156104
0.42685357053536477	0.4547740185143378	0.451456717291042	0.2352542883249474	0.2919115536152012	0.4159238335299517	0.5098127153622277	0.5325487648860058	0.37055197261544914	0.377440566904003	0.4154613207156104	0.4154613207156104
0.42685357053536477	0.4547740185143378	0.451456717291042	0.2352542883249474	0.2919115536152012	0.4159238335299517	0.5098127153622277	0.5325487648860058	0.37055197261544914	0.377440566904003	0.4154613207156104	0.4154613207156104
0.42685357053536477	0.4547740185143378	0.451456717291042	0.2352542883249474	0.2919115536152012	0.4159238335299517	0.5098127153622277	0.5325487648860058	0.37055197261544914	0.377440566904003	0.4154613207156104	0.4154613207156104
0.5296157075715985	0.5109035025902434	0.4929070449752828	0.45425171180807467	0.5364268876432334	0.5062026091680025	0.5695768149456205	0.4915673083197788	0.37055197261544914	0.377440566904003	0.4154613207156104	0.4154613207156104
0.3700652063172727	0.3641607401854052	0.35699174695575536	0.4459422178510489	0.445922350799823	0.42502599732731117	0.3238942583974737	0.32766650130807967	0.37055197261544914	0.377440566904003	0.4154613207156104	0.4154613207156104
0.38250307860921196	0.39593625773820373	0.3609112349521305	0.43773602672840445	0.4820122280715521	0.4865511740411569	0.3238942583974737	0.32766650130807967	0.37055197261544914	0.377440566904003	0.4154613207156104	0.4154613207156104
0.37941485914422995	0.36242906513209977	0.36033067426637133	0.4346300253168736	0.5079246438340129	0.5269015943031103	0.3238942583974737	0.32766650130807967	0.37055197261544914	0.377440566904003	0.4154613207156104	0.4154613207156104
0.3751440328173342	0.31648308217752125	0.35956574709448624	0.4346300253168736	0.5079246438340129	0.54751853786607	0.3238942583974737	0.32766650130807967	0.37055197261544914	0.377440566904003	0.4154613207156104	0.4154613207156104
0.37941485914422995	0.36242906513209977	0.36033067426637133	0.4346300253168736	0.5079246438340129	0.5269015943031103	0.3238942583974737	0.32766650130807967	0.37055197261544914	0.377440566904003	0.4154613207156104	0.4154613207156104
0.38250307860921196	0.3959362577382037	0.3609112349521305	0.43773602672840445	0.4820122280715521	0.4865511740411569	0.3238942583974737	0.32766650130807967	0.37055197261544914	0.377440566904003	0.4154613207156104	0.4154613207156104
0.37006520631727263	0.3641607401854052	0.35699174695575536	0.4459422178510489	0.445922350799823	0.42502599732731117	0.3238942583974737	0.32766650130807967	0.37055197261544914	0.377440566904003	0.4154613207156104	0.4154613207156104
0.5753481606090055	0.572327148330117	0.5298961086163659	0.5035606139371044	0.4989200454763191	0.5014076313825617	0.589179254034932	0.5930397423010431	0.37055197261544914	0.377440566904003	0.4154613207156104	0.4154613207156104
0.4019016096529105	0.3832049747051995	0.36608991742740904	0.41451801953212264	0.45568571888251086	0.46568930132047237	0.3238942583974737	0.32766650130807967	0.37055197261544914	0.377440566904003	0.4154613207156104	0.4154613207156104
0.5017907504942809	0.4525215966080262	0.4417372397728034	0.5546179259239016	0.4859576228767435	0.5212190672580753	0.5969528059908553	0.32766650130807967	0.37055197261544914	0.377440566904003	0.4154613207156104	0.4154613207156104
0.3125571904872893	0.3556294838094465	0.3188382828770184	0.46665133243031	0.3908917470302071	0.23809196152630951	0.3238942583974737	0.32766650130807967	0.37055197261544914	0.377440566904003	0.4154613207156104	0.4154613207156104
0.3894139011151114	0.323826114083914	0.3625606044651189	0.4814274540577399	0.5588879951114251	0.5684723665482861	0.3238942583974737	0.32766650130807967	0.37055197261544914	0.377440566904003	0.4154613207156104	0.4154613207156104
0.3916479483788279	0.37782445904861695	0.3634777174592457	0.4950162182066163	0.5511181318915518	0.5638173857729338	0.3238942583974737	0.32766650130807967	0.37055197261544914	0.377440566904003	0.4154613207156104	0.4154613207156104
0.30609733254264837	0.3483276525468561	0.31774141395937766	0.45762888817172587	0.40921056156029983	0.23809196152630951	0.3238942583974737	0.32766650130807967	0.37055197261544914	0.377440566904003	0.4154613207156104	0.4154613207156104
0.3961761459636221	0.3733060833070755	0.36399236655495004	0.549624835310604	0.4747137940668629	0.4316778336281402	0.3238942583974737	0.32766650130807967	0.37055197261544914	0.377440566904003	0.4154613207156104	0.4154613207156104
0.5850360502720311	0.5710420999051524	0.5391486243597471	0.4488321420714596	0.5303758223328366	0.5212370225088484	0.5941186174057618	0.6243286512362463	0.37055197261544914	0.377440566904003	0.4154613207156104	0.4154613207156104
0.3977921859563572	0.4053091499242233	0.36551645903672	0.4441752039332032	0.46265039152959847	0.45800689978194337	0.3238942583974737	0.32766650130807967	0.37055197261544914	0.377440566904003	0.4154613207156104	0.4154613207156104
0.4000617861873293	0.42170871333455934	0.36617754523113877	0.43773602672840445	0.4852512809531087	0.4977955423104598	0.3238942583974737	0.32766650130807967	0.37055197261544914	0.377440566904003	0.4154613207156104	0.4154613207156104
0.39003448593531115	0.3916803055728956	0.3634473114936891	0.4346300253168736	0.5079246438340129	0.5286405782009712	0.3238942583974737	0.32766650130807967	0.37055197261544914	0.377440566904003	0.4154613207156104	0.4154613207156104
0.3812757275981734	0.3388374664447455	0.36130308264058825	0.4346300253168736	0.5079246438340129	0.54751853786607	0.3238942583974737	0.32766650130807967	0.37055197261544914	0.377440566904003	0.4154613207156104	0.4154613207156104
0.3900344859353112	0.3916803055728956	0.3634473114936891	0.4346300253168736	0.5079246438340129	0.5286405782009712	0.3238942583974737	0.32766650130807967	0.37055197261544914	0.377440566904003	0.4154613207156104	0.4154613207156104
0.4000617861873293	0.42170871333455934	0.36617754523113877	0.43773602672840445	0.4852512809531087	0.4977955423104598	0.3238942583974737	0.32766650130807967	0.37055197261544914	0.377440566904003	0.4154613207156104	0.4154613207156104
0.3977921859563571	0.405309149924223	0.36551645903672	0.4441752039332032	0.46265039152959847	0.45800689978194337	0.3238942583974737	0.32766650130807967	0.37055197261544914	0.377440566904003	0.4154613207156104	0.4154613207156104
0.506115305007195	0.485068350853461	0.44540050418583177	0.452305695776908	0.5342541127598848	0.4850905220452526	0.5776916697560698	0.32766650130807967	0.37055197261544914	0.377440566904003	0.4154613207156104	0.4154613207156104
0.4101033298934898	0.4026691485939685	0.36884043441203396	0.47185463725850585	0.47734019600445854	0.47355929622812254	0.3238942583974737	0.32766650130807967	0.37055197261544914	0.377440566904003	0.4154613207156104	0.4154613207156104
0.41137204837677066	0.44118917725211465	0.3690796494980124	0.4873735872205002	0.5130502227654392	0.5065998918725841	0.3238942583974737	0.32766650130807967	0.37055197261544914	0.377440566904003	0.4154613207156104	0.4154613207156104
0.3977474452265713	0.3587919448785542	0.36532722845305826	0.5391173467422354	0.5416464637340057	0.5323653559724038	0.3238942583974737	0.32766650130807967	0.37055197261544914	0.377440566904003	0.4154613207156104	0.4154613207156104
0.30836474603429215	0.32758059268788486	0.31862978487589205	0.42515929756832055	0.5039445778259481	0.23809196152630951	0.3238942583974737	0.32766650130807967	0.37055197261544914	0.377440566904003	0.4154613207156104	0.4154613207156104
0.3977474452265713	0.3587919448785542	0.36532722845305826	0.5391173467422354	0.5416464637340057	0.5323653559724038	0.3238942583974737	0.32766650130807967	0.37055197261544914	0.377440566904003	0.4154613207156104	0.4154613207156104
0.41137204837677066	0.44118917725211454	0.3690796494980124	0.4873735872205002	0.5130502227654392	0.5065998918725841	0.3238942583974737	0.32766650130807967	0.37055197261544914	0.377440566904003	0.4154613207156104	0.4154613207156104
0.4101033298934898	0.4026691485939687	0.36884043441203396	0.47185463725850585	0.47734019600445854	0.47355929622812254	0.3238942583974737	0.32766650130807967	0.37055197261544914	0.377440566904003	0.4154613207156104	0.4154613207156104
0.5993623731450013	0.5706302899079825	0.5473812718627595	0.4771760108002714	0.5303758223328366	0.5212370225088484	0.5985406537705558	0.6392768677093935	0.37055197261544914	0.377440566904003	0.4154613207156104	0.4154613207156104
0.4171333094018471	0.4263848697767365	0.3708720556547752	0.45058347886109273	0.46265039152959847	0.4625246683242254	0.3238942583974737	0.32766650130807967	0.37055197261544914	0.377440566904003	0.4154613207156104	0.4154613207156104
0.4124614093814001	0.42521594081344805	0.3691648268845678	0.467129873032879	0.49134556133722995	0.4977955423104598	0.3238942583974737	0.32766650130807967	0.37055197261544914	0.377440566904003	0.4154613207156104	0.4154613207156104
0.39959863544759344	0.40292642236207815	0.36577860039572535	0.4856606140147866	0.5290096413457709	0.5270952893956977	0.3238942583974737	0.32766650130807967	0.37055197261544914	0.377440566904003	0.4154613207156104	0.4154613207156104
0.3877148105732059	0.32538973473054333	0.3625921931873805	0.529495861955116	0.5453508149473115	0.54443612504678	0.3238942583974737	0.32766650130807967	0.37055197261544914	0.377440566904003	0.4154613207156104	0.4154613207156104
0.3123265213924435	0.3626014912314803	0.31894899024016393	0.428567753465977	0.46947405385768276	0.23809196152630951	0.3238942583974737	0.32766650130807967	0.37055197261544914	0.377440566904003	0.4154613207156104	0.4154613207156104
0.4059184684373696	0.40200079612837214	0.3672460803468998	0.5391173467422354	0.5178693960349711	0.4959470116999038	0.3238942583974737	0.32766650130807967	0.37055197261544914	0.377440566904003	0.4154613207156104	0.4154613207156104
0.40434289102828364	0.4090390599752333	0.36693946537719085	0.49585545668794273	0.4823134797089657	0.4558638061018115	0.3238942583974737	0.32766650130807967	0.37055197261544914	0.377440566904003	0.4154613207156104	0.4154613207156104
0.6025301475400522	0.6005272835698409	0.5489295389514363	0.4476625029189329	0.5290698931312521	0.524666519146474	0.5991715734349542	0.6403027008309107	0.37055197261544914	0.377440566904003	0.4154613207156104	0.4154613207156104
0.40297545723835826	0.4081399496308693	0.36677369669471477	0.44493556287649544	0.46378808229133617	0.4639315894326658	0.3238942583974737	0.32766650130807967	0.37055197261544914	0.377440566904003	0.4154613207156104	0.4154613207156104
0.4049167092289591	0.4309435467705466	0.367395155041287	0.43773602672840445	0.4838325464123184	0.497044869944295	0.3238942583974737	0.32766650130807967	0.37055197261544914	0.377440566904003	0.4154613207156104	0.4154613207156104
0.3914292153104725	0.4005867086922025	0.3637224999793209	0.4346300253168736	0.5079246438340129	0.5278775930379911	0.3238942583974737	0.32766650130807967	0.37055197261544914	0.377440566904003	0.4154613207156104	0.4154613207156104
0.38017545868374075	0.33617497369537025	0.36098135288502065	0.4346300253168736	0.5079246438340129	0.54751853786607	0.3238942583974737	0.32766650130807967	0.37055197261544914	0.377440566904003	0.4154613207156104	0.4154613207156104
0.3914292153104725	0.4005867086922024	0.3637224999793209	0.4346300253168736	0.5079246438340129	0.5278775930379911	0.3238942583974737	0.32766650130807967	0.37055197261544914	0.377440566904003	0.4154613207156104	0.4154613207156104
0.4049167092289591	0.4309435467705466	0.36739515504128695	0.43773602672840445	0.4838325464123184	0.497044869944295	0.3238942583974737	0.32766650130807967	0.37055197261544914	0.377440566904003	0.4154613207156104	0.4154613207156104
0.40297545723835826	0.4081399496308693	0.36677369669471477	0.44493556287649544	0.46378808229133617	0.4639315894326658	0.3238942583974737	0.32766650130807967	0.37055197261544914	0.377440566904003	0.4154613207156104	0.4154613207156104
0.5966796232065383	0.5108420091186867	0.5431727444250488	0.5469359945898691	0.6399108783304821	0.5081152989998555	0.5977090989410014	0.6199038300944342	0.37055197261544914	0.377440566904003	0.4154613207156104	0.4154613207156104
0.32188427885263826	0.39574821073858973	0.3202588760320607	0.4398630186382785	0.34909583431111624	0.23809196152630951	0.3238942583974737	0.32766650130807967	0.37055197261544914	0.377440566904003	0.4154613207156104	0.4154613207156104
0.41052326467259453	0.4063252895845257	0.36830799180554313	0.4542330822330236	0.5151011818792307	0.5506571273652048	0.3238942583974737	0.32766650130807967	0.37055197261544914	0.377440566904003	0.4154613207156104	0.4154613207156104
0.4083330879498747	0.41609878597353983	0.3680228121750198	0.44470683754891915	0.5239066395201685	0.5536421021488334	0.3238942583974737	0.32766650130807967	0.37055197261544914	0.377440566904003	0.4154613207156104	0.4154613207156104
0.39329641750303657	0.32290422627787907	0.3642674236149681	0.45369035324918877	0.5358001159843933	0.5603752118388833	0.3238942583974737	0.32766650130807967	0.37055197261544914	0.377440566904003	0.4154613207156104	0.4154613207156104
0.4083330879498747	0.4160987859735398	0.3680228121750198	0.44470683754891915	0.5239066395201685	0.5536421021488334	0.3238942583974737	0.32766650130807967	0.37055197261544914	0.377440566904003	0.4154613207156104	0.4154613207156104
0.41052326467259453	0.4063252895845256	0.36830799180554313	0.4542330822330236	0.5151011818792307	0.5506571273652048	0.3238942583974737	0.32766650130807967	0.37055197261544914	0.377440566904003	0.4154613207156104	0.4154613207156104
0.32188427885263826	0.39574821073858973	0.3202588760320607	0.4398630186382785	0.34909583431111624	0.23809196152630951	0.3238942583974737	0.32766650130807967	0.37055197261544914	0.377440566904003	0.4154613207156104	0.4154613207156104
0.6078445156589256	0.536581851209068	0.5506727396238221	0.5469359945898691	0.5592154615607674	0.5145038326288844	0.6046142524468234	0.6381239991839085	0.37055197261544914	0.377440566904003	0.4154613207156104	0.4154613207156104
0.41209883108265083	0.43495563531581444	0.36916416397186425	0.49482979123624604	0.4915608129367342	0.46663730284033317	0.3238942583974737	0.32766650130807967	0.37055197261544914	0.377440566904003	0.4154613207156104	0.4154613207156104
0.4152546713021208	0.4170272018716689	0.3699613757520794	0.5391173467422354	0.5198252644905875	0.5023425510114309	0.3238942583974737	0.32766650130807967	0.37055197261544914	0.377440566904003	0.4154613207156104	0.4154613207156104
0.318274460593408	0.35732953841167153	0.319671533497074	0.43460923608163515	0.47124786204825303	0.23809196152630951	0.3238942583974737	0.32766650130807967	0.37055197261544914	0.377440566904003	0.4154613207156104	0.4154613207156104
0.3946526038580474	0.3219595249539854	0.3642286435079471	0.529495861955116	0.5519264608059768	0.5611071853750712	0.3238942583974737	0.32766650130807967	0.37055197261544914	0.377440566904003	0.4154613207156104	0.4154613207156104
0.4141255724611479	0.4463550429374362	0.3691490228586339	0.48286808044508805	0.5485531189782196	0.5536215297908627	0.3238942583974737	0.32766650130807967	0.37055197261544914	0.377440566904003	0.4154613207156104	0.4154613207156104
0.42058740177574755	0.38235339228315834	0.3702879160529909	0.4643939608325492	0.5315285669284544	0.5509995966184817	0.3238942583974737	0.32766650130807967	0.37055197261544914	0.377440566904003	0.4154613207156104	0.4154613207156104
0.32803129660479907	0.3874395011010953	0.3209938140821141	0.44857880390773924	0.35804214553622515	0.23809196152630951	0.3238942583974737	0.32766650130807967	0.37055197261544914	0.377440566904003	0.4154613207156104	0.4154613207156104
0.6107234639846794	0.5737885103510382	0.5531000838730645	0.4532667172228268	0.5353271194208875	0.5417195677757245	0.6112170608164026	0.645626100990506	0.37055197261544914	0.377440566904003	0.4154613207156104	0.4154613207156104
0.4136943852527098	0.39002481768443376	0.36972471205778706	0.47415154248393326	0.47415141490906987	0.46985628272838437	0.3238942583974737	0.32766650130807967	0.37055197261544914	0.377440566904003	0.4154613207156104	0.4154613207156104
0.41728232246765506	0.44854095889975926	0.3704638559965404	0.4885632191766182	0.5043927519660342	0.4979543402104158	0.3238942583974737	0.32766650130807967	0.37055197261544914	0.377440566904003	0.4154613207156104	0.4154613207156104
0.396975436092111	0.3724461320104181	0.3647965555801285	0.5391173467422354	0.5392109065020497	0.5257232909948614	0.3238942583974737	0.32766650130807967	0.37055197261544914	0.377440566904003	0.4154613207156104	0.4154613207156104
0.30513222867904943	0.33123174625114343	0.31817759301757265	0.4229160129692251	0.5014399041780033	0.23809196152630951	0.3238942583974737	0.32766650130807967	0.37055197261544914	0.377440566904003	0.4154613207156104	0.4154613207156104
0.396975436092111	0.37244613201041793	0.3647965555801285	0.5391173467422354	0.5392109065020497	0.5257232909948614	0.3238942583974737	0.32766650130807967	0.37055197261544914	0.377440566904003	0.4154613207156104	0.4154613207156104
0.4172823224676551	0.44854095889975926	0.3704638559965404	0.4885632191766182	0.5043927519660342	0.4979543402104158	0.3238942583974737	0.32766650130807967	0.37055197261544914	0.377440566904003	0.4154613207156104	0.4154613207156104
0.41369438525270985	0.39002481768443376	0.3697247120577871	0.47415154248393326	0.47415141490906987	0.46985628272838437	0.3238942583974737	0.32766650130807967	0.37055197261544914	0.377440566904003	0.4154613207156104	0.4154613207156104
0.5009350556774727	0.5407372898939442	0.44257909006988316	0.46931400936906165	0.5234444685950705	0.516787276883726	0.5779917549947324	0.32766650130807967	0.37055197261544914	0.377440566904003	0.4154613207156104	0.4154613207156104
0.4022516558114822	0.39096185957057517	0.3660450790794845	0.4889689436921602	0.4803923261961758	0.4772101498337146	0.3238942583974737	0.32766650130807967	0.37055197261544914	0.377440566904003	0.4154613207156104	0.4154613207156104
0.3118309544704167	0.3860598718631262	0.31888755946002106	0.3769358187794975	0.4228360317311206	0.23809196152630951	0.3238942583974737	0.32766650130807967	0.37055197261544914	0.377440566904003	0.4154613207156104	0.4154613207156104
0.4881680263449291	0.47406545623317975	0.43688186991087363	0.5144046377051044	0.5188034262847925	0.5299671089204953	0.616004573649837	0.32766650130807967	0.37055197261544914	0.377440566904003	0.4154613207156104	0.4154613207156104
0.38645402996445855	0.36157161844435093	0.36255767794621746	0.43436593259216943	0.5008659412226145	0.5173177987756326	0.3238942583974737	0.32766650130807967	0.37055197261544914	0.377440566904003	0.4154613207156104	0.4154613207156104
0.39452150096921423	0.3910998475569807	0.36476798493742907	0.4197139390286957	0.4914361249102526	0.5332696940840203	0.3238942583974737	0.32766650130807967	0.37055197261544914	0.377440566904003	0.4154613207156104	0.4154613207156104
0.40271500067221183	0.42946480709768725	0.36714723826379814	0.4197139390286957	0.4914361249102526	0.515735367460132	0.3238942583974737	0.32766650130807967	0.37055197261544914	0.377440566904003	0.4154613207156104	0.4154613207156104
0.39123998525558945	0.37719128463843177	0.3637672871376307	0.43746042128352836	0.48104095325161284	0.4923214798821966	0.3238942583974737	0.32766650130807967	0.37055197261544914	0.377440566904003	0.4154613207156104	0.4154613207156104
0.7300955455820457	0.4665881816230897	0.6719608189245173	0.8246385223603827	0.6643629993066561	0.6428204308548744	0.7470270493083186	0.7209354674077125	0.7913178926007873	0.377440566904003	0.4154613207156104	0.4154613207156104
0.32247293154416895	0.35458327293423975	0.319395162778338	0.49922930152516143	0.4187918258658006	0.23809196152630951	0.3238942583974737	0.32766650130807967	0.37055197261544914	0.377440566904003	0.4154613207156104	0.4154613207156104
0.2413121975594711	0.31860828296844085	0.296276581594661	0.3766373008891565	0.0	0.23809196152630951	0.3238942583974737	0.32766650130807967	0.37055197261544914	0.377440566904003	0.4154613207156104	0.4154613207156104
0.32247293154416895	0.35458327293423975	0.319395162778338	0.49922930152516143	0.4187918258658006	0.23809196152630951	0.3238942583974737	0.32766650130807967	0.37055197261544914	0.377440566904003	0.4154613207156104	0.4154613207156104
0.32247293154416895	0.35458327293423975	0.319395162778338	0.49922930152516143	0.4187918258658006	0.23809196152630951	0.3238942583974737	0.32766650130807967	0.37055197261544914	0.377440566904003	0.4154613207156104	0.4154613207156104
0.8963439711324649	0.9711582383951379	0.8937213805820736	0.5405465351318316	0.6327769211296679	0.6235782777597613	0.7269098784501923	0.765649451007074	0.8537894515449779	0.934198444521401	0.4154613207156104	0.4154613207156104
0.3181671633948701	0.3037796073361835	0.31709772681298887	0.47644924231850977	0.4085855659258078	0.23809196152630951	0.3238942583974737	0.32766650130807967	0.37055197261544914	0.377440566904003	0.4154613207156104	0.4154613207156104
0.3181671633948701	0.3037796073361835	0.31709772681298887	0.47644924231850977	0.4085855659258078	0.23809196152630951	0.3238942583974737	0.32766650130807967	0.37055197261544914	0.377440566904003	0.4154613207156104	0.4154613207156104
0.3181671633948701	0.3037796073361835	0.31709772681298887	0.47644924231850977	0.4085855659258078	0.23809196152630951	0.3238942583974737	0.32766650130807967	0.37055197261544914	0.377440566904003	0.4154613207156104	0.4154613207156104
0.3181671633948701	0.3037796073361835	0.31709772681298887	0.47644924231850977	0.4085855659258078	0.23809196152630951	0.3238942583974737	0.32766650130807967	0.37055197261544914	0.377440566904003	0.4154613207156104	0.4154613207156104
0.843210464234964	0.9687086097962218	0.8494188515108493	0.5395270151435542	0.6316385888486171	0.6228848099623406	0.7261848741465415	0.698721140755263	0.835954893882583	0.8975830590498967	0.4154613207156104	0.4154613207156104
0.305335184209808	0.27775483148907765	0.31612941886391294	0.4622386819304654	0.38372721560213235	0.23809196152630951	0.3238942583974737	0.32766650130807967	0.37055197261544914	0.377440566904003	0.4154613207156104	0.4154613207156104
0.305335184209808	0.27775483148907765	0.31612941886391294	0.4622386819304654	0.38372721560213235	0.23809196152630951	0.3238942583974737	0.32766650130807967	0.37055197261544914	0.377440566904003	0.4154613207156104	0.4154613207156104
0.305335184209808	0.27775483148907765	0.31612941886391294	0.4622386819304654	0.38372721560213235	0.23809196152630951	0.3238942583974737	0.32766650130807967	0.37055197261544914	0.377440566904003	0.4154613207156104	0.4154613207156104
0.305335184209808	0.27775483148907765	0.31612941886391294	0.4622386819304654	0.38372721560213235	0.23809196152630951	0.3238942583974737	0.32766650130807967	0.37055197261544914	0.377440566904003	0.4154613207156104	0.4154613207156104
0.7958182639349456	0.8733256037834418	0.8056909350294882	0.5353913296721299	0.627021020313203	0.6200717915145777	0.6581399557904171	0.690801030796277	0.8123606883477358	0.8345944063794206	0.4154613207156104	0.4154613207156104
0.29511607172515253	0.28139608454008147	0.3146149101789031	0.4496050343338309	0.35339192877077136	0.23809196152630951	0.3238942583974737	0.32766650130807967	0.37055197261544914	0.377440566904003	0.4154613207156104	0.4154613207156104
0.3505840232042224	0.34577470238149716	0.34392387354018816	0.4181033214140026	0.4186167831294899	0.3802429128031943	0.3238942583974737	0.32766650130807967	0.37055197261544914	0.377440566904003	0.4154613207156104	0.4154613207156104
0.29511607172515253	0.28139608454008147	0.3146149101789031	0.4496050343338309	0.35339192877077136	0.23809196152630951	0.3238942583974737	0.32766650130807967	0.37055197261544914	0.377440566904003	0.4154613207156104	0.4154613207156104
0.29511607172515253	0.28139608454008147	0.3146149101789031	0.4496050343338309	0.35339192877077136	0.23809196152630951	0.3238942583974737	0.32766650130807967	0.37055197261544914	0.377440566904003	0.4154613207156104	0.4154613207156104
0.7923647384030893	0.5727219939098032	0.7834281846424397	0.8103261681663412	0.6436099953293928	0.6301777618929002	0.7338094478219938	0.6851218935976121	0.8274888509881931	0.8744247367282969	0.4154613207156104	0.4154613207156104
0.307101821762952	0.32991942489830384	0.3173616189372494	0.4661005370701128	0.3648438248928492	0.23809196152630951	0.3238942583974737	0.32766650130807967	0.37055197261544914	0.377440566904003	0.4154613207156104	0.4154613207156104
0.307101821762952	0.32991942489830384	0.3173616189372494	0.4661005370701128	0.3648438248928492	0.23809196152630951	0.3238942583974737	0.32766650130807967	0.37055197261544914	0.377440566904003	0.4154613207156104	0.4154613207156104
0.23410996033603143	0.27293479027323	0.296276581594661	0.3711663075476069	0.0	0.23809196152630951	0.3238942583974737	0.32766650130807967	0.37055197261544914	0.377440566904003	0.4154613207156104	0.4154613207156104
0.307101821762952	0.32991942489830384	0.3173616189372494	0.4661005370701128	0.3648438248928492	0.23809196152630951	0.3238942583974737	0.32766650130807967	0.37055197261544914	0.377440566904003	0.4154613207156104	0.4154613207156104
0.8777895668031848	0.9999999998776942	0.8793037604457853	0.5395270151435542	0.6316385888486171	0.6228848099623406	0.7261848741465415	0.6959344391793194	0.8582090238924103	0.9546629689275741	0.4154613207156104	0.4154613207156104
0.31215016422464237	0.2928399361110249	0.31652809603874654	0.46940269576909444	0.3963636935382361	0.23809196152630951	0.3238942583974737	0.32766650130807967	0.37055197261544914	0.377440566904003	0.4154613207156104	0.4154613207156104
0.31215016422464237	0.2928399361110249	0.31652809603874654	0.46940269576909444	0.3963636935382361	0.23809196152630951	0.3238942583974737	0.32766650130807967	0.37055197261544914	0.377440566904003	0.4154613207156104	0.4154613207156104
0.31215016422464237	0.2928399361110249	0.31652809603874654	0.46940269576909444	0.3963636935382361	0.23809196152630951	0.3238942583974737	0.32766650130807967	0.37055197261544914	0.377440566904003	0.4154613207156104	0.4154613207156104
0.31215016422464237	0.2928399361110249	0.31652809603874654	0.46940269576909444	0.3963636935382361	0.23809196152630951	0.3238942583974737	0.32766650130807967	0.37055197261544914	0.377440566904003	0.4154613207156104	0.4154613207156104
0.8944513691875001	0.9836665480753042	0.8926403882748685	0.5405465351318316	0.6327769211296679	0.6235782777597613	0.7269098784501923	0.7537927452634745	0.8531156229865271	0.9486169993217207	0.4154613207156104	0.4154613207156104
0.3172289190227871	0.30040153617760934	0.3170438257455218	0.4758182424641972	0.4077289553930837	0.23809196152630951	0.3238942583974737	0.32766650130807967	0.37055197261544914	0.377440566904003	0.4154613207156104	0.4154613207156104
0.3172289190227871	0.30040153617760934	0.3170438257455218	0.4758182424641972	0.4077289553930837	0.23809196152630951	0.3238942583974737	0.32766650130807967	0.37055197261544914	0.377440566904003	0.4154613207156104	0.4154613207156104
0.3172289190227871	0.30040153617760934	0.3170438257455218	0.4758182424641972	0.4077289553930837	0.23809196152630951	0.3238942583974737	0.32766650130807967	0.37055197261544914	0.377440566904003	0.4154613207156104	0.4154613207156104
0.3172289190227871	0.30040153617760934	0.3170438257455218	0.4758182424641972	0.4077289553930837	0.23809196152630951	0.3238942583974737	0.32766650130807967	0.37055197261544914	0.377440566904003	0.4154613207156104	0.4154613207156104
0.7106317531436547	0.4879996915710614	0.6595292338625975	0.8163772407667302	0.6625367687822208	0.6417079197261738	0.7458639164738248	0.6685205984946148	0.7965420468066573	0.377440566904003	0.4154613207156104	0.4154613207156104
0.23418848497392625	0.2936644812044297	0.296276581594661	0.36572238559206866	0.0	0.23809196152630951	0.3238942583974737	0.32766650130807967	0.37055197261544914	0.377440566904003	0.4154613207156104	0.4154613207156104
0.31483818602507313	0.33959959837453446	0.3184880175097948	0.49175045479366186	0.4060150590921085	0.23809196152630951	0.3238942583974737	0.32766650130807967	0.37055197261544914	0.377440566904003	0.4154613207156104	0.4154613207156104
0.31483818602507313	0.33959959837453446	0.3184880175097948	0.49175045479366186	0.4060150590921085	0.23809196152630951	0.3238942583974737	0.32766650130807967	0.37055197261544914	0.377440566904003	0.4154613207156104	0.4154613207156104
0.31483818602507313	0.33959959837453446	0.3184880175097948	0.49175045479366186	0.4060150590921085	0.23809196152630951	0.3238942583974737	0.32766650130807967	0.37055197261544914	0.377440566904003	0.4154613207156104	0.4154613207156104
0.8264089049567473	0.5428814059497545	0.7993848923280412	0.8277635670540215	0.6449701620728987	0.6310063715656081	0.7346757321743589	0.7406534382933102	0.8576325896296678	0.8784345531945043	0.4154613207156104	0.4154613207156104
0.31235958915898643	0.33683582895252495	0.3176333266282854	0.4793788131614661	0.3864388120335	0.23809196152630951	0.3238942583974737	0.32766650130807967	0.37055197261544914	0.377440566904003	0.4154613207156104	0.4154613207156104
0.24728542208106194	0.3143697354122365	0.296276581594661	0.39499638077988225	0.0	0.23809196152630951	0.3238942583974737	0.32766650130807967	0.37055197261544914	0.377440566904003	0.4154613207156104	0.4154613207156104
0.31235958915898643	0.33683582895252495	0.3176333266282854	0.4793788131614661	0.3864388120335	0.23809196152630951	0.3238942583974737	0.32766650130807967	0.37055197261544914	0.377440566904003	0.4154613207156104	0.4154613207156104
0.31235958915898643	0.33683582895252495	0.3176333266282854	0.4793788131614661	0.3864388120335	0.23809196152630951	0.3238942583974737	0.32766650130807967	0.37055197261544914	0.377440566904003	0.4154613207156104	0.4154613207156104
0.7567513810806994	0.7348906922236302	0.7581913565337773	0.5395270151435542	0.6316385888486171	0.6228848099623406	0.7261848741465415	0.7191889019179701	0.8113176071046884	0.6280301739325808	0.4154613207156104	0.4154613207156104
0.2822706512099312	0.27846450562476044	0.3129326343534548	0.4523681783000005	0.3396226206752251	0.23809196152630951	0.3238942583974737	0.32766650130807967	0.37055197261544914	0.377440566904003	0.4154613207156104	0.4154613207156104
0.2822706512099312	0.27846450562476044	0.3129326343534548	0.4523681783000005	0.3396226206752251	0.23809196152630951	0.3238942583974737	0.32766650130807967	0.37055197261544914	0.377440566904003	0.4154613207156104	0.4154613207156104
0.2822706512099312	0.27846450562476044	0.3129326343534548	0.4523681783000005	0.3396226206752251	0.23809196152630951	0.3238942583974737	0.32766650130807967	0.37055197261544914	0.377440566904003	0.4154613207156104	0.4154613207156104
0.2822706512099312	0.27846450562476044	0.3129326343534548	0.4523681783000005	0.3396226206752251	0.23809196152630951	0.3238942583974737	0.32766650130807967	0.37055197261544914	0.377440566904003	0.4154613207156104	0.4154613207156104
0.602494544411046	0.747611254435406	0.6488671584365296	0.5334965440611047	0.3142657096079186	0.42602665992828137	0.5203749444819791	0.5515953639405221	0.6674002433343138	0.702911603228031	0.4154613207156104	0.4154613207156104
0.4398238369267856	0.44763616041907733	0.45722631058142	0.24696465476525004	0.29199059171056563	0.41597198700385674	0.5098630527583254	0.5396149616093794	0.37055197261544914	0.377440566904003	0.4154613207156104	0.4154613207156104
0.4398238369267856	0.44763616041907733	0.45722631058142	0.24696465476525004	0.29199059171056563	0.41597198700385674	0.5098630527583254	0.5396149616093794	0.37055197261544914	0.377440566904003	0.4154613207156104	0.4154613207156104
0.4398238369267856	0.44763616041907733	0.45722631058142	0.24696465476525004	0.29199059171056563	0.41597198700385674	0.5098630527583254	0.5396149616093794	0.37055197261544914	0.377440566904003	0.4154613207156104	0.4154613207156104
0.4398238369267856	0.44763616041907733	0.45722631058142	0.24696465476525004	0.29199059171056563	0.41597198700385674	0.5098630527583254	0.5396149616093794	0.37055197261544914	0.377440566904003	0.4154613207156104	0.4154613207156104
0.5096273363837993	0.4833900253817024	0.5964345897449868	0.2649680340668672	0.31313023500380777	0.42885021241476423	0.52332689560097	0.554959695337928	0.6584794215669103	0.7121212253261813	0.4154613207156104	0.4154613207156104
0.4060896238955764	0.4194159814626932	0.4399261483633465	0.23223449653860156	0.28853988848564843	0.4138698222445067	0.507665302361721	0.5184348588594619	0.37055197261544914	0.377440566904003	0.4154613207156104	0.4154613207156104
0.4060896238955764	0.4194159814626932	0.4399261483633465	0.23223449653860156	0.28853988848564843	0.4138698222445067	0.507665302361721	0.5184348588594619	0.37055197261544914	0.377440566904003	0.4154613207156104	0.4154613207156104
0.4060896238955764	0.4194159814626932	0.4399261483633465	0.23223449653860156	0.28853988848564843	0.4138698222445067	0.507665302361721	0.5184348588594619	0.37055197261544914	0.377440566904003	0.4154613207156104	0.4154613207156104
0.4060896238955764	0.4194159814626932	0.4399261483633465	0.23223449653860156	0.28853988848564843	0.4138698222445067	0.507665302361721	0.5184348588594619	0.37055197261544914	0.377440566904003	0.4154613207156104	0.4154613207156104
0.44813808391244697	0.44468610902512284	0.5050238600501166	0.254104735559507	0.3129584754977313	0.42874557277806447	0.5232174946881187	0.5268862124195816	0.6194805585676819	0.377440566904003	0.4154613207156104	0.4154613207156104
0.3980213457728875	0.39788251347463643	0.4356815744385298	0.23737843167037173	0.29428318490561045	0.4173686307610367	0.5113232090347605	0.5238495515912994	0.37055197261544914	0.377440566904003	0.4154613207156104	0.4154613207156104
0.3980213457728875	0.39788251347463643	0.4356815744385298	0.23737843167037173	0.29428318490561045	0.4173686307610367	0.5113232090347605	0.5238495515912994	0.37055197261544914	0.377440566904003	0.4154613207156104	0.4154613207156104
0.3980213457728875	0.39788251347463643	0.4356815744385298	0.23737843167037173	0.29428318490561045	0.4173686307610367	0.5113232090347605	0.5238495515912994	0.37055197261544914	0.377440566904003	0.4154613207156104	0.4154613207156104
0.3980213457728875	0.39788251347463643	0.4356815744385298	0.23737843167037173	0.29428318490561045	0.4173686307610367	0.5113232090347605	0.5238495515912994	0.37055197261544914	0.377440566904003	0.4154613207156104	0.4154613207156104
0.49454492692316854	0.49102409128420577	0.5854293640501316	0.24701428503210496	0.30161031231957414	0.4218322986765633	0.5159898537976229	0.5348405999218625	0.6410033857206031	0.6999440223657767	0.4154613207156104	0.4154613207156104
0.3912547744618363	0.39073657034177306	0.43165378948644434	0.2247318261126129	0.28016298761580344	0.40876663657441364	0.4921364598803198	0.5128924746243592	0.37055197261544914	0.377440566904003	0.4154613207156104	0.4154613207156104
0.3912547744618363	0.39073657034177306	0.43165378948644434	0.2247318261126129	0.28016298761580344	0.40876663657441364	0.4921364598803198	0.5128924746243592	0.37055197261544914	0.377440566904003	0.4154613207156104	0.4154613207156104
0.4462544149466434	0.4680608193523902	0.5039445681254167	0.23393415821856944	0.2904375900935512	0.4150259046883471	0.49855036997217506	0.5257882739852763	0.6249951023225969	0.377440566904003	0.4154613207156104	0.4154613207156104
0.39125477446183626	0.3907365703417731	0.43165378948644434	0.2247318261126129	0.28016298761580344	0.40876663657441364	0.4921364598803198	0.5128924746243592	0.37055197261544914	0.377440566904003	0.4154613207156104	0.4154613207156104
0.49347057355974694	0.49036507570693966	0.5847034503768399	0.25534954546653943	0.31434832708945015	0.42959227074390316	0.5241026965702267	0.5300378655847275	0.6331704057483165	0.693153423797287	0.4154613207156104	0.4154613207156104
0.39176360877462535	0.391697502228387	0.431967177294044	0.23086387594628982	0.28700954416437213	0.41293754592124454	0.5066906304054195	0.5114748481623823	0.37055197261544914	0.377440566904003	0.4154613207156104	0.4154613207156104
0.39176360877462535	0.391697502228387	0.431967177294044	0.23086387594628982	0.28700954416437213	0.41293754592124454	0.5066906304054195	0.5114748481623823	0.37055197261544914	0.377440566904003	0.4154613207156104	0.4154613207156104
0.39176360877462535	0.391697502228387	0.431967177294044	0.23086387594628982	0.28700954416437213	0.41293754592124454	0.5066906304054195	0.5114748481623823	0.37055197261544914	0.377440566904003	0.4154613207156104	0.4154613207156104
0.39176360877462535	0.391697502228387	0.431967177294044	0.23086387594628982	0.28700954416437213	0.41293754592124454	0.5066906304054195	0.5114748481623823	0.37055197261544914	0.377440566904003	0.4154613207156104	0.4154613207156104
0.49521777597495636	0.49553727049707214	0.5855813191628356	0.24470071852951877	0.3024586778711271	0.42234912085063964	0.5102047128224689	0.5358076611263137	0.6437732474145791	0.6990239670309905	0.4154613207156104	0.4154613207156104
0.44668954831411	0.4699872983521822	0.5041732614483939	0.23281880399291333	0.28919228446704964	0.4142672589501734	0.4987810326151768	0.5260478414473262	0.6222537153381296	0.377440566904003	0.4154613207156104	0.4154613207156104
0.3920227939306039	0.39450755080516525	0.43201978341499786	0.2236466378746544	0.27895134717325254	0.40802850663981816	0.4915833171426362	0.5111976826591768	0.37055197261544914	0.377440566904003	0.4154613207156104	0.4154613207156104
0.3920227939306039	0.39450755080516525	0.43201978341499786	0.2236466378746544	0.27895134717325254	0.40802850663981816	0.4915833171426362	0.5111976826591768	0.37055197261544914	0.377440566904003	0.4154613207156104	0.4154613207156104
0.3920227939306039	0.39450755080516525	0.43201978341499786	0.2236466378746544	0.27895134717325254	0.40802850663981816	0.4915833171426362	0.5111976826591768	0.37055197261544914	0.377440566904003	0.4154613207156104	0.4154613207156104
0.5266376498390064	0.5559772395585402	0.6084798261650605	0.28112883868155053	0.32881237873105096	0.43409479409001006	0.5288099538796003	0.534147175864395	0.639562985323013	0.6902061965932376	0.4154613207156104	0.4154613207156104
0.42412650148727876	0.45665788597155427	0.4485588156412537	0.2586544342675976	0.29634841782411725	0.41676008624689725	0.5106869895460372	0.5147786070146504	0.37055197261544914	0.377440566904003	0.4154613207156104	0.4154613207156104
0.42412650148727876	0.45665788597155427	0.4485588156412537	0.2586544342675976	0.29634841782411725	0.41676008624689725	0.5106869895460372	0.5147786070146504	0.37055197261544914	0.377440566904003	0.4154613207156104	0.4154613207156104
0.36177992255722685	0.4066974214075042	0.38462867312613197	0.23303104482564155	0.28790853142171835	0.41348519975043074	0.4864048274478678	0.32766650130807967	0.37055197261544914	0.377440566904003	0.4154613207156104	0.4154613207156104
0.5102023449016047	0.45187749718071607	0.5382067170266581	0.406156001067435	0.31556971425156405	0.4181811222610044	0.5097844812224614	0.5395254113452715	0.6144306351752421	0.377440566904003	0.4154613207156104	0.4154613207156104
0.5026893592022762	0.5021361033510515	0.5922654992393949	0.25503983743818104	0.3140025335997328	0.429381613661979	0.5238824586160619	0.5356115311763336	0.6438960400430903	0.7074757798606183	0.4154613207156104	0.4154613207156104
0.3975635918819492	0.4031774336185334	0.4351852958689194	0.2310997800936789	0.2872729315823315	0.4130980016109878	0.5068583804157893	0.5140814286112032	0.37055197261544914	0.377440566904003	0.4154613207156104	0.4154613207156104
0.3975635918819492	0.4031774336185334	0.4351852958689194	0.2310997800936789	0.2872729315823315	0.4130980016109878	0.5068583804157893	0.5140814286112032	0.37055197261544914	0.377440566904003	0.4154613207156104	0.4154613207156104
0.3975635918819492	0.4031774336185334	0.4351852958689194	0.2310997800936789	0.2872729315823315	0.4130980016109878	0.5068583804157893	0.5140814286112032	0.37055197261544914	0.377440566904003	0.4154613207156104	0.4154613207156104
0.3975635918819492	0.4031774336185334	0.4351852958689194	0.2310997800936789	0.2872729315823315	0.4130980016109878	0.5068583804157893	0.5140814286112032	0.37055197261544914	0.377440566904003	0.4154613207156104	0.4154613207156104
0.5109861577005846	0.5191962251315024	0.5980897837615846	0.25476270109494425	0.3136931025910778	0.42919310813258454	0.5236853809670966	0.5515882197481722	0.6433063963144927	0.7067741326919563	0.4154613207156104	0.4154613207156104
0.401140902767437	0.4097401269956798	0.43716149872510474	0.2313134206049083	0.28751148928687914	0.41324332487162274	0.5070103111430989	0.5159893070482083	0.37055197261544914	0.377440566904003	0.4154613207156104	0.4154613207156104
0.401140902767437	0.4097401269956798	0.43716149872510474	0.2313134206049083	0.28751148928687914	0.41324332487162274	0.5070103111430989	0.5159893070482083	0.37055197261544914	0.377440566904003	0.4154613207156104	0.4154613207156104
0.401140902767437	0.4097401269956798	0.43716149872510474	0.2313134206049083	0.28751148928687914	0.41324332487162274	0.5070103111430989	0.5159893070482083	0.37055197261544914	0.377440566904003	0.4154613207156104	0.4154613207156104
0.401140902767437	0.4097401269956798	0.43716149872510474	0.2313134206049083	0.28751148928687914	0.41324332487162274	0.5070103111430989	0.5159893070482083	0.37055197261544914	0.377440566904003	0.4154613207156104	0.4154613207156104
0.5724901894266969	0.6057394725455164	0.6331659649946776	0.41006655472181003	0.30988254348150157	0.4268717222021216	0.5212584332159215	0.55260225766232	0.6568963997620421	0.6980693571332061	0.4154613207156104	0.4154613207156104
0.42685357053536477	0.4547740185143378	0.451456717291042	0.2352542883249474	0.2919115536152012	0.4159238335299517	0.5098127153622277	0.5325487648860058	0.37055197261544914	0.377440566904003	0.4154613207156104	0.4154613207156104
0.42685357053536477	0.4547740185143378	0.451456717291042	0.2352542883249474	0.2919115536152012	0.4159238335299517	0.5098127153622277	0.5325487648860058	0.37055197261544914	0.377440566904003	0.4154613207156104	0.4154613207156104
0.42685357053536477	0.4547740185143378	0.451456717291042	0.2352542883249474	0.2919115536152012	0.4159238335299517	0.5098127153622277	0.5325487648860058	0.37055197261544914	0.377440566904003	0.4154613207156104	0.4154613207156104
0.42685357053536477	0.4547740185143378	0.451456717291042	0.2352542883249474	0.2919115536152012	0.4159238335299517	0.5098127153622277	0.5325487648860058	0.37055197261544914	0.377440566904003	0.4154613207156104	0.4154613207156104
0.5296157075715985	0.5109035025902435	0.4929070449752828	0.45425171180807467	0.5364268876432334	0.5062026091680025	0.5695768149456205	0.4915673083197788	0.37055197261544914	0.377440566904003	0.4154613207156104	0.4154613207156104
0.3700652063172727	0.36416074018540523	0.35699174695575536	0.4459422178510489	0.445922350799823	0.42502599732731117	0.3238942583974737	0.32766650130807967	0.37055197261544914	0.377440566904003	0.4154613207156104	0.4154613207156104
0.38250307860921196	0.3959362577382037	0.3609112349521305	0.43773602672840445	0.4820122280715521	0.4865511740411569	0.3238942583974737	0.32766650130807967	0.37055197261544914	0.377440566904003	0.4154613207156104	0.4154613207156104
0.37941485914422995	0.36242906513209977	0.36033067426637133	0.4346300253168736	0.5079246438340129	0.5269015943031103	0.3238942583974737	0.32766650130807967	0.37055197261544914	0.377440566904003	0.4154613207156104	0.4154613207156104
0.37514403281733416	0.3164830821775213	0.35956574709448624	0.4346300253168736	0.5079246438340129	0.54751853786607	0.3238942583974737	0.32766650130807967	0.37055197261544914	0.377440566904003	0.4154613207156104	0.4154613207156104
0.37941485914423	0.36242906513209977	0.36033067426637133	0.4346300253168736	0.5079246438340129	0.5269015943031103	0.3238942583974737	0.32766650130807967	0.37055197261544914	0.377440566904003	0.4154613207156104	0.4154613207156104
0.38250307860921196	0.39593625773820373	0.3609112349521305	0.43773602672840445	0.4820122280715521	0.4865511740411569	0.3238942583974737	0.32766650130807967	0.37055197261544914	0.377440566904003	0.4154613207156104	0.4154613207156104
0.3700652063172727	0.3641607401854053	0.35699174695575536	0.4459422178510489	0.445922350799823	0.42502599732731117	0.3238942583974737	0.32766650130807967	0.37055197261544914	0.377440566904003	0.4154613207156104	0.4154613207156104
0.5753481606090055	0.5723271483301171	0.5298961086163658	0.5035606139371044	0.4989200454763191	0.5014076313825617	0.589179254034932	0.5930397423010431	0.37055197261544914	0.377440566904003	0.4154613207156104	0.4154613207156104
0.4019016096529105	0.38320497470519954	0.366089917427409	0.41451801953212264	0.45568571888251086	0.46568930132047237	0.3238942583974737	0.32766650130807967	0.37055197261544914	0.377440566904003	0.4154613207156104	0.4154613207156104
0.5017907504942809	0.45252159660802616	0.4417372397728033	0.5546179259239016	0.4859576228767435	0.5212190672580753	0.5969528059908553	0.32766650130807967	0.37055197261544914	0.377440566904003	0.4154613207156104	0.4154613207156104
0.3125571904872893	0.3556294838094465	0.3188382828770184	0.46665133243031	0.3908917470302071	0.23809196152630951	0.3238942583974737	0.32766650130807967	0.37055197261544914	0.377440566904003	0.4154613207156104	0.4154613207156104
0.3894139011151115	0.3238261140839141	0.3625606044651189	0.4814274540577399	0.5588879951114251	0.5684723665482861	0.3238942583974737	0.32766650130807967	0.37055197261544914	0.377440566904003	0.4154613207156104	0.4154613207156104
0.39164794837882794	0.37782445904861695	0.3634777174592457	0.4950162182066163	0.5511181318915518	0.5638173857729338	0.3238942583974737	0.32766650130807967	0.37055197261544914	0.377440566904003	0.4154613207156104	0.4154613207156104
0.30609733254264837	0.3483276525468561	0.31774141395937766	0.45762888817172587	0.40921056156029983	0.23809196152630951	0.3238942583974737	0.32766650130807967	0.37055197261544914	0.377440566904003	0.4154613207156104	0.4154613207156104
0.3961761459636221	0.3733060833070756	0.36399236655495004	0.549624835310604	0.4747137940668629	0.4316778336281402	0.3238942583974737	0.32766650130807967	0.37055197261544914	0.377440566904003	0.4154613207156104	0.4154613207156104
0.5850360502720311	0.5710420999051525	0.5391486243597471	0.4488321420714596	0.5303758223328366	0.5212370225088484	0.5941186174057618	0.6243286512362463	0.37055197261544914	0.377440566904003	0.4154613207156104	0.4154613207156104
0.3977921859563571	0.4053091499242231	0.3655164590367199	0.4441752039332032	0.46265039152959847	0.45800689978194337	0.3238942583974737	0.32766650130807967	0.37055197261544914	0.377440566904003	0.4154613207156104	0.4154613207156104
0.4000617861873293	0.4217087133345594	0.36617754523113877	0.43773602672840445	0.4852512809531087	0.4977955423104598	0.3238942583974737	0.32766650130807967	0.37055197261544914	0.377440566904003	0.4154613207156104	0.4154613207156104
0.39003448593531115	0.3916803055728956	0.3634473114936891	0.4346300253168736	0.5079246438340129	0.5286405782009712	0.3238942583974737	0.32766650130807967	0.37055197261544914	0.377440566904003	0.4154613207156104	0.4154613207156104
0.3812757275981734	0.3388374664447455	0.36130308264058825	0.4346300253168736	0.5079246438340129	0.54751853786607	0.3238942583974737	0.32766650130807967	0.37055197261544914	0.377440566904003	0.4154613207156104	0.4154613207156104
0.39003448593531115	0.3916803055728956	0.3634473114936891	0.4346300253168736	0.5079246438340129	0.5286405782009712	0.3238942583974737	0.32766650130807967	0.37055197261544914	0.377440566904003	0.4154613207156104	0.4154613207156104
0.4000617861873293	0.4217087133345594	0.36617754523113877	0.43773602672840445	0.4852512809531087	0.4977955423104598	0.3238942583974737	0.32766650130807967	0.37055197261544914	0.377440566904003	0.4154613207156104	0.4154613207156104
0.3977921859563571	0.4053091499242231	0.3655164590367199	0.4441752039332032	0.46265039152959847	0.45800689978194337	0.3238942583974737	0.32766650130807967	0.37055197261544914	0.377440566904003	0.4154613207156104	0.4154613207156104
0.506115305007195	0.4850683508534612	0.4454005041858318	0.452305695776908	0.5342541127598848	0.4850905220452526	0.5776916697560698	0.32766650130807967	0.37055197261544914	0.377440566904003	0.4154613207156104	0.4154613207156104
0.4101033298934898	0.4026691485939687	0.368840434412034	0.47185463725850585	0.47734019600445854	0.47355929622812254	0.3238942583974737	0.32766650130807967	0.37055197261544914	0.377440566904003	0.4154613207156104	0.4154613207156104
0.41137204837677066	0.44118917725211465	0.36907964949801236	0.4873735872205002	0.5130502227654392	0.5065998918725841	0.3238942583974737	0.32766650130807967	0.37055197261544914	0.377440566904003	0.4154613207156104	0.4154613207156104
0.3977474452265713	0.35879194487855415	0.36532722845305826	0.5391173467422354	0.5416464637340057	0.5323653559724038	0.3238942583974737	0.32766650130807967	0.37055197261544914	0.377440566904003	0.4154613207156104	0.4154613207156104
0.3083647460342922	0.32758059268788475	0.31862978487589205	0.42515929756832055	0.5039445778259481	0.23809196152630951	0.3238942583974737	0.32766650130807967	0.37055197261544914	0.377440566904003	0.4154613207156104	0.4154613207156104
0.3977474452265713	0.3587919448785542	0.36532722845305826	0.5391173467422354	0.5416464637340057	0.5323653559724038	0.3238942583974737	0.32766650130807967	0.37055197261544914	0.377440566904003	0.4154613207156104	0.4154613207156104
0.41137204837677066	0.44118917725211465	0.3690796494980124	0.4873735872205002	0.5130502227654392	0.5065998918725841	0.3238942583974737	0.32766650130807967	0.37055197261544914	0.377440566904003	0.4154613207156104	0.4154613207156104
0.4101033298934898	0.4026691485939686	0.36884043441203396	0.47185463725850585	0.47734019600445854	0.47355929622812254	0.3238942583974737	0.32766650130807967	0.37055197261544914	0.377440566904003	0.4154613207156104	0.4154613207156104
0.5993623731450014	0.5706302899079827	0.5473812718627595	0.4771760108002714	0.5303758223328366	0.5212370225088484	0.5985406537705558	0.6392768677093935	0.37055197261544914	0.377440566904003	0.4154613207156104	0.4154613207156104
0.4171333094018471	0.42638486977673645	0.3708720556547752	0.45058347886109273	0.46265039152959847	0.4625246683242254	0.3238942583974737	0.32766650130807967	0.37055197261544914	0.377440566904003	0.4154613207156104	0.4154613207156104
0.4124614093814001	0.42521594081344827	0.3691648268845678	0.467129873032879	0.49134556133722995	0.4977955423104598	0.3238942583974737	0.32766650130807967	0.37055197261544914	0.377440566904003	0.4154613207156104	0.4154613207156104
0.39959863544759344	0.40292642236207815	0.36577860039572535	0.4856606140147866	0.5290096413457709	0.5270952893956977	0.3238942583974737	0.32766650130807967	0.37055197261544914	0.377440566904003	0.4154613207156104	0.4154613207156104
0.3877148105732059	0.32538973473054345	0.3625921931873805	0.529495861955116	0.5453508149473115	0.54443612504678	0.3238942583974737	0.32766650130807967	0.37055197261544914	0.377440566904003	0.4154613207156104	0.4154613207156104
0.3123265213924435	0.3626014912314802	0.31894899024016393	0.428567753465977	0.46947405385768276	0.23809196152630951	0.3238942583974737	0.32766650130807967	0.37055197261544914	0.377440566904003	0.4154613207156104	0.4154613207156104
0.40591846843736956	0.4020007961283721	0.3672460803468998	0.5391173467422354	0.5178693960349711	0.4959470116999038	0.3238942583974737	0.32766650130807967	0.37055197261544914	0.377440566904003	0.4154613207156104	0.4154613207156104
0.40434289102828364	0.4090390599752333	0.36693946537719085	0.49585545668794273	0.4823134797089657	0.4558638061018115	0.3238942583974737	0.32766650130807967	0.37055197261544914	0.377440566904003	0.4154613207156104	0.4154613207156104
0.6025301475400523	0.6005272835698411	0.5489295389514364	0.4476625029189329	0.5290698931312521	0.524666519146474	0.5991715734349542	0.6403027008309107	0.37055197261544914	0.377440566904003	0.4154613207156104	0.4154613207156104
0.40297545723835837	0.4081399496308694	0.36677369669471477	0.44493556287649544	0.46378808229133617	0.4639315894326658	0.3238942583974737	0.32766650130807967	0.37055197261544914	0.377440566904003	0.4154613207156104	0.4154613207156104
0.4049167092289592	0.43094354677054664	0.367395155041287	0.43773602672840445	0.4838325464123184	0.497044869944295	0.3238942583974737	0.32766650130807967	0.37055197261544914	0.377440566904003	0.4154613207156104	0.4154613207156104
0.3914292153104725	0.40058670869220264	0.3637224999793209	0.4346300253168736	0.5079246438340129	0.5278775930379911	0.3238942583974737	0.32766650130807967	0.37055197261544914	0.377440566904003	0.4154613207156104	0.4154613207156104
0.3801754586837407	0.33617497369537014	0.36098135288502065	0.4346300253168736	0.5079246438340129	0.54751853786607	0.3238942583974737	0.32766650130807967	0.37055197261544914	0.377440566904003	0.4154613207156104	0.4154613207156104
0.3914292153104725	0.40058670869220264	0.3637224999793209	0.4346300253168736	0.5079246438340129	0.5278775930379911	0.3238942583974737	0.32766650130807967	0.37055197261544914	0.377440566904003	0.4154613207156104	0.4154613207156104
0.4049167092289592	0.43094354677054675	0.367395155041287	0.43773602672840445	0.4838325464123184	0.497044869944295	0.3238942583974737	0.32766650130807967	0.37055197261544914	0.377440566904003	0.4154613207156104	0.4154613207156104
0.40297545723835837	0.4081399496308694	0.36677369669471477	0.44493556287649544	0.46378808229133617	0.4639315894326658	0.3238942583974737	0.32766650130807967	0.37055197261544914	0.377440566904003	0.4154613207156104	0.4154613207156104
0.5966796232065384	0.5108420091186869	0.5431727444250488	0.5469359945898691	0.6399108783304821	0.5081152989998555	0.5977090989410014	0.6199038300944342	0.37055197261544914	0.377440566904003	0.4154613207156104	0.4154613207156104
0.32188427885263826	0.39574821073859	0.3202588760320607	0.4398630186382785	0.34909583431111624	0.23809196152630951	0.3238942583974737	0.32766650130807967	0.37055197261544914	0.377440566904003	0.4154613207156104	0.4154613207156104
0.41052326467259453	0.4063252895845257	0.36830799180554313	0.4542330822330236	0.5151011818792307	0.5506571273652048	0.3238942583974737	0.32766650130807967	0.37055197261544914	0.377440566904003	0.4154613207156104	0.4154613207156104
0.4083330879498747	0.41609878597353983	0.3680228121750198	0.44470683754891915	0.5239066395201685	0.5536421021488334	0.3238942583974737	0.32766650130807967	0.37055197261544914	0.377440566904003	0.4154613207156104	0.4154613207156104
0.39329641750303657	0.32290422627787907	0.3642674236149681	0.45369035324918877	0.5358001159843933	0.5603752118388833	0.3238942583974737	0.32766650130807967	0.37055197261544914	0.377440566904003	0.4154613207156104	0.4154613207156104
0.4083330879498747	0.4160987859735398	0.3680228121750198	0.44470683754891915	0.5239066395201685	0.5536421021488334	0.3238942583974737	0.32766650130807967	0.37055197261544914	0.377440566904003	0.4154613207156104	0.4154613207156104
0.41052326467259453	0.40632528958452574	0.36830799180554313	0.4542330822330236	0.5151011818792307	0.5506571273652048	0.3238942583974737	0.32766650130807967	0.37055197261544914	0.377440566904003	0.4154613207156104	0.4154613207156104
0.32188427885263826	0.3957482107385899	0.3202588760320607	0.4398630186382785	0.34909583431111624	0.23809196152630951	0.3238942583974737	0.32766650130807967	0.37055197261544914	0.377440566904003	0.4154613207156104	0.4154613207156104
0.6078445156589256	0.536581851209068	0.5506727396238221	0.5469359945898691	0.5592154615607674	0.5145038326288844	0.6046142524468234	0.6381239991839085	0.37055197261544914	0.377440566904003	0.4154613207156104	0.4154613207156104
0.41209883108265083	0.4349556353158143	0.36916416397186425	0.49482979123624604	0.4915608129367342	0.46663730284033317	0.3238942583974737	0.32766650130807967	0.37055197261544914	0.377440566904003	0.4154613207156104	0.4154613207156104
0.41525467130212074	0.41702720187166864	0.3699613757520794	0.5391173467422354	0.5198252644905875	0.5023425510114309	0.3238942583974737	0.32766650130807967	0.37055197261544914	0.377440566904003	0.4154613207156104	0.4154613207156104
0.31827446059340797	0.3573295384116715	0.319671533497074	0.43460923608163515	0.47124786204825303	0.23809196152630951	0.3238942583974737	0.32766650130807967	0.37055197261544914	0.377440566904003	0.4154613207156104	0.4154613207156104
0.3946526038580474	0.3219595249539854	0.36422864350794715	0.529495861955116	0.5519264608059768	0.5611071853750712	0.3238942583974737	0.32766650130807967	0.37055197261544914	0.377440566904003	0.4154613207156104	0.4154613207156104
0.41412557246114795	0.44635504293743644	0.3691490228586339	0.48286808044508805	0.5485531189782196	0.5536215297908627	0.3238942583974737	0.32766650130807967	0.37055197261544914	0.377440566904003	0.4154613207156104	0.4154613207156104
0.42058740177574755	0.38235339228315823	0.3702879160529909	0.4643939608325492	0.5315285669284544	0.5509995966184817	0.3238942583974737	0.32766650130807967	0.37055197261544914	0.377440566904003	0.4154613207156104	0.4154613207156104
0.32803129660479907	0.38743950110109543	0.3209938140821141	0.44857880390773924	0.35804214553622515	0.23809196152630951	0.3238942583974737	0.32766650130807967	0.37055197261544914	0.377440566904003	0.4154613207156104	0.4154613207156104
0.6107234639846794	0.5737885103510383	0.5531000838730646	0.4532667172228268	0.5353271194208875	0.5417195677757245	0.6112170608164026	0.645626100990506	0.37055197261544914	0.377440566904003	0.4154613207156104	0.4154613207156104
0.41369438525270985	0.3900248176844339	0.36972471205778706	0.47415154248393326	0.47415141490906987	0.46985628272838437	0.3238942583974737	0.32766650130807967	0.37055197261544914	0.377440566904003	0.4154613207156104	0.4154613207156104
0.4172823224676551	0.44854095889975937	0.3704638559965404	0.4885632191766182	0.5043927519660342	0.4979543402104158	0.3238942583974737	0.32766650130807967	0.37055197261544914	0.377440566904003	0.4154613207156104	0.4154613207156104
0.39697543609211094	0.3724461320104178	0.3647965555801285	0.5391173467422354	0.5392109065020497	0.5257232909948614	0.3238942583974737	0.32766650130807967	0.37055197261544914	0.377440566904003	0.4154613207156104	0.4154613207156104
0.30513222867904943	0.3312317462511435	0.31817759301757265	0.4229160129692251	0.5014399041780033	0.23809196152630951	0.3238942583974737	0.32766650130807967	0.37055197261544914	0.377440566904003	0.4154613207156104	0.4154613207156104
0.396975436092111	0.37244613201041793	0.3647965555801285	0.5391173467422354	0.5392109065020497	0.5257232909948614	0.3238942583974737	0.32766650130807967	0.37055197261544914	0.377440566904003	0.4154613207156104	0.4154613207156104
0.4172823224676551	0.4485409588997593	0.3704638559965404	0.4885632191766182	0.5043927519660342	0.4979543402104158	0.3238942583974737	0.32766650130807967	0.37055197261544914	0.377440566904003	0.4154613207156104	0.4154613207156104
0.41369438525270985	0.39002481768443387	0.3697247120577871	0.47415154248393326	0.47415141490906987	0.46985628272838437	0.3238942583974737	0.32766650130807967	0.37055197261544914	0.377440566904003	0.4154613207156104	0.4154613207156104
0.5009350556774725	0.5407372898939443	0.44257909006988316	0.46931400936906165	0.5234444685950705	0.516787276883726	0.5779917549947324	0.32766650130807967	0.37055197261544914	0.377440566904003	0.4154613207156104	0.4154613207156104
0.4022516558114821	0.39096185957057517	0.3660450790794845	0.4889689436921602	0.4803923261961758	0.4772101498337146	0.3238942583974737	0.32766650130807967	0.37055197261544914	0.377440566904003	0.4154613207156104	0.4154613207156104
0.31183095447041664	0.386059871863126	0.318887559460021	0.3769358187794975	0.4228360317311206	0.23809196152630951	0.3238942583974737	0.32766650130807967	0.37055197261544914	0.377440566904003	0.4154613207156104	0.4154613207156104
0.4881680263449291	0.4740654562331797	0.43688186991087363	0.5144046377051044	0.5188034262847925	0.5299671089204953	0.616004573649837	0.32766650130807967	0.37055197261544914	0.377440566904003	0.4154613207156104	0.4154613207156104
0.3864540299644585	0.3615716184443509	0.36255767794621746	0.43436593259216943	0.5008659412226145	0.5173177987756326	0.3238942583974737	0.32766650130807967	0.37055197261544914	0.377440566904003	0.4154613207156104	0.4154613207156104
0.39452150096921423	0.39109984755698074	0.36476798493742907	0.4197139390286957	0.4914361249102526	0.5332696940840203	0.3238942583974737	0.32766650130807967	0.37055197261544914	0.377440566904003	0.4154613207156104	0.4154613207156104
0.40271500067221183	0.42946480709768714	0.36714723826379814	0.4197139390286957	0.4914361249102526	0.515735367460132	0.3238942583974737	0.32766650130807967	0.37055197261544914	0.377440566904003	0.4154613207156104	0.4154613207156104
0.39123998525558945	0.3771912846384318	0.3637672871376307	0.43746042128352836	0.48104095325161284	0.4923214798821966	0.3238942583974737	0.32766650130807967	0.37055197261544914	0.377440566904003	0.4154613207156104	0.4154613207156104
