-0.07291987 0.82741004 -0.13551365 -1.2411981 -2.3867478 -2.2085233 -0.3674774 -0.7052542 -0.37367237 -1.3159287 0.66546667 0.64335936 
-0.2571742 1.0278339 -0.22680643 -1.6469423 -2.6859698 -2.229608 -0.4588583 -0.75129586 -0.41580275 -0.76902246 1.0708859 0.54031616 
-0.18362243 0.8729688 -0.11329954 -1.2588645 -2.581783 -2.0418122 -0.2565583 -0.7628681 -0.48856795 -1.3607417 0.5293278 0.9411881 
-0.036663402 1.2213517 -0.27492 -0.8965437 -2.4760835 -2.448247 -0.17350048 -0.39346114 -0.74661 -1.4763386 0.3437289 0.24501559 
-0.14674418 1.0732422 0.34129524 -0.8434314 -2.2033951 -2.5811775 -0.14414309 -1.0792572 -0.1436156 -1.2759857 1.1043277 0.9787908 
0.7460733 0.3269535 -0.62591183 -1.1280465 -1.7554297 -1.9530777 -0.8361864 -0.35622993 -0.044541765 -1.4846673 0.6715907 0.98678714 
0.45037 0.6554182 -0.6109786 -0.97780144 -1.541685 -2.3580177 -1.6245365 -0.31459773 0.035750534 -1.6966655 0.41221684 1.1095572 
1.2284176 -0.17961906 -0.41195244 -0.96455055 -1.9808336 -2.4649248 -1.2150526 -0.72940564 -0.18677145 -1.1986026 0.5676256 0.91310906 
1.0421549 0.53548545 -1.2526176 -1.3928792 -1.2818238 -2.3784642 -0.50903183 -0.27894688 -0.17469837 -1.634824 0.8114018 1.070585 
0.9319117 0.65165323 -0.2881271 -1.6656054 -2.001981 -2.1871936 -1.1679256 0.40674448 0.24584764 -1.3380536 0.88123024 1.111225 
0.5655704 -0.3023219 -1.0349137 -0.4678644 -1.9679486 -1.1674612 -0.8260933 0.03980426 0.08831185 -1.8014482 0.9166105 0.7722626 
0.89520246 -0.2649743 -1.5597694 -0.049326323 -2.4175103 -1.478206 -0.58821887 0.3397339 -0.19007479 -1.8101604 0.55387837 0.6695396 
0.92832524 -0.17018674 -1.0933857 -0.64353716 -2.2104683 -0.9778502 -1.0165834 -0.16508515 -0.22988702 -1.8595436 1.6717588 0.8325112 
-0.059211407 -0.599339 -1.2888228 -0.4542597 -2.0047438 -1.565149 -1.3165057 0.04926368 0.32467613 -2.0731997 1.1935004 0.2413623 
0.6187762 0.12831205 -1.0065473 0.030912925 -2.389143 -1.1922617 -1.2415091 0.17343125 -0.09878505 -2.1086488 1.0772241 0.85305923 
-0.02048192 -0.6528717 -1.1895856 -0.41553476 -1.8330033 -0.93715835 -0.4231311 0.2030935 0.67890346 -1.0573757 0.89206713 1.5641491 
0.49204394 -1.0947016 -1.1582679 -0.05604331 -1.5676984 -1.0179387 -0.6791307 0.1092834 0.9010526 -0.80871356 1.4094757 1.9061172 
-0.34286729 -0.6483638 -1.6769358 -0.890933 -1.7396667 -0.7976166 -0.93571675 0.671689 0.6014078 -0.63303185 0.79206115 1.5391451 
-0.023497505 -0.44350132 -1.1161158 0.00844799 -2.3986561 -1.3058815 -0.36084878 0.426916 0.86310196 -0.96351856 0.51174057 2.1135647 
-0.2616808 -0.6646054 -1.6179031 -0.26123953 -2.062854 -1.4586482 -0.4216469 0.0030252074 0.9586165 -0.9779185 1.1228682 1.7008966 
-0.32670265 -0.5657723 -0.7283333 -0.45150626 -1.5504993 -0.77953607 0.49705222 1.0221225 0.6618883 -1.449264 1.1447548 1.5061438 
-0.25961927 -0.33505678 -0.46529573 -0.8458084 -2.0687826 -0.77152854 0.56136256 1.2867662 0.7889661 -1.3817468 1.9890196 1.641834 
-0.24881642 -0.723457 -1.0677305 -0.45874557 -1.2490104 -1.289851 0.66829926 1.5828635 0.9175726 -1.5651627 1.345845 1.3007014 
-0.40270695 -0.72176045 -0.53518575 -0.6428421 -1.6357139 -0.93689394 0.59896195 0.8538704 0.73370147 -1.5510862 1.1761851 1.716635 
-0.5917017 -0.68097615 -0.71452886 0.21606581 -2.1332297 -1.0044526 0.73879266 1.4183714 0.67967415 -1.4809107 1.2238237 1.2344315 
-0.6611569 0.14179456 -0.8410436 0.10209422 -0.96001995 -0.45064583 0.4988531 1.0284733 0.10226664 -1.7476807 1.1574216 2.0518665 
-0.73923784 0.066396736 -0.56725043 0.5813566 -1.233149 -0.021789525 0.18637928 1.4681853 -0.08432813 -1.7154711 1.6060637 2.2320323 
-1.0193466 -0.0871327 -0.5237834 0.49289116 -0.8288166 -0.5278125 0.11898604 1.034738 0.23870471 -2.246813 1.4427193 2.2022555 
-0.42427164 0.3916744 -1.1283132 0.32145897 -0.69852453 -0.6359257 0.38805315 1.6830332 0.10073592 -1.5390388 1.2237407 2.6505113 
-1.0226912 0.91327435 -0.5107034 -0.2840515 -1.1127133 -0.5831597 0.20490919 1.0813853 0.017662607 -2.187037 1.2870698 1.9877969 
-0.7492175 0.0761826 -1.2945268 0.20274478 -0.79068893 -0.45793667 1.1945126 0.2621981 -0.74029636 -1.3679974 1.2673608 2.0111141 
-1.3507354 -0.12127128 -1.9139669 0.3952192 -0.5892446 -0.94556016 1.0726827 0.130869 -0.58274716 -1.5191276 1.0383421 1.94864 
-0.53019136 -0.23135026 -1.3102057 0.797957 -0.78507257 -0.5679371 1.4023365 0.2535119 -0.900451 -1.7203645 1.8481371 1.8319397 
-0.5168016 0.5924196 -1.3128767 0.4405045 -1.0028745 -0.95161736 1.5776027 0.40886927 -0.7321542 -1.185137 1.0298998 2.276422 
-1.1608574 0.5441639 -1.4186115 0.16884163 -1.210297 -0.31369096 1.0844382 -0.087426335 -1.0691161 -1.2261637 1.5528743 1.9798458 
-0.8080913 -0.3510195 -0.92673385 -0.3255369 -0.011504338 -0.45828283 1.1532923 0.21091305 -0.8832372 -0.8485855 1.7657888 2.4769084 
-0.7610276 -0.5974151 -0.9887871 -0.39443955 -0.011120162 -0.4860563 1.1334184 0.18175404 -0.8133592 -0.73916614 1.6778384 2.8094068 
-1.2937483 -0.4569188 -0.91884834 -0.11906056 0.23292275 -0.62428355 1.51027 0.9659944 -0.81387025 -0.32914597 2.0657818 2.3793917 
-1.252638 0.051918577 -0.018272765 -0.40175104 -0.1295475 -0.80500895 1.479962 -0.12049432 -1.0548764 -1.0475731 1.9741819 2.602974 
-0.73924434 -0.4783299 -0.67064214 0.45357627 0.061643746 -0.6012549 0.9870251 -0.17317571 -0.77631766 -0.32549977 2.069589 2.8549452 
-0.3115689 -0.009089406 -0.96367806 -0.76486194 0.71916026 -0.86696386 0.633481 0.07331405 -1.0248158 -0.8833859 2.167806 1.7560875 
-0.4434229 0.2833051 -0.9408668 -1.0958234 0.9479688 -1.0326924 0.33678952 0.45076656 -0.7293878 -0.42944548 2.532473 2.0987523 
-0.36463192 -0.12911329 -0.9531617 -0.7383535 0.8849388 -0.7961849 0.5873102 0.2806624 -1.0766991 -1.0490628 2.309376 1.8035314 
0.1266809 -0.08781151 -1.0602736 -0.53117234 0.9703978 -1.6478771 0.85593975 -0.08529167 -0.6899189 -1.1157848 2.116244 1.8503072 
-0.107851975 0.48178235 -1.0826181 -0.476815 0.8284525 -0.9335661 0.6076202 0.033746675 -1.6164641 -0.74403316 2.612161 1.8518548 
-0.8293542 -0.6644434 -0.94160455 -1.0343617 0.64050245 -0.8492467 0.30274785 -0.30816573 -1.3496621 -0.78170735 2.289033 0.8127723 
-1.3093064 -0.90475553 -1.7816944 -0.7895865 0.49461097 -1.1146098 -0.11729844 -0.5082093 -1.0744548 -0.73358405 2.8196607 0.8837248 
-1.0558655 -0.5583294 -0.40849537 -1.2444106 0.23377952 -1.0920959 0.43759507 -0.6088228 -1.3178035 -1.1610318 2.9258406 0.5588558 
-1.1010709 -0.94716007 -1.3756027 -1.2772241 0.46281135 -1.0944072 0.8809759 0.04930982 -1.4145426 -0.31171766 2.5204904 0.6171444 
-1.3979608 -0.77280134 -0.8890486 -0.81163293 0.9087816 -0.8545751 0.40540585 -0.0001912092 -1.8822255 -1.2259611 2.198729 0.577549 
-0.65189725 -0.5961603 -0.62102914 -1.4301013 0.55593526 -1.0962086 -0.5233275 -0.8575152 -1.6850044 -0.37209216 1.5198325 1.0378789 
-0.83797675 -0.90850675 -0.6479087 -1.5519994 0.5362394 -1.4580511 -0.50675637 -1.0308213 -1.8124266 -0.33520743 1.1342303 1.1841826 
-0.8264142 -0.8712768 -0.74764574 -1.5343925 0.4739297 -1.3713396 -0.40135682 -1.0219611 -1.7823213 -0.289984 1.0251807 1.2612447 
-0.97392875 -0.8225056 -0.56067336 -1.5302404 0.515388 -1.3157767 -0.4764214 -1.0655836 -1.8427097 -0.2898028 1.1282592 1.3623707 
-0.8556297 -0.88524425 -0.65213567 -1.5980134 0.6419525 -1.4802542 -0.49156672 -1.0055386 -1.7690849 -0.27939352 1.0945318 1.3614323 
0.022105606 -0.19735552 -0.524814 -0.9725233 -0.012637848 -0.90546423 -1.255097 -0.94993323 -2.0507536 0.16685301 1.9055752 0.5335728 
0.19106747 -0.45516735 -0.16000386 -0.82240427 -0.1986584 -1.2456765 -1.4165765 -1.0290886 -1.9215415 0.6379534 2.3593552 0.45279038 
0.17177974 -0.43787116 -0.30075687 -0.6438425 -0.4387965 -1.0140774 -1.318249 -1.1737045 -2.009188 0.66031 2.3012447 0.6088708 
0.25282356 -0.26729798 -0.43140858 -0.8213966 -0.27256542 -1.1883597 -1.3774735 -1.0148145 -1.9755775 0.5633182 2.2356098 0.46298745 
0.13165921 -0.28750506 -0.26010072 -0.9106551 -0.315828 -1.2110814 -1.4758126 -1.0503939 -1.8888819 0.55736166 2.2400157 0.39555824 
-0.5555017 0.677336 -0.24994473 -0.74737287 -0.72622377 -0.20128742 -1.4769418 -0.56002724 -2.6627805 -0.45983762 1.471716 0.73502386 
-1.0543258 1.0980178 0.2701674 -0.7877997 -0.93344146 -0.2782837 -1.533823 -0.49915516 -2.7598746 -0.5081139 1.6027862 1.0022364 
-0.7723373 1.0206946 0.32152846 -0.83883697 -0.82644653 -0.51367205 -1.4604743 -0.4361546 -2.9982157 -0.44849327 1.3516912 0.80827916 
-0.79944634 0.9741702 0.39494655 -0.8557555 -0.77621007 -0.50606084 -1.6280563 -0.5428859 -2.92904 -0.37265456 1.4046177 0.9924273 
-0.98412323 0.97093177 0.30758223 -0.75903046 -0.876171 -0.42242613 -1.418696 -0.44961876 -2.851979 -0.41015068 1.4852583 0.74651706 
-0.7145392 0.30192417 -1.2248411 0.07830213 -0.88097566 -0.25508338 -1.813364 0.1956669 -2.3574014 -0.51407105 0.88656175 0.09321089 
-0.59750557 0.21324623 -1.3668537 0.7987736 -0.9415532 -0.33574268 -1.7714986 0.2122783 -2.5937707 -0.4649867 0.894617 0.14013092 
-0.68531245 0.24726507 -1.3746722 0.7229538 -1.1029954 -0.43623915 -1.8106 0.15227008 -2.660105 -0.53571635 0.75352097 0.17011599 
-0.6457908 0.033148635 -1.2933451 0.7177077 -1.0052946 -0.30680877 -1.8270586 0.2153302 -2.497279 -0.26019716 0.5605522 0.4815009 
-0.89752656 0.07920633 -1.4196031 0.79871315 -0.9532295 -0.2767165 -1.7945919 0.17312595 -2.5154834 -0.58378303 0.93416303 0.25139412 
-0.7248063 0.449192 -1.3195722 -0.82944584 -0.36269078 -0.52674747 -1.8202579 1.4428222 -1.8927203 -0.5416857 0.42716667 0.34137136 
-0.7989799 0.7523231 -1.4285059 -0.8492587 -0.18138944 -0.7299619 -1.7097259 1.9060773 -1.8431187 -0.8442788 0.7232397 0.30949378 
-0.74370605 0.7424526 -1.3889301 -0.8581923 -0.19768271 -0.71319145 -1.76945 1.85183 -1.7753112 -0.8724341 0.7060361 0.268103 
-0.91461277 0.6923843 -1.3794323 -0.819413 -0.3007748 -0.67564005 -1.6284025 1.9758703 -1.8749908 -0.8574498 0.5610792 0.27011722 
-0.71734196 0.7938601 -1.4560612 -0.8366354 -0.3315835 -0.80693513 -1.6830486 1.859847 -1.9240471 -1.0817525 0.49760672 0.2459747 
-0.4880404 -0.21307048 -1.5758269 -0.5326673 -0.81059694 -0.49777743 -1.638795 1.2598132 -1.6818674 -0.19150046 -0.51029295 1.2745789 
-0.21418427 -0.40642756 -1.5434134 0.26407257 -0.7436768 -0.64749235 -2.0126784 0.74839157 -2.0986943 -0.046232007 -0.47391802 1.2429268 
-0.40436432 -0.28493574 -1.681093 -0.05769432 -0.8080795 -0.85085166 -1.7178216 1.074537 -2.0340571 -0.13141425 -0.9156566 1.5569379 
-0.3011527 -0.3501299 -1.47278 -0.05929632 -0.640323 -0.8315187 -1.970282 0.92380816 -2.0393898 0.05423831 -0.7155601 1.5480644 
-0.54142636 -0.3873564 -1.6605515 0.09552644 -0.62183386 -0.8274983 -1.6839404 0.9855311 -2.080138 -0.028010104 -0.77102995 1.4801348 
-0.70606965 -1.0675803 -1.6272229 -0.6956453 -1.3365157 -0.49647468 -1.2577215 1.1027524 -0.5652042 0.09759358 -0.048115358 1.0239129 
-0.38579795 -1.306636 -2.0895455 -0.87504196 -1.2437127 -0.7028751 -1.0003656 1.1982543 -0.3920822 0.3674139 0.36195782 1.2800041 
-0.32564336 -1.3613049 -2.09263 -0.89994264 -1.3425803 -0.8581396 -1.1654671 1.3455099 -0.3789601 0.31841165 0.2850435 1.1509438 
-0.46158305 -1.5085375 -2.0589228 -0.83750355 -1.298853 -0.7029228 -1.2176772 1.2522413 -0.44223714 0.11500003 0.23128572 1.126461 
-0.41336405 -1.1420492 -1.9369884 -0.8901247 -1.4666426 -0.69663584 -1.0946549 1.218976 -0.036869742 -0.17126258 0.35346884 1.3478833 
-1.3932238 -0.9202487 -0.3553953 -1.1584806 -1.9507103 -0.7504514 -1.3350896 0.948455 -0.70989263 0.5880282 -0.09496535 0.79344934 
-1.2460556 -0.8850052 -0.05974867 -1.4909271 -2.4761813 -1.1094416 -1.4545379 0.9954823 -1.0474538 0.81093943 -0.17287897 0.7449156 
-1.2953253 -0.76106626 -0.19279341 -1.4965624 -2.293924 -1.155347 -1.6176537 0.91711456 -1.0153224 0.9444759 -0.09919479 0.76697487 
-1.3261721 -0.80130756 -0.09759517 -1.7224317 -2.3061366 -1.0892447 -1.4874746 0.8556766 -1.0212271 0.87886554 0.040927354 0.7797124 
-1.2737771 -0.73053163 -0.16549286 -1.4286437 -2.2876487 -1.2457814 -1.6338395 0.83587354 -1.0426238 0.98694384 -0.16532066 0.6961324 
-2.1166718 -1.2346473 0.32045272 -0.42425928 -1.5923251 -0.44643003 -0.78169906 0.93046236 -0.7637506 0.27248335 0.19737655 0.9486168 
-2.39955 -1.4477797 0.42641127 -0.22726747 -1.893623 -0.29553342 -0.54611665 0.6116229 -1.0928667 0.21873768 0.3384696 1.4268401 
-2.344555 -1.4518385 0.55620897 -0.41158932 -1.61181 -0.4077201 -0.45462134 0.82757926 -1.0362368 0.20832364 0.19469042 1.4931368 
-2.4390118 -1.3303688 0.39555982 -0.25996336 -1.739287 -0.3233528 -0.61685187 0.5677741 -1.0448496 0.21108173 0.34511092 1.4796898 
-2.3446572 -1.4429879 0.37965417 -0.27413553 -1.7966088 -0.37195703 -0.39435208 0.85738343 -1.1586782 0.3564796 0.16682075 1.4551061 
-2.0620246 -1.3612497 0.50683737 -0.11743549 -0.83387756 -0.9688381 -0.9841871 1.3583536 -0.64553404 0.3658345 0.8031092 -0.078545555 
-2.1368437 -1.3235377 0.52733755 -0.20739032 -0.82036114 -1.0526494 -0.89782846 1.6725253 -0.9688992 0.62571687 1.2912242 -0.37394658 
-2.1664388 -1.4055127 0.51546997 -0.20060845 -0.81360793 -0.97571224 -0.9020993 1.6100099 -0.89069784 0.52208024 1.413915 -0.35480866 
-2.1705587 -1.4399089 0.37651896 -0.12579866 -0.9597625 -0.90613097 -0.8809689 1.4664711 -0.8740941 0.53222734 1.4459978 -0.34246638 
-2.17141 -1.4076293 0.45519313 -0.1251898 -0.8485099 -0.93859476 -0.8660768 1.8025924 -0.8191356 0.46254033 1.4715 -0.29501632 
-1.8114822 -1.1151342 0.58126825 0.52490467 -0.60874426 -1.8292928 -1.2130756 0.84725475 0.048154 0.025021702 0.52591044 -0.049742047 
-2.6481588 -0.40619853 0.49161533 0.70514446 -0.9093364 -2.3170176 -1.0620639 1.0988973 0.26221347 -0.18085936 0.7210512 0.05049457 
-2.865744 0.22520295 0.47107103 0.06545761 -0.837452 -2.521709 -0.77858245 1.0902613 0.25851887 -0.4212562 0.7061622 0.18886101 
-2.6147995 0.37811172 0.37531683 -0.7142105 -0.4589382 -2.841678 -0.98424417 1.1416496 0.48946708 -0.67117184 0.86288667 0.42166469 
-2.3677511 0.08300959 0.045895353 -1.2437689 -0.25520936 -3.0840158 -1.4681956 1.0377327 0.6351268 -0.66253704 1.0204854 0.42660075 
-2.0187616 -0.4197283 0.036993116 -1.2395616 0.07952754 -3.008734 -1.9745731 0.82642645 0.61340106 -0.74853694 1.1333464 0.46356815 
-1.6992787 -1.2002985 0.16505754 -0.76857835 0.14458612 -2.7809932 -2.0252335 0.9811218 0.48346263 -0.30160147 0.9492692 0.3387022 
-1.8183964 -1.6098498 0.39509404 0.013851494 -0.27491474 -2.3388126 -1.9772775 0.6593112 0.4026617 -0.15801704 0.8659017 0.3067188 
-1.072775 -1.1555688 0.6126782 1.2209367 -0.45633936 -2.1432898 -0.8660263 0.82922626 -0.27609584 0.074665 0.12677664 -0.13249975 
-1.2133553 -1.727777 0.27271116 0.95028317 -0.6670071 -2.6713066 -0.29389897 0.4656303 -0.32579863 -0.11225033 0.04645926 -0.2656931 
-1.0651925 -1.7280508 -0.61745435 0.7887625 -0.91729426 -2.8340216 0.13566756 0.27882078 -0.30210954 0.08734987 -0.05199775 -0.26597673 
-0.5934905 -1.6224039 -0.9683234 0.8902902 -0.69411486 -3.3949132 -0.35764766 -0.060462993 -0.57520527 0.583797 -0.4131093 0.20164599 
-0.38025913 -0.90371984 -0.89696866 0.96342963 -0.4650425 -3.78112 -0.37957412 0.22296749 -0.53111553 1.0747911 -0.38805395 0.56515115 
-0.2657207 -0.5535282 -0.25106758 1.2355317 -0.6012581 -3.6677117 -0.88210595 0.2974466 -0.51176196 1.2626256 -0.29774073 0.70428395 
-0.3836441 -0.8362826 0.049993165 1.3080299 -0.5050707 -3.2683558 -1.1721119 1.136975 -0.6416424 1.4363734 -0.14773373 0.25171247 
-0.85963726 -0.81509936 0.57130384 1.3662847 -0.39728537 -2.7879858 -1.0705031 1.0897865 -0.53922623 1.0746253 0.15162756 0.048547734 
-0.5018067 -0.97730976 0.5689959 1.4967581 0.058083836 -1.9270284 -0.80743444 1.2401977 -0.53341097 -0.63417673 0.21277113 0.048305668 
-0.8049046 -1.1652933 0.3460621 1.2977239 0.56542075 -2.2986302 -0.39237332 2.0505345 -0.7898652 -0.78121865 -0.03645122 0.28775877 
-0.78983253 -1.0388168 -0.17078821 0.91180843 1.0581641 -2.25936 -0.22662908 2.7176611 -0.8654654 -0.99680024 0.35721305 0.51936543 
-0.30139738 -1.1458582 -0.77235407 0.8005082 1.2768431 -2.1298006 -0.611043 2.6731298 -0.5233715 -0.91710925 0.74769276 0.9325918 
-0.17170274 -1.0940379 -1.1928918 1.2872417 1.1253054 -2.0157354 -0.62603647 2.6208928 -0.5122814 -0.5544277 1.4447849 0.7590642 
-0.1014971 -1.2547764 -0.9834349 1.8396968 0.7879524 -1.662453 -1.1891986 2.1317387 -0.5903551 -0.57342726 1.5517931 0.6357876 
-0.13041908 -1.1909393 -0.4727003 2.1707704 0.44347733 -1.8719102 -1.2234585 1.3744268 -0.58281654 -0.82589823 1.4860798 0.22105609 
-0.35426673 -1.2937495 0.07611102 2.1142173 0.28615618 -2.0605168 -1.1283556 1.1457213 -0.6848976 -0.82794756 0.9231012 0.14039633 
0.13192093 -0.45845044 1.1350641 1.1839993 -0.30244505 -1.808125 -0.8988212 1.1495252 -0.81387633 -0.9682683 0.11648473 -0.009033002 
0.66838205 -0.6545455 1.2101736 0.773439 -0.051024616 -2.67856 -1.4298055 1.1376935 -1.4076643 -1.0129242 0.4181613 -0.37762877 
0.6483296 -0.6868534 0.97991353 0.1433246 0.19921182 -2.650115 -1.7677677 1.0481505 -1.7519193 -1.0790874 0.6249458 -0.69120425 
0.5414502 -0.95209926 0.82212406 -0.32946485 -0.1332644 -2.3826663 -1.7199222 0.75961804 -1.7818309 -1.8045293 1.1749982 -0.9942295 
0.3037362 -0.8147859 0.92975354 -0.30647022 -0.5516983 -2.1122816 -1.4352528 1.2309892 -1.4742103 -2.2784507 1.7072265 -1.1362225 
-0.11019068 -0.028916355 1.1215798 0.020804342 -0.5269911 -1.7870095 -0.9396814 1.3190788 -1.3055215 -2.4778693 1.6751345 -0.8458004 
-0.31076378 -0.19601953 1.3013746 0.8103751 -0.58265674 -1.6512072 -0.5811815 1.2929177 -1.2387174 -2.332975 1.314714 -0.5704951 
-0.18525109 -0.20881628 1.5027478 1.2065125 -0.59053683 -1.986429 -0.5005002 1.4142889 -0.92076033 -1.7810849 0.917574 -0.34116492 
0.5039983 -0.34653506 1.2645637 1.1216028 -0.31423414 -1.5099113 -0.6271242 0.84294856 -1.2397842 -1.0589966 -0.15080743 0.8878979 
0.67450047 -0.41418552 0.7753893 1.7203013 -0.20090015 -1.9963509 -0.40511656 0.35505855 -1.8595006 -1.5009131 -0.3327392 1.3104641 
0.4511886 -0.36106965 0.35774407 1.6728677 -0.31649518 -1.97086 -0.3597605 -0.23124921 -1.737191 -1.9064388 -0.2370483 1.5815204 
-0.19242534 -0.52554786 0.33458936 1.1858735 -0.42320746 -1.9296577 -0.3804953 -0.50589067 -1.7124029 -2.073437 -0.6387224 1.9129536 
-0.5640946 -0.997106 0.7010664 0.9127012 -0.6770241 -1.606374 -0.97131556 -0.68909776 -1.3923713 -2.1328945 -0.45397803 2.3418713 
-0.47271174 -0.994444 1.118499 0.58150554 -0.49792832 -1.3202168 -1.5039282 0.038444854 -1.1327072 -2.2628312 -0.27525267 2.3480887 
-0.17388469 -0.44243947 1.6682298 0.5263371 -0.49292874 -1.4292521 -1.2670473 0.4314032 -0.77673846 -1.6854622 -0.12120661 2.2114096 
0.26292413 -0.42144158 1.7492784 0.6984986 -0.24032392 -1.6707088 -1.0441982 0.68177193 -0.80153054 -1.3810358 -0.044618152 1.712667 
0.97789395 -0.27778935 1.3901067 0.90059793 -0.9205566 -1.0997634 -0.14609654 1.1366457 -1.2055382 -0.56015813 0.22834668 1.0262066 
1.4018457 0.7268276 1.113436 0.9165303 -0.7887554 -1.3685122 -0.3277276 1.4464182 -1.3748175 -0.5027668 0.48742405 1.417827 
1.4213401 1.3287704 0.8485976 1.136379 -0.7182924 -1.5123161 -0.57347435 1.5142096 -1.3318157 -0.20784192 0.8548321 1.6463649 
1.2431141 1.376649 0.727773 1.3838596 -0.91280943 -1.4215419 -0.7753063 1.2649205 -1.1307818 0.25816637 1.5727984 1.6270789 
1.1351372 1.1798965 0.7435101 1.6994721 -1.5515404 -1.4657248 -0.7080996 0.84408003 -1.0339936 0.65082574 1.7194338 1.6287245 
1.0124294 0.42576274 1.1443723 1.6053914 -1.8242404 -1.0307808 -0.9614782 0.5627301 -1.0872883 0.3922981 1.8948913 1.4670938 
0.9381883 -0.08914507 1.5143661 1.5493184 -1.8983873 -1.0032544 -0.6562203 0.43082365 -1.1907678 0.16022816 1.280984 1.2829728 
1.1063379 -0.3416236 1.6648693 1.3069862 -1.6596249 -1.1777642 -0.43294325 0.76751804 -1.1357515 -0.37330619 0.83290195 1.1004423 
0.97974455 -0.71610075 1.1016872 0.31938484 -0.94920695 -0.7231695 0.42213914 1.5343887 -1.5034811 -0.23074405 0.16732588 1.3356111 
0.780381 -0.61579955 1.0551071 0.24986939 -1.2506367 -0.15369305 0.26660228 1.7861993 -1.9923784 -0.83454126 0.3737245 1.4207876 
0.7826965 -0.8380956 1.0454254 -0.055315055 -1.1759657 0.1675781 0.049738444 1.8345324 -2.5033689 -1.2704015 0.96071625 1.4551458 
0.8880216 -1.0130576 0.7308439 -0.682576 -1.0952581 0.39033744 -0.5108258 1.9323498 -2.2988882 -1.0570945 1.2022619 1.6269668 
0.9831562 -1.5081363 0.37807888 -0.73229223 -0.3091943 0.14599296 -0.55399746 2.2182176 -2.0728843 -0.8078829 1.4757919 1.5667281 
1.3072115 -1.6040485 0.63117903 -0.7055724 -0.26257074 -0.36790174 -0.66806054 2.3142505 -1.5890797 -0.18149143 1.3274509 1.7155279 
1.4608314 -1.7470812 0.6791148 -0.25021958 -0.21822025 -0.79434174 -0.3264012 1.9883249 -1.587376 0.29001558 0.8381466 2.0207334 
1.2111402 -1.2499795 1.0672935 0.19621237 -0.58662343 -0.8462865 0.003758714 2.03127 -1.5899134 0.30025223 0.3759641 1.7318218 
0.9211201 -0.6717871 0.7702968 -0.111118674 -1.1798271 -1.2824169 1.140567 1.4144992 -1.4172031 -0.06953031 0.049224563 0.9536674 
0.95878255 -0.5037738 0.5639766 -0.9174255 -1.0482315 -1.9260978 1.0399158 1.539572 -1.4545892 -0.49990478 -0.5319283 1.1697222 
0.4187018 -0.48372474 0.52684826 -1.6081228 -0.7783681 -2.0711796 1.1060199 1.8088293 -1.396358 -0.62579495 -0.56103635 1.3333066 
-0.22478874 -0.28336313 0.8569727 -1.8846846 -0.74861217 -2.0029895 1.2271459 2.0166297 -1.1749924 -0.69363785 -0.22644417 1.1467365 
-0.18664517 0.13649663 1.0844309 -1.9819788 -0.77351904 -2.2748692 1.1634548 2.0476727 -0.812448 0.016617043 0.46423185 1.088016 
-0.26673707 0.16232677 1.4435061 -1.4872633 -0.92653406 -1.905249 1.2928286 2.0149302 -0.9952958 0.4181604 0.7806894 1.1855245 
0.06809822 -0.13579915 1.5871407 -0.86584544 -1.3604505 -1.680409 1.707143 1.8006375 -1.1024212 0.47410175 1.1360644 1.1038939 
0.33066392 -0.54168254 1.3230884 -0.2635866 -1.4203998 -1.4125886 1.660568 1.801344 -1.2687657 0.31704727 0.66343534 1.1062601 
0.8848155 -0.7566582 -0.04640266 0.1971962 -1.5980804 -1.4061787 1.2624744 1.2433127 -1.7826524 0.41389197 0.20410283 0.39630073 
0.5653212 -0.39114198 0.042780943 -0.08125241 -2.129819 -1.3682681 0.8474049 1.3737665 -2.4315627 0.5413204 0.0132490685 0.021838978 
0.17045964 -0.08024536 0.07218278 0.103704564 -1.8555105 -1.5475156 0.6458132 1.7715396 -2.7986429 0.74536437 -0.09978096 -0.21649234 
-0.2931853 0.26597556 -0.24449646 0.39299697 -1.4299166 -1.7714046 0.8051836 2.1091745 -3.1761193 1.0644218 0.09719161 -0.098481774 
0.098177604 0.3718309 -0.9177917 0.50938666 -0.9213635 -2.0206518 1.0511905 2.3606322 -3.2187302 0.95036876 0.46106786 -0.11447247 
0.3223915 0.17208037 -0.98025984 0.61714447 -0.2996887 -1.965654 1.2612439 2.0200417 -2.8768618 0.947293 0.67642736 0.20424429 
0.48939306 -0.16956837 -0.9126852 0.5774885 -0.43625015 -1.753932 1.7120551 1.6444775 -2.5928068 0.626044 0.5593343 0.71088964 
0.92666507 -0.46729192 -0.7372101 0.38337344 -1.0354835 -1.5425271 1.6676999 1.2708833 -2.1353273 0.66296214 0.5151515 0.75859445 
0.3700952 -1.7031174 -0.1416241 0.15213995 -1.7915341 -1.4306684 1.3940746 0.960369 -1.6347694 0.15725392 0.501729 -0.0019044211 
0.09108171 -2.121958 -0.41760448 0.698649 -1.998518 -1.7007964 1.1834337 0.4014045 -1.4914887 0.43233216 0.1406369 0.38918185 
-0.04326982 -2.1536517 -0.7054023 1.089029 -1.781361 -2.1234 0.7068081 0.32931483 -1.1413038 0.48888016 0.017213872 0.12888262 
-0.39661285 -2.0350986 -0.76717275 0.945976 -1.3255334 -2.407603 0.40274242 -0.042550616 -0.83198196 0.401462 0.36511305 -0.30299127 
-0.032322556 -1.9364324 -0.90549564 0.56675607 -1.4713957 -2.751356 0.51536924 0.24178994 -0.7824411 0.27034923 1.0852036 -0.8844229 
0.3776347 -2.0698636 -0.856137 -0.1595856 -1.2559844 -2.7295113 0.8048884 0.47460347 -0.8409889 0.19453551 1.3003502 -0.8235206 
0.5418365 -2.130045 -0.56509393 -0.51007825 -1.3356346 -2.2674336 1.0713814 0.70240325 -1.18313 0.05039816 1.2642393 -0.6590609 
0.57812715 -2.0116448 -0.43104076 -0.3972098 -1.7331076 -1.6991364 1.3551811 0.8862579 -1.528174 -0.08976802 1.0032899 -0.3591438 
0.18603976 1.1103972 -0.30251044 -0.56664795 -2.3173308 -2.5907834 -0.2919446 -0.51560766 -0.14743571 -0.79663706 0.889422 0.24626037 
0.06420466 1.1151087 -0.4204726 -1.1622863 -2.705132 -2.4583843 -0.25063568 -0.701212 -0.3115761 -0.35021546 1.2536263 0.31892914 
0.23636734 1.2993131 -0.2937907 -0.28721067 -2.4309742 -2.6637042 -0.21959788 -0.31848693 -0.011501105 -0.70611024 1.0713189 0.13040346 
0.18975586 1.4720834 -0.4284271 -0.5808437 -2.4584637 -2.6356785 -0.0782759 -0.21725251 -0.75575143 -1.1661208 0.38424045 0.08843338 
0.021915806 1.0726877 0.20011188 -0.4408708 -2.1307037 -2.8272953 -0.05680014 -0.9301524 -0.03365388 -1.1791513 1.2698596 0.53006196 
0.89534456 0.5734174 -0.655343 -0.5846942 -1.7046933 -2.3538935 -0.83214694 -0.023402559 0.30315858 -0.9581383 0.8816493 0.5727134 
0.61954933 0.8790475 -0.64035165 -0.53260285 -1.5122356 -2.6277986 -1.6480758 -0.20157509 0.24577151 -1.2422335 0.6622865 0.8973831 
1.4047467 -0.14790067 -0.42813942 -0.7519236 -2.0563996 -2.6863594 -1.1607792 -0.42368934 0.10134273 -0.8317834 0.79489106 0.64904445 
1.1097252 0.65239775 -1.3642837 -0.9889042 -1.1717693 -2.6267593 -0.5718016 -0.13023625 0.058980677 -1.2441143 0.95770997 0.8077918 
1.1776154 0.87783235 -0.34497684 -1.3585179 -1.86035 -2.4291682 -1.157788 0.6463665 0.41546485 -1.0480379 1.1104403 0.8243879 
0.6289233 0.12566355 -1.2147288 0.02730648 -1.96407 -1.4870373 -0.95126486 0.29276717 0.38408646 -1.1240761 1.1710963 0.43902788 
0.9927641 -0.053647935 -1.512505 0.16616298 -2.3190775 -1.6302683 -0.59875005 0.46988785 -0.016861748 -1.4429158 0.78005517 0.49201408 
1.0088252 -0.07726186 -1.2453609 -0.28683597 -2.255211 -1.1231318 -1.1073333 0.11090569 -0.0028877386 -1.3780043 1.8262948 0.5941085 
0.051495653 -0.41210547 -1.2884966 -0.14590655 -2.135448 -1.8367243 -1.3645636 0.08282349 0.52693796 -1.7152666 1.3621559 0.07180546 
0.7516876 0.27778065 -1.198697 0.3050189 -2.2583284 -1.3535721 -1.2709252 0.37622797 0.024314992 -1.745576 1.3330894 0.5517426 
0.056648728 -0.1552015 -1.3859897 0.13741584 -1.788489 -1.2486027 -0.5725361 0.48847553 0.9216987 -0.6172954 1.1315058 1.3412613 
0.46183234 -0.67895246 -1.2721832 0.16112676 -1.624558 -1.184406 -0.7267344 0.06085785 1.0256249 -0.49004048 1.6130234 1.7246137 
-0.12050693 -0.102127746 -1.6238868 -0.4394504 -1.8238834 -0.8685823 -1.096945 0.71875995 0.65428364 -0.22393239 1.0289197 1.4272612 
-0.048040647 -0.21235862 -1.1160388 0.1721802 -2.3952606 -1.5151831 -0.64369565 0.68462586 1.0757703 -0.70181537 0.72815585 1.8607821 
-0.29890782 -0.40924942 -1.6505781 0.1343249 -1.9417895 -1.6297194 -0.46752113 0.099100284 1.0603772 -0.7150288 1.2707436 1.4712086 
-0.34575054 -0.06807427 -1.1053916 0.19544697 -1.6220647 -0.95310754 0.44708133 1.1526357 0.7812898 -0.95938843 1.7791486 1.0594863 
-0.3156315 -0.12609786 -0.77954906 -0.45953056 -1.9945887 -0.77166784 0.46949086 1.3503746 0.8176566 -0.9181887 2.1829135 1.3418707 
-0.213294 -0.37566125 -1.1357534 -0.08814161 -1.3030971 -1.3595276 0.63099617 1.4310883 0.94054693 -1.2803353 1.7113231 1.1025865 
-0.2184812 -0.0018001838 -1.2542888 0.26995918 -1.6452961 -0.8949055 0.46917197 1.2553103 0.7074989 -0.92502207 1.9942986 0.86655104 
-0.60333484 -0.43488595 -0.96001005 0.5175916 -2.1690896 -1.0111165 0.75484186 1.4588283 0.7080859 -1.0891062 1.5967597 1.0390933 
-0.9377441 0.51677555 -0.85418177 0.545472 -0.8946504 -0.60646564 0.23308496 0.9594848 0.35159454 -1.4207711 1.757031 1.666818 
-0.9216359 0.3027631 -0.644023 0.6075196 -1.1430603 -0.08932658 0.030384172 1.395526 0.10167559 -1.5417511 1.8428031 2.056006 
-1.0446796 0.3392723 -0.60458875 0.73149854 -0.84559155 -0.8091532 0.020470532 0.8820982 0.44099092 -2.0323224 1.5583278 2.067949 
-0.64820796 0.65787125 -1.1815118 0.5581523 -0.7000792 -0.8198477 0.26194248 1.6547394 0.38309222 -1.2560493 1.5913624 2.3148139 
-1.1456044 1.2327865 -0.64058375 -0.0019883951 -1.1906893 -0.7395766 0.22806627 1.1227363 0.13769287 -2.0938432 1.7603397 1.7964098 
-1.1312174 0.5538556 -1.1197962 0.77716035 -0.60113496 -0.82312125 1.0005571 0.14826824 -0.3846566 -1.0287607 1.6652608 1.5226071 
-1.5820088 0.17606981 -1.7924657 0.7118211 -0.49859506 -1.1724967 1.1115118 0.2225314 -0.4103999 -1.3261434 1.2697139 1.7489346 
-0.6359642 0.07500051 -1.2095399 1.2703577 -0.6640906 -0.698616 1.3453481 0.3031243 -0.87110025 -1.5671542 2.1061265 1.5285804 
-0.7490778 0.87772894 -1.242814 0.7286717 -0.91983634 -1.2697436 1.4588172 0.3595554 -0.43342215 -0.8953701 1.0976433 2.0301967 
-1.4869338 0.72131103 -1.3742819 0.53467464 -1.2282305 -0.49979362 0.9593384 -0.036645584 -0.7560862 -0.9705803 1.82831 1.741179 
-1.2604446 0.39644963 -0.4675707 0.4238636 0.12654026 -0.989988 1.1245329 0.17377624 -0.47195807 -0.3271797 2.1959438 1.8365735 
-1.2585455 0.36057028 -0.36752203 0.60309565 -0.010110798 -1.0134343 1.1974543 0.23211767 -0.4037984 -0.22731157 2.3155375 1.6626875 
-1.6369735 -0.03681818 -0.6731532 0.13632269 0.27700943 -0.82470644 1.4698002 0.96647227 -0.69516796 -0.22109573 2.2209165 2.2354743 
-1.4690007 0.39057845 0.20236732 0.08921134 0.026611282 -1.1348715 1.3791857 -0.2228721 -0.76629037 -0.8169961 2.1008763 2.3209991 
-0.9743867 -0.15589878 -0.61157846 0.8027579 0.043804787 -0.81141585 0.9655182 -0.13402565 -0.57123107 -0.017882979 2.3606105 2.6537817 
-0.72642004 0.54855114 -0.8029198 -0.2816623 0.747421 -1.4297304 0.8214221 -0.09497782 -0.7175597 -0.4466085 2.3403609 1.3790554 
-0.8758581 0.6300508 -0.74066824 -0.84140974 1.0018839 -1.3814893 0.40771383 0.42915452 -0.55883205 -0.29875377 2.5930617 1.8144089 
-0.5919631 0.76380736 -0.725128 -0.20643236 0.71704674 -1.6193715 0.86087143 -0.074153036 -0.67049724 -0.6217208 2.377466 1.2071216 
-0.03989892 0.22806044 -0.83622384 -0.35239184 0.9743318 -1.9636625 0.87998575 -0.30999064 -0.53547865 -0.7607397 2.3003125 1.7058226 
-0.42149654 0.7804622 -1.0289768 -0.25464436 0.9158584 -1.3148124 0.8397334 0.038173024 -1.6079788 -0.6264858 2.7328773 1.6129574 
-1.3241131 -0.055652622 -0.9420328 -0.7933778 0.49464634 -1.3736806 0.54043067 -0.39841232 -1.153932 -0.49432683 2.2350225 0.44444478 
-1.6244184 -0.50535643 -1.6524245 -0.54070586 0.5306821 -1.468853 -0.028136518 -0.5391483 -0.8782523 -0.60472274 2.7724106 0.58074725 
-1.2775972 -0.09265745 -0.42193162 -1.0681417 0.20671232 -1.5853031 0.5678189 -0.7358849 -1.1159154 -1.0386986 2.933418 0.27602053 
-1.3022428 -0.37424517 -1.322672 -1.2720668 0.34704402 -1.4045684 0.88194025 0.0057012914 -1.23984 -0.07196184 2.5095463 0.33893055 
-1.7791725 -0.45723468 -0.7812426 -0.5836774 1.0376984 -1.3094691 0.56367636 -0.1409723 -1.8087064 -1.0197324 2.285821 0.43528977 
-1.1736313 0.05314426 -0.8112434 -0.993561 0.49215862 -1.7563632 0.05695857 -0.99982893 -1.7136625 0.1952206 1.4769669 0.6295769 
-1.1854587 -0.13462536 -0.89488167 -1.3570774 0.38541755 -2.1233637 0.08710972 -1.1563878 -1.7517091 -0.03922967 1.1038109 0.79863054 
-1.1730449 -0.2690759 -0.87587726 -1.2527865 0.37790135 -2.1367824 0.034680154 -1.326909 -1.7401118 0.0037184516 1.1288286 0.8348042 
-1.1361574 -0.17775509 -0.70391804 -1.2368965 0.45562696 -2.209799 0.10305685 -1.2848759 -1.8249344 -0.0242251 1.1544247 0.7980054 
-1.0923427 -0.11834933 -0.95995736 -1.3815286 0.41607687 -2.176363 -0.01825515 -1.1707556 -1.8250302 -0.037411872 1.0683229 0.7661589 
-0.6127917 0.42584077 -0.50049967 -0.75402415 0.20815207 -1.4827263 -0.9144419 -0.6490671 -1.8312699 1.0139979 1.849598 0.3727324 
-0.40457004 0.24723215 -0.51223063 -0.6068344 -0.1443543 -1.5108663 -0.95233005 -0.68354785 -1.9267544 1.4816357 2.317831 0.43043226 
-0.19925995 0.28815478 -0.5315996 -0.8328006 0.1528923 -1.7683324 -1.1316097 -0.4451157 -1.840373 1.2956587 2.1605716 0.17851132 
-0.31237993 0.16910997 -0.47785115 -0.43660787 -0.024155179 -1.6952435 -1.0375034 -0.7116443 -1.8927697 1.3807594 2.1905463 0.2968285 
-0.3079563 0.2559388 -0.40776148 -0.610192 0.13064 -1.6213332 -0.9418502 -0.5167715 -1.9365866 1.3789129 2.225644 0.34126043 
-1.2621242 1.242311 -0.07950953 -0.20486705 0.060174704 -1.2246335 -1.3909379 -0.251812 -2.2308123 0.5182393 1.27985 0.6225548 
-1.4200416 1.3140336 0.56156856 -0.21345867 -0.31782946 -1.2019778 -1.5025018 -0.28419858 -2.7170935 0.36587068 1.217839 0.71667427 
-1.4566807 1.3793026 0.4522475 -0.2784129 -0.24590412 -1.0914631 -1.4099487 -0.22285107 -2.552266 0.44219714 1.3896824 0.8208768 
-1.4870161 1.3062017 0.4968612 -0.34740597 -0.11931289 -1.0644451 -1.4678905 -0.111174546 -2.6180813 0.29642165 1.4550825 0.80911523 
-1.4118305 1.4080572 0.50523895 -0.33315948 0.09945501 -1.0723591 -1.5995753 -0.029508073 -2.4201303 0.1701806 1.5026733 0.8337814 
-1.2291439 1.0774676 -1.2558528 0.4163416 -0.4204028 -1.1773658 -1.6780238 -0.04354253 -1.9295402 0.09997307 0.73867875 0.28332102 
-1.1993612 0.92512894 -1.4131391 0.94615954 -0.716153 -1.1745067 -1.8438741 -0.12563014 -2.0217016 -0.15670352 0.7779217 0.40315878 
-1.0792497 0.9598807 -1.4700372 1.0260022 -0.7324448 -1.1957877 -1.7509484 -0.07123143 -2.0878124 -0.065910324 0.73961645 0.33563662 
-0.95405346 0.85071146 -1.4865694 0.99902683 -0.6890796 -1.2022583 -1.9494274 -0.084463485 -1.9113879 0.045259625 0.5459731 0.66611433 
-1.2681099 0.90994436 -1.4188324 0.9757339 -0.89036167 -1.2124252 -1.874928 -0.04848515 -1.9902483 -0.07308748 0.7235252 0.24337377 
-0.88400334 1.3923895 -1.5566657 -0.46328676 -0.47845674 -1.0856694 -1.4286765 1.1975281 -1.5269912 0.20415257 0.49051973 0.5687614 
-0.6299926 1.735622 -1.409876 -0.6299338 -0.38967583 -1.3474733 -1.4034911 1.7429807 -1.6282142 -0.053561807 0.65424806 0.49864218 
-0.9370779 1.6671798 -1.7196622 -0.73780173 -0.54098487 -1.2970822 -1.2223253 1.6375953 -1.7178546 -0.112008125 0.596895 0.5624604 
-0.8659916 1.5258785 -1.5181749 -0.76459765 -0.45532867 -1.3813285 -1.3216959 1.6644228 -1.610091 -0.053340703 0.47959593 0.42157608 
-0.9899201 1.6243998 -1.7731392 -0.67650723 -0.4861497 -1.2956337 -1.121267 1.7265123 -1.74382 -0.18432385 0.56515723 0.48372817 
-0.722118 0.50444233 -1.6596981 0.09375325 -0.5679931 -0.84871846 -1.6828278 1.0658095 -1.0132554 0.5305183 0.018597582 1.6278203 
-0.74205536 0.4923784 -1.6408879 0.7038627 -0.74003613 -0.8340371 -1.7931182 0.620957 -1.4262432 0.4211943 -0.1233631 1.7137116 
-0.61367536 0.42285034 -1.6001221 0.30853343 -0.36829194 -1.0370269 -1.9907622 0.96146226 -1.2956114 0.4096114 -0.22665188 1.9683865 
-0.6266325 0.55697066 -1.5405079 0.43576092 -0.5332129 -0.9344382 -1.7745143 0.99773717 -1.3948914 0.447986 -0.25502267 2.0047548 
-0.50074375 0.50514925 -1.6652718 0.43363178 -0.47778487 -0.93930364 -1.754249 0.77609736 -1.3750765 0.3581496 -0.2022212 2.072887 
-0.38566294 -0.15283372 -1.3816122 -0.2358821 -1.4207771 -0.4518587 -1.1424202 1.183405 -0.36772257 0.9827435 0.4497516 1.4416763 
-0.121615805 -0.44997346 -1.8050863 -0.26966983 -1.572348 -0.63013077 -0.9497008 1.4187958 -0.25586742 1.1772043 0.8564211 1.3971907 
-0.10561189 -0.41236398 -1.7926154 -0.4202651 -1.5221567 -0.6535021 -0.9602447 1.2445977 -0.35450965 1.1644269 0.7832518 1.3959059 
-0.04368233 -0.20585732 -1.7515208 -0.35897568 -1.5544828 -0.59941447 -0.95921665 1.2801594 -0.30805814 1.0919216 0.7918457 1.4359428 
-0.008959584 -0.24496096 -1.6995444 -0.38289744 -1.6163435 -0.59876376 -1.0077949 1.1007813 0.023223672 0.7027216 0.80948204 1.5202256 
-0.86529535 -0.5273033 0.032491174 -0.42067766 -1.9072752 -0.6510092 -1.6327375 1.1934761 -0.37222618 1.2484301 0.29472297 1.4789397 
-0.67773795 -0.4907467 0.3657946 -0.99885684 -2.308568 -0.8222643 -1.997654 1.253208 -0.7231569 1.1505725 0.29835337 1.3426665 
-0.6900491 -0.31638807 0.26405457 -0.86848116 -2.2360997 -0.88019675 -1.868785 1.2939914 -0.7057989 1.3466096 0.30663115 1.3167881 
-0.78935575 -0.3736584 0.36922142 -0.96446896 -2.3119657 -0.95192915 -1.858408 1.1976902 -0.7335791 1.3129672 0.2609171 1.4033774 
-0.78814703 -0.36840805 0.31609747 -0.9228616 -2.2284424 -0.9590596 -1.9181001 1.2103515 -0.718811 1.3533098 0.29230484 1.3055872 
-1.716128 -1.132066 0.35333824 -0.15429486 -1.0997592 -0.52949494 -0.8935657 0.94033927 -0.45459068 1.2264408 0.6607754 1.6245205 
-2.0451717 -1.3071469 0.52672076 -0.096627094 -1.1656814 -0.50507104 -0.61124253 0.6840283 -0.8792508 1.2099084 0.68151236 2.084218 
-2.0111616 -1.3720787 0.45991617 0.18384197 -1.3497006 -0.44582754 -0.78664345 0.49160075 -0.9141722 1.2744553 0.82398915 1.9630036 
-2.1386101 -1.2133045 0.6085363 -0.09032222 -1.1388463 -0.537911 -0.6726305 0.8488069 -0.96717906 1.2282792 0.63263464 2.0683563 
-1.9594971 -1.5512303 0.484984 0.102870315 -1.2017349 -0.38252607 -0.9780345 0.5392887 -0.9657084 1.1124998 0.7673511 2.0355353 
-1.5834217 -1.311378 0.66151077 0.062954694 -0.8051771 -1.0126122 -0.7565284 1.2126749 0.043793857 0.9765853 1.424949 0.5230964 
-1.5397031 -1.4204085 0.6666237 -0.084616564 -0.945054 -0.9556555 -0.69500405 1.512875 -0.17389664 0.9855378 1.9412473 0.21122545 
-1.5638086 -1.4798322 0.8824472 -0.20372607 -0.9108774 -0.9794056 -0.8717459 1.4763292 -0.29166856 0.92311037 2.0207102 0.20863414 
-1.5494057 -1.4961845 0.7689581 -0.14863819 -0.95238507 -0.8784276 -0.7415426 1.4526746 -0.25258023 0.8711747 1.9530348 0.23716931 
-1.5945454 -1.488134 0.64640194 0.057609513 -0.99888057 -0.89467984 -0.7515392 1.4049103 -0.20933768 0.95204264 2.105477 0.19957663 
-1.6115413 -1.2199473 1.0099685 0.44936785 -0.28956693 -1.8017939 -0.7532383 0.7940042 0.3970841 0.27221388 0.93496835 0.5746007 
-2.5784638 -0.32347062 1.0084087 0.6536162 -0.5289523 -2.3046906 -0.5923946 0.8292019 0.37611115 -0.007420754 1.2545459 0.4553842 
-2.6824389 0.35335454 0.9719876 -0.02869169 -0.5965719 -2.551556 -0.48098925 1.0995933 0.4047948 -0.18187204 0.98810655 0.60137683 
-2.4911156 0.67268836 0.6104276 -0.72209424 -0.34930247 -2.822432 -0.88345605 1.1578102 0.5617848 -0.15333048 1.1870645 0.78151214 
-2.1535237 0.3605619 0.68031335 -1.159392 -0.03380704 -2.8627002 -1.4872432 0.92739123 0.66851175 -0.42400706 1.1401162 1.0232391 
-1.8232795 -0.40087047 0.6437141 -1.3250499 0.18346566 -2.9098065 -1.8029206 0.9621425 0.7151612 -0.18816857 1.2837926 0.9365125 
-1.7546443 -1.2010956 0.5059486 -0.7920589 0.21857984 -2.6129873 -2.0482264 0.72268516 0.58274496 0.0089029195 1.3284366 0.7743486 
-1.7194183 -1.6164185 0.7712029 -0.2381458 -0.075382695 -2.3272178 -1.6602325 0.5172326 0.49882102 0.1296979 1.205354 0.64453197 
-1.1248845 -1.2776341 0.9493454 1.0853211 0.024460947 -2.1255472 -0.28819692 0.55270946 -0.18339384 0.33316526 0.6831724 0.3040744 
-1.1511725 -1.7177861 0.6606813 0.8595345 -0.27494183 -2.7430909 0.29022494 0.4183672 -0.2539737 0.041777425 0.39945263 0.018661205 
-0.87089306 -1.6695824 -0.046040837 0.8251797 -0.64448005 -2.9072397 0.7501578 0.06780792 -0.18550035 0.362038 0.43407652 0.15686592 
-0.46195227 -1.3582095 -0.32352412 1.0611448 -0.44501564 -3.3616743 0.7835585 -0.0730919 0.012126956 0.7541873 0.35829058 0.9012553 
-0.31923202 -0.86358976 -0.55108696 1.0430217 -0.32130572 -3.521437 0.2768391 -0.025599634 -0.035182912 1.1973209 0.26789156 1.0715835 
-0.4247225 -0.3882033 -0.25319734 1.2143575 -0.16982986 -3.465853 -0.26492542 0.22728409 -0.1409449 1.5238267 0.3496238 1.0957639 
-0.8555984 -0.5671837 0.4554326 1.4774629 0.0562741 -3.2177157 -0.53252524 0.36159873 -0.3410699 1.5039393 0.56783724 1.082182 
-1.0221002 -0.8863148 0.86569387 1.345027 0.033103686 -2.770596 -0.66386765 0.66406703 -0.50133806 1.2786766 0.67021626 0.5201309 
-0.71180755 -1.1521841 0.9521354 1.316546 0.6181692 -2.0230305 -0.35072568 0.87760884 -0.6623026 -0.5116845 0.76261497 0.21363376 
-0.95588493 -1.0918571 0.5548106 1.0776727 1.0489377 -2.4794 -0.005718141 1.648607 -0.8978924 -0.74173015 0.2503191 0.41529003 
-0.8277954 -0.91041076 0.03258628 0.85987586 1.5740185 -2.44429 -0.11888995 2.1571562 -0.93552274 -0.83353466 0.49694178 0.83322537 
-0.32795772 -0.73658186 -0.38427925 0.9047373 1.5696869 -2.1666512 -0.32497105 2.6690974 -0.77620965 -0.6133064 1.1823217 0.9907684 
-0.47087193 -1.1090398 -0.7507885 1.2787281 1.6176391 -1.7654573 -0.89262646 2.3509526 -0.72700363 -0.5755988 1.6413864 1.2453463 
-0.28671175 -0.890971 -0.5231118 1.7553464 1.216924 -1.679884 -1.0301833 1.9874691 -0.61939526 -0.39641136 2.1286583 0.7659508 
-0.5132475 -1.1976018 -0.1655291 2.1371207 0.79382396 -1.5688653 -0.94105613 1.2679268 -0.8321544 -0.59634745 1.8542556 0.3835599 
-0.6044361 -1.3759221 0.36358553 2.0667105 0.6287724 -1.7890302 -0.71070033 0.9101004 -0.8794516 -0.60683703 1.4311236 0.24283732 
-0.053207576 -0.6966941 1.4724013 0.9231976 0.526265 -1.8952551 -0.26984593 0.46932384 -1.0589436 -0.8671417 0.9427705 0.18426064 
0.24102244 -0.7543547 1.4039834 0.49342844 0.63644063 -2.5760686 -1.0198385 0.6831034 -1.8135732 -0.9213559 0.7584868 -0.23707013 
0.35518965 -0.70117354 1.0981512 -0.16731511 0.56542194 -2.8720853 -1.1883705 0.58212453 -1.7261186 -1.3599585 0.7242183 -0.4835417 
0.23588645 -0.4425161 0.9025158 -0.6010687 0.30031797 -2.8031669 -1.0735999 0.7366769 -2.0223546 -1.813036 0.8999252 -0.89972746 
-0.31051916 -0.15503477 1.0067562 -0.62428164 0.03322976 -2.6271458 -0.4948631 0.8816201 -1.9998302 -2.2403238 0.96279687 -0.9846917 
-0.6571202 -0.10638932 1.3202237 -0.13371427 -0.37887126 -2.0361826 -0.29597953 0.9078097 -1.833327 -2.271309 1.3086399 -0.95245624 
-0.44511977 0.032758996 1.362768 0.63856125 -0.14742282 -1.989068 -0.022726564 1.018913 -1.1871548 -2.0999258 1.4150198 -0.47897652 
-0.40203604 -0.17044654 1.6348892 1.133737 -0.010296246 -1.9090333 -0.17688036 1.0104895 -1.2317699 -1.5649961 1.350426 -0.29984865 
0.40204698 -0.46009666 1.5521214 1.0095618 0.17833053 -1.5593635 -0.2182227 0.29397917 -1.3365974 -0.82650506 0.48399198 0.9825 
0.51271427 -0.29776484 0.9927347 1.540538 0.10120866 -1.9375277 -0.062478002 -0.076491326 -1.9810522 -1.4578165 0.19043384 1.2722454 
0.30665258 -0.14688967 0.66346496 1.4897665 -0.05935505 -1.9939792 -0.25647926 -0.6652725 -2.088761 -1.6488127 0.037678517 1.5672393 
-0.26236963 -0.44530547 0.73432785 0.9710396 -0.3497463 -2.0786445 -0.2552424 -1.1030213 -1.9014992 -2.1101635 -0.11346805 1.8848518 
-0.9051246 -0.28645715 1.0683342 0.5455519 -0.29006585 -1.9841907 -0.6356496 -0.877807 -1.7412115 -2.1303256 -0.30429727 2.3935082 
-0.7603256 -0.32746005 1.9627634 0.21842268 -0.6126428 -1.847241 -0.7580609 -0.63915235 -1.7740513 -1.6853323 -0.20182109 2.1282945 
-0.48564932 -0.29427433 2.1241345 0.29028144 -0.33927244 -1.6273174 -0.8727957 -0.0073819296 -1.2216713 -1.4531714 0.089813896 2.1779723 
-0.013490124 -0.41062143 2.0909312 0.6467192 0.08947969 -1.7376876 -0.8291267 0.27221674 -1.1991302 -1.0864537 0.29866818 1.7946059 
1.1359931 -0.2422443 1.5389187 0.6903086 -0.49535587 -1.3289001 0.15116571 0.5269634 -1.2040428 -0.559401 0.7754939 1.2243602 
1.5251626 0.6932413 1.4625173 0.6571853 -0.3737835 -1.6855465 -0.007689182 1.0574967 -1.2530156 -0.4847771 1.0215746 1.6450907 
1.5513387 1.1214243 0.9889091 0.82811815 -0.30987757 -1.7435143 -0.30941752 1.0976087 -1.2030538 0.005752551 1.1648766 1.9944149 
1.2839035 1.2918414 0.8490232 1.1182679 -0.6005807 -1.5800846 -0.55002487 0.8538668 -0.98438495 0.4303963 1.7540033 2.0242853 
1.4040918 1.0388056 0.7221388 1.5089456 -1.1479757 -1.3516588 -0.65016335 0.70958906 -1.0165057 0.44561547 2.4451602 1.6029736 
1.124729 0.31123477 0.82786566 1.8386146 -1.4439013 -1.0382056 -0.52490467 0.13035321 -1.2068435 0.32776964 1.9592329 1.7620461 
1.1841272 -0.18788241 1.3332535 1.6197276 -1.6142589 -1.1002473 -0.35620326 0.044828113 -1.2004787 -0.12999645 1.6231651 1.4504427 
1.3103243 -0.37117663 1.7027762 1.2443513 -1.3469664 -1.3665527 -0.124918714 0.30816868 -1.1182336 -0.5111325 1.2631054 1.2144177 
1.390447 -0.69145954 1.1759962 -0.024414528 -0.64552754 -1.0720962 0.47463447 0.6492058 -1.6642681 -0.28093436 0.48996696 1.339992 
1.3272692 -0.5629398 1.2506342 -0.43083695 -0.6190711 -0.6847579 0.51989555 0.7963901 -2.3896816 -0.92012787 0.91062385 1.4617904 
1.0758556 -0.8427157 1.1166431 -0.6778058 -0.97143483 -0.14416339 0.2520243 1.1833508 -2.6293085 -1.3596784 1.1686534 1.4290913 
1.0748295 -1.0174298 0.7788053 -1.0957189 -0.8603709 0.045346797 -0.050438043 1.6788291 -2.3511364 -1.4438684 1.5022641 1.3229619 
1.2318611 -1.5806246 0.6868625 -1.2525439 -0.8195096 -0.0035338574 -0.69232357 1.6603285 -1.8118318 -0.85680234 1.6309574 1.5706961 
1.7207277 -1.8539999 0.30072325 -0.7391588 -0.18483698 -0.51065785 -0.51825374 1.6565616 -1.603763 -0.4821381 1.5445969 1.5547267 
1.7541147 -1.927618 0.67166317 -0.53723675 -0.25280002 -0.9871994 -0.32117796 1.3340107 -1.5203965 -0.009387922 1.0218395 1.7255454 
1.8813577 -1.452865 0.8911052 -0.29103887 -0.391833 -1.2523549 0.043988403 0.86082786 -1.6009393 -0.1119799 0.7651592 1.3894746 
1.0083177 -0.63326925 0.9077079 -0.46265614 -0.9905488 -1.4059876 1.0507865 0.49095583 -1.6995127 0.070192784 0.2026858 1.0472538 
1.0846969 -0.57437235 0.6626215 -1.1235013 -1.0776719 -1.9825258 0.9731257 0.8060813 -1.5559707 -0.16205937 -0.42648432 1.5266602 
0.6386473 -0.36602968 0.40247512 -1.5454913 -0.76193863 -2.19831 1.1419374 1.147433 -1.3563312 -0.064957395 -0.58972204 1.877838 
0.06360178 0.12225224 0.608452 -1.7826128 -0.57363194 -2.3091714 1.1713002 1.1684425 -1.0032457 0.45590013 -0.30978924 2.149595 
-0.16668452 0.14930128 0.9648668 -1.9656624 -0.57264465 -2.3340342 1.1075692 1.3613473 -0.88763875 0.6425321 0.3864977 1.62065 
0.09699032 0.20784047 1.1813225 -1.7404538 -0.7874131 -2.1612372 1.2404982 1.4193496 -0.9348368 0.98612463 1.0414639 1.2937824 
0.21671893 -0.22499898 1.6530724 -1.2409953 -0.8760472 -1.8722374 1.4713694 1.0874116 -1.5433081 0.87618905 1.2515104 1.1522002 
0.57774174 -0.40590936 1.4505395 -0.9029004 -0.96664995 -1.5632088 1.3049577 0.5871801 -1.7062109 0.70399356 0.9023965 1.1011412 
0.7245071 -0.729935 0.16527447 -0.1537485 -1.215891 -1.467235 1.2515607 0.3409382 -2.2259002 0.33276698 0.19432916 0.48417932 
0.6764283 -0.49923387 0.18691678 -0.1520908 -1.9235749 -1.5296088 0.66983706 0.6095716 -2.765877 0.84844565 -0.04029726 0.2430624 
0.14852042 -0.2165372 0.15588485 0.0019910967 -1.6945139 -1.5779066 0.54823935 1.2251736 -3.2186868 1.0406357 0.03141878 -0.035019115 
-0.11684111 -0.16206041 -0.08199964 -0.057666674 -0.9153759 -1.9234769 0.40792808 1.7047446 -3.6923103 1.3001835 0.13386533 -0.17187008 
-0.2780539 -0.29710835 -0.46150485 0.09962144 -0.4055658 -1.7761779 0.8057616 1.5968556 -4.044116 0.8048349 0.2620564 -0.06025815 
-0.2247314 -0.24645126 -0.88530463 0.52869606 -0.22688366 -1.7198621 1.4028251 1.2702765 -3.4384608 0.8723415 0.4608599 0.51571137 
0.51270753 -0.3838158 -0.90381473 0.2990031 -0.34956375 -1.7294794 1.7164435 1.0624446 -3.088832 0.5623316 0.7130977 0.6697206 
0.92296445 -0.5450377 -0.6213563 0.07840667 -0.8559133 -1.5479597 1.5824637 0.6458363 -2.5344052 0.65499425 0.542543 0.79856336 
0.22452109 -1.5239135 -0.030842852 -0.031110398 -1.5945342 -1.5341146 1.5348384 0.11720373 -1.9820887 0.11577686 0.5269915 0.06295089 
-0.33655939 -1.7199931 -0.03946221 0.54929394 -1.6397316 -1.8093829 1.6615616 -0.13483654 -1.7129097 0.16887979 0.24885416 0.27879098 
-0.6725446 -1.3514956 0.024761947 0.8489845 -1.509938 -2.2457502 1.5270888 -0.36411408 -1.3912631 0.42328358 0.44688535 0.027842708 
-0.64876384 -1.4240267 -0.28044504 0.9878067 -1.3022097 -2.6747513 1.0651911 -0.0833815 -0.69911236 0.49766436 0.81199384 -0.35638478 
-0.25602868 -1.6414554 -0.61113733 0.5388846 -1.4528143 -2.8188279 0.76265424 -0.11976581 -0.7986748 0.41345173 1.3612431 -0.93365216 
0.35532817 -1.7998905 -0.5025277 -0.29006812 -1.5222293 -2.882754 0.86050624 0.11063966 -0.9299377 0.40676317 1.5262504 -0.97307014 
0.51609606 -1.7706672 -0.44115245 -0.6997264 -1.5285529 -2.4430828 1.1774412 0.29689592 -1.2619678 -0.06330384 1.3295997 -0.82668394 
0.46061584 -1.6753079 -0.27516088 -0.590128 -1.6470826 -1.8642842 1.5348922 0.23802777 -1.7453963 -0.18932629 1.045367 -0.39097765 