0.65791714 0.19594365 -1.8081352 -1.8205194 -0.39013788 -1.6621369 -0.6658499 -0.70293385 1.861679 -1.1768575 1.2747449 -0.48215652 
1.0492917 -0.10893141 -1.2380722 -2.1621563 -0.29738444 -1.1817881 -0.52478355 -0.6376115 1.9532939 -1.4810832 1.2151251 -0.9585574 
0.7674907 0.25306994 -2.0750573 -1.9707388 0.060432628 -1.7603309 -0.6849948 -0.72958386 1.9043822 -0.98983335 1.3114879 -0.35020465 
0.8702995 0.23187417 -1.728003 -1.959893 -0.28510293 -1.6815171 -1.0646904 -0.7581053 1.672668 -1.203245 1.31247 -0.28659 
1.001388 0.13163225 -2.1065564 -1.576503 -0.9157259 -1.8877306 -0.4644892 -0.56950617 1.3367907 -1.4285588 1.0083796 -0.57880753 
-0.29812795 0.04739536 -1.5347472 -1.5341607 -0.40694588 -1.4326164 -0.7827812 -0.3385924 2.0315008 -1.8505237 0.97061414 -0.10826256 
-0.5127791 0.11411093 -1.5907834 -1.5616394 -0.33256528 -1.7593288 -0.91892713 -0.3243516 2.175003 -1.6100197 0.7594981 -0.26812816 
-0.5374498 0.108000234 -1.4028467 -1.4690065 -0.5587519 -1.7562187 -0.87386173 -0.2698037 2.2353613 -1.7237397 0.7579801 -0.17792988 
-0.39737964 0.047165863 -1.5384434 -1.5300419 -0.51521236 -1.7106212 -0.8855437 -0.18860854 2.2031634 -1.7624766 0.7826147 -0.22178528 
-0.5168007 0.21367416 -1.5734129 -1.5887063 -0.45072883 -1.7183138 -0.81994057 -0.32106653 2.2219968 -1.6852007 0.77378863 -0.23309386 
-0.95780706 0.07754773 -1.2564694 -1.2327693 -0.2542747 -1.1728909 -0.9433816 -1.3417794 1.5123185 -1.7999458 1.1390245 0.03780242 
-0.9675888 0.12915784 -1.2341176 -1.1989235 -0.31606126 -1.1571712 -0.9071099 -1.3177955 1.3309231 -2.1473098 1.2138731 0.19751163 
-1.1353793 0.14136146 -1.2476166 -1.3454587 -0.21223377 -1.1103406 -0.9759401 -1.2985842 1.4857718 -1.9805713 1.0884103 0.27672836 
-0.9749286 0.13982545 -1.2204318 -1.2548931 -0.4647435 -1.1042136 -0.97257364 -1.4674239 1.537761 -1.8318776 1.0122548 0.21009207 
-1.1079999 0.28722215 -1.2157124 -1.3989886 -0.32355973 -1.1110067 -0.93447185 -1.4472433 1.4491911 -1.948653 1.1324227 0.086480506 
-1.4253081 -0.50330716 -1.6298219 -0.9570376 0.024721771 -0.62758464 -0.39306867 -1.4776082 1.377428 -1.1563739 1.0297537 -0.11165983 
-1.36941 -0.54470205 -1.9940399 -1.2056533 0.09960227 -0.55740756 -0.5804893 -1.6477895 1.3760635 -1.0595343 1.0081887 0.008203535 
-1.4766011 -0.93587184 -1.5459254 -0.79766226 -0.44212073 -0.40186414 -0.15073243 -1.3330092 1.5119153 -0.8643633 1.2386754 0.2348413 
-1.4154128 -0.5626568 -1.9005753 -1.0566522 -0.15949073 -0.6703607 -0.4926948 -1.6316296 1.5615478 -1.175575 0.7224467 -0.2113367 
-1.4071405 -0.8540639 -1.6506271 -1.1095638 0.049563468 -0.628323 -0.78295213 -1.651245 1.5212967 -1.1650261 1.0158687 -0.50963753 
-1.4794359 -0.4577645 -1.3417572 -0.9746632 1.0923877 -0.9167265 0.37195984 -1.4730682 1.079149 -1.0421766 1.0387625 -0.14972547 
-1.5840815 -0.4350567 -1.29229 -1.1121432 1.3312343 -0.9324293 0.24150456 -1.333922 1.1083319 -1.1213391 1.1101694 -0.08973806 
-1.645961 -0.45288157 -1.3131051 -0.9613633 1.1351851 -1.0354794 0.4426708 -1.3434505 1.1945809 -1.1431834 0.8937573 -0.038185112 
-1.5904713 -0.46402654 -1.2952807 -1.044434 1.2486087 -0.9583321 0.51319844 -1.2900741 1.109172 -1.1710072 1.1473188 -0.10480603 
-1.6305745 -0.59881806 -1.1181698 -0.9365993 1.1796845 -0.94643104 0.53872514 -1.4191571 1.2203646 -1.2897717 0.9596601 0.05524644 
-1.15141 -0.03721045 -1.1287161 -0.86934185 0.66338193 -1.2463156 0.94343525 -1.8622396 0.39440718 -0.5651192 0.8484136 -0.7992965 
-1.2570226 -0.043873046 -1.3172096 -0.7998733 0.5177501 -1.5017221 0.9856802 -1.7056277 0.45408815 -0.62472403 0.91292846 -1.0608671 
-1.4085034 0.05232291 -1.0061983 -0.8783031 0.6224012 -1.2890923 0.8440736 -1.7760981 0.37195662 -0.6892993 0.9088825 -0.96420217 
-1.3556778 0.5336449 -1.0908761 -1.2784225 0.55951715 -1.115657 1.142019 -1.9945765 -0.038917255 -0.80754864 1.0346155 -0.6695974 
-1.5360856 -0.046764676 -1.0478755 -0.8049639 0.4072845 -1.2767262 0.96333665 -1.8878487 0.3487639 -0.39777088 0.96638185 -0.90449107 
-0.55925214 -0.6299426 -1.2867668 -1.0066401 0.9229453 -1.671328 0.754062 -2.5096436 0.13567749 0.13299352 0.60491925 -0.32584348 
-0.6111782 -0.54754233 -1.276867 -1.1304566 0.8804954 -1.6782122 0.6098135 -2.7965326 -0.16606626 0.3933867 0.82254106 -0.08921878 
-0.6533836 -0.6415311 -1.284162 -0.89336866 0.8327556 -1.9254655 0.8339328 -2.6102133 -0.02637381 0.14768969 0.6215984 -0.1110859 
-0.5204668 -1.0149728 -1.9963233 -0.89905334 0.8389811 -1.5224619 0.90233076 -1.9955995 -0.6073549 0.052851833 0.5466388 -0.42071256 
-0.74617994 -0.58435637 -1.4273492 -0.95794517 0.894557 -1.7183986 0.64890987 -2.4462147 -0.0025641255 0.34091184 0.5413995 -0.122455426 
-0.14150536 -0.9377471 -0.5003911 -1.0497942 0.9980347 -1.8416097 0.23388058 -2.5619147 -0.23770078 -0.4157362 0.27078322 -0.908469 
0.1527523 -1.4466603 -0.35516548 -1.2107455 1.0765641 -1.4192051 -0.024932195 -2.4526386 -0.85649526 -0.71356714 0.74468017 -0.8084423 
-0.12158836 -0.95434314 -0.45987633 -1.0864494 1.1735752 -2.1920662 0.01006081 -2.46565 -0.38622376 -0.41001406 0.33095843 -0.97651803 
-0.21588771 -1.0273606 -0.33734325 -1.0743088 1.0149286 -2.0899243 0.19385426 -2.5074162 -0.3844478 -0.33407137 0.42690206 -1.0362549 
-0.26806107 -0.94302964 -0.38229817 -1.0604389 0.99263835 -2.171255 0.18614653 -2.5443845 -0.47732514 -0.25773674 0.35864374 -1.0308826 
-0.5014285 -1.1293273 -0.1933441 -1.0213258 0.74321616 -2.0832617 0.30772796 -2.6973662 -0.21631493 -1.0062468 -0.7732526 -0.3151353 
-0.73090225 -1.1889626 0.25656402 -1.0731025 0.86102283 -1.8631163 0.514212 -2.7779071 -0.07031423 -0.8478001 -0.66762173 -0.35899043 
-0.6343641 -1.2262759 -0.18296225 -1.1659776 1.0576279 -2.0751655 0.20493263 -2.5776386 -0.039152853 -1.1611634 -0.91408396 -0.5856359 
-0.70268697 -1.1658483 -0.13363004 -1.2151743 1.007311 -2.146453 0.22394283 -2.64088 -0.14994329 -0.962867 -0.9746788 -0.47763932 
-0.59471697 -1.300458 0.09310504 -1.2942307 1.1566838 -1.9274622 0.24295829 -2.6087852 -0.16587667 -1.0981842 -0.8031556 -0.37685546 
-0.001628852 -1.0538355 0.08493115 -1.1000651 0.6523863 -2.408775 1.147536 -1.9045265 -0.41320562 -0.89163166 -1.2493004 0.020244 
-0.18363261 -1.0661272 0.1368106 -1.1122018 0.60812473 -2.5769496 1.3693402 -1.8733839 -0.44732022 -0.7523036 -1.3776797 -0.20856614 
0.03880095 -0.9670546 0.18989395 -1.3096092 0.6849119 -2.1845188 1.2795911 -2.0611398 -0.4281831 -0.8474014 -1.3928252 0.14926031 
0.02482875 -1.2621672 0.43854108 -1.2584227 0.59408337 -2.4398587 1.227437 -2.004803 -0.5539701 -0.95560277 -1.3615841 -0.050902307 
0.118982874 -1.365849 0.13629422 -1.0953009 0.574086 -2.6233528 1.2347754 -1.912126 -0.7343872 -0.6246725 -1.2946106 0.045350663 
0.80152124 -0.5975779 -0.30594856 -1.1474897 0.19978972 -2.3650546 0.5202916 -1.5815232 0.04010758 -1.1902268 -1.0428395 0.82514447 
1.2225546 -0.5678794 -0.28087944 -1.5992011 0.28845623 -2.5009747 0.33630362 -1.5374879 0.02638336 -1.3081217 -1.2800723 0.85948175 
1.0874516 -0.4149213 -0.29347822 -1.598857 0.3852038 -2.5217872 0.27258086 -1.4225706 0.04964494 -1.3956541 -1.2494948 0.8208427 
1.1621592 -0.4516264 -0.32961616 -1.6109623 0.3870147 -2.4925272 0.3259551 -1.4165913 -0.01740391 -1.3495078 -1.2318077 0.8010482 
1.14285 -0.5263221 -0.30252984 -1.5803831 0.39281934 -2.1413448 0.3958133 -1.3654877 -0.11206363 -1.422445 -1.0857048 0.97534394 
0.07125958 -0.69742966 0.47889355 -0.7963446 -0.24031316 -2.6553128 0.61959034 -1.2158517 0.84675616 -1.2654667 -0.51509774 1.4128827 
-0.23738962 -0.35785607 0.829416 -0.9768411 -0.55272293 -2.9406624 0.8958211 -1.3957292 1.0139756 -1.5566081 -0.5218429 1.3206983 
-0.13227184 -0.41796038 0.6935409 -0.9602542 -0.40735206 -2.817974 0.8766795 -1.4824436 1.1303006 -1.3624641 -0.40878782 1.4704554 
-0.16359094 -0.45007968 0.78122056 -1.0992095 -0.4907492 -2.8431582 0.85224205 -1.3521951 1.1050752 -1.5395852 -0.5157569 1.5198216 
-0.12712665 -0.4048085 0.68987817 -1.016235 -0.30453393 -2.8891242 0.98390615 -1.2796518 1.1734236 -1.5263273 -0.36845613 1.5060756 
0.06758384 -1.3320841 -0.15484264 -0.5235755 -0.28657803 -3.231938 0.1460969 -0.578211 0.61568505 -0.6125376 0.27997375 1.6031221 
-0.31385237 -1.2979 -0.2472366 -0.6641397 -0.17405964 -3.807842 -0.15816097 -0.22569616 0.6939879 -0.5848973 0.25739187 1.6026366 
-0.34789526 -1.433828 -0.040043306 -0.7474212 0.18023707 -3.8221998 -0.06299376 -0.36266044 0.6473076 -0.5552475 0.437589 1.724789 
-0.10561235 -1.3556554 -0.21996441 -0.72953486 -0.11128573 -3.8121953 -0.1744697 -0.32159695 0.5819869 -0.38934994 0.25943708 1.6868496 
-0.24970686 -1.3324056 -0.23091318 -0.67508596 -0.0045582233 -3.8344047 0.099105716 -0.29417756 0.5385289 -0.6158412 0.43565005 1.7527684 
0.40283918 -2.3130295 0.16348757 -0.5150668 -0.6609841 -2.4176385 0.15944326 -0.55479413 1.1340662 -0.6695076 0.7915241 0.9880853 
0.29198787 -2.6882129 0.26582488 -0.47390306 -0.92231584 -2.5004733 0.13515718 -0.4231181 1.1271101 -1.0954858 0.74167216 0.5255881 
0.37772548 -2.6981938 0.1900374 -0.5432715 -0.8938105 -2.58791 0.2081464 -0.3690732 1.2333533 -0.9507569 0.85358775 0.6605423 
0.05682666 -2.6329427 0.06525392 -0.28299695 -1.1675521 -2.343724 0.16171251 -0.5833287 1.0352608 -1.0384619 0.82096815 0.5039496 
0.3781252 -2.722643 0.16251686 -0.51876163 -0.91426104 -2.4839456 0.16509302 -0.4223657 1.2645527 -0.953262 0.7658229 0.59603745 
0.32459828 -1.76846 0.11517763 -0.8956527 -1.189265 -1.7354242 0.05866606 -1.1791955 1.3142083 0.15821113 1.3346956 1.2850572 
0.3815623 -1.6678584 0.29299435 -1.229253 -1.2672362 -1.8725897 -0.154597 -1.3533268 1.5262433 0.45857182 1.4353793 1.2004979 
0.34825614 -1.6892214 0.24319768 -1.2994384 -1.1282258 -1.8793011 -0.06404682 -1.3741539 1.6793154 0.5614305 1.479151 1.2048267 
0.6217837 -1.7293016 0.2792639 -1.3364017 -1.1081973 -1.6272863 -0.06406494 -1.1428549 1.419807 0.43031412 1.4709121 1.1870176 
0.49529988 -1.5936677 0.25750965 -1.3125157 -1.0640397 -1.7451135 -0.10310232 -1.1278598 1.3228593 0.5943529 1.6582397 1.2060155 
-0.5071588 -2.1270254 -0.88566935 -0.47092745 -1.8681743 -1.4425735 -0.13758348 -1.0141313 0.6914982 -0.011417526 1.515653 0.7031099 
-0.293968 -2.6367745 -1.0469353 -0.31749943 -1.8969628 -1.8695526 -0.089913286 -0.9919669 0.44061607 -0.25675613 1.2029347 0.6078379 
-0.60883814 -2.4625223 -1.0121741 -0.3926162 -2.1209226 -1.8502593 -0.10668602 -0.90710944 0.38293332 0.036047135 1.3606172 0.52282614 
-0.42056692 -2.423297 -1.0808654 -0.4639722 -2.0438552 -1.7823942 -0.25295237 -0.88051164 0.3214501 0.0888949 1.5131783 0.57783425 
-0.6284308 -2.4638362 -0.9408781 -0.43930855 -2.1124685 -1.9074103 -0.22535607 -0.89529675 0.528092 0.13623649 1.4651672 0.35369068 
-1.1300881 -1.9943836 -1.0033318 -0.84228426 -1.3262894 -0.16879885 0.2200406 -0.6594932 1.3200431 -0.6474666 1.3364663 0.6292181 
-1.2908449 -2.0608191 -1.1631355 -1.0625707 -1.2073531 -0.041533794 0.11623537 -0.8381242 1.6376836 -0.5957406 1.4056739 0.44248453 
-1.2974337 -2.1365147 -1.0813109 -1.0682323 -1.1873977 0.0013836828 0.13578293 -0.9189469 1.5797035 -0.6421651 1.3617017 0.43747136 
-1.2348417 -2.1464646 -1.1934441 -1.1208913 -1.172953 0.050064493 0.2145626 -0.84523815 1.6162003 -0.5627021 1.322708 0.43819883 
-1.3584858 -1.7838689 -1.1673704 -0.95697546 -1.0686629 -0.13566989 0.13477801 -1.0643901 1.7126878 -0.770102 1.1992799 0.43811154 
-1.2209815 -1.5590229 -0.3561988 -1.0168732 -1.8650805 0.090786636 0.67400014 -0.43133357 0.13976014 -1.1504537 1.3587507 0.96093875 
-1.3886976 -1.9514099 -0.11118896 -1.4823904 -1.8798217 0.36479035 0.7805946 -0.87452286 -0.43163025 -1.2536237 1.6237873 0.9506765 
-1.4667583 -1.668908 -0.26571918 -1.2275618 -1.8492842 0.15098333 0.742835 -0.714229 -0.31517506 -1.3525803 1.6542743 1.0735418 
-1.4146672 -1.7421947 0.22982223 -1.2851332 -1.7416917 0.21565138 0.82434446 -0.6217548 -0.30280572 -1.2698084 1.7042369 0.54476106 
-1.3584111 -1.8213614 -0.1193456 -1.2530172 -1.8766717 0.103814095 0.838658 -0.782109 -0.28515762 -1.4644101 1.495657 1.1050998 
-1.6064179 -0.64216167 -0.19428192 -1.6163938 -2.1898131 0.2661961 0.9505829 -0.42308873 0.57246494 -0.7561909 0.21711077 0.7916069 
-1.769443 -0.55247045 0.02886932 -2.0028782 -2.3303225 0.08661642 1.280711 -0.7062644 0.6051795 -0.58170104 -0.06033048 1.0797721 
-1.8090177 -0.50742024 0.08137077 -1.8729072 -2.3474092 -0.18787476 1.2734196 -0.37775725 0.8909709 -0.2319903 0.27192253 1.1866783 
-1.6936983 -0.57913595 -0.14796512 -1.929611 -2.452783 0.06481745 1.3134527 -0.75271875 0.678685 -0.5134555 0.054441188 1.1834221 
-1.7307323 -0.50329113 -0.074347734 -1.922888 -2.398349 0.07109267 1.2895432 -0.84976465 0.71002966 -0.54357296 0.040683184 1.1359704 
-1.1517304 -0.39309135 -0.37544522 -2.1773548 -1.9068532 0.17148261 0.59072423 0.72404253 0.5934778 -1.4311483 -0.22509068 0.444433 
-0.9409813 -0.6221924 -0.16457397 -2.5615232 -2.1563082 -0.009435522 0.540636 1.0897429 0.73900557 -1.7113369 -0.20070364 0.6330958 
-0.8223322 -0.62528825 -0.3121054 -2.447325 -2.184879 -0.056078933 0.51632166 0.9743249 0.7700762 -1.7825373 -0.3090952 0.5947992 
-0.80697423 -0.5820051 -0.26184824 -2.4610968 -2.1762538 -0.070041694 0.5084112 0.9065326 0.82320386 -1.6753474 -0.31126514 0.6567803 
-0.87319934 -0.6210062 -0.22963153 -2.488115 -2.101187 -0.058094945 0.46783006 0.9721653 0.8508587 -1.8135698 -0.318939 0.53775567 
-1.2629789 0.42923594 -0.90723664 -2.1147928 -1.2917236 -0.041059174 0.9296645 0.7292578 -0.07076878 -1.2009896 -0.2522139 0.18018922 
-1.7101537 0.26058477 -0.64878637 -2.1538088 -1.2979661 -0.34844005 1.1245704 0.6150648 -0.41017333 -2.1986327 -0.46500435 -0.2090053 
-2.2151754 0.22289117 -0.63136446 -1.9948704 -1.2463596 -0.9234029 1.0229614 0.4708337 -0.24415961 -2.535585 -0.8251534 -0.2956969 
-2.0308275 0.183376 -0.8685124 -1.758601 -0.8625746 -1.4402193 1.1032115 0.4086705 -0.085196555 -2.537095 -1.18939 -0.09234697 
-1.9269023 0.2090023 -1.0993699 -1.7597314 -0.4214004 -1.8464429 1.4341311 0.7590544 0.0032985734 -2.1680539 -1.1853172 0.3072071 
-1.7268655 0.2704493 -1.3952516 -1.8165764 -0.4697498 -1.6627768 1.5584676 0.9233328 0.48437494 -1.564318 -1.140748 0.6164671 
-1.4551184 0.084805556 -1.4363798 -1.9181901 -0.7582035 -1.2711651 1.501228 1.2971534 0.3232591 -0.96514326 -0.82321364 0.827879 
-1.3581793 0.37165505 -1.4669657 -2.1046903 -1.0952443 -0.5337112 1.2875222 1.104031 0.19013906 -0.99718845 -0.46286967 0.53351074 
-1.0495082 0.7777235 -1.0500698 -2.6856651 -1.0285838 -0.017028661 0.46338865 0.76259565 -0.30343863 -0.7160069 -0.17015243 -0.25891984 
-1.0545028 1.0841012 -1.0497873 -3.0607026 -1.2232265 -0.078297645 0.5621352 0.20037268 0.30406827 -0.20125838 -0.6075284 -0.45483118 
-0.87220377 1.1517183 -0.9516555 -3.3525155 -1.0802006 -0.029892799 0.29676852 -0.45770213 0.91227007 -0.011342851 -0.61733574 -0.6257027 
-0.65177476 1.1516883 -0.699717 -3.8454535 -0.6186136 0.29974234 0.1680454 -0.5654615 1.0520455 -0.51587975 -0.2816292 -0.83794856 
-0.67459416 1.0546956 -0.7180049 -4.1196704 0.21392995 0.4320809 0.11884702 -0.45400646 0.86084026 -0.92586225 -0.1270087 -0.7022115 
-1.2724547 0.6673833 -0.926564 -3.8839626 0.48372763 0.6061937 0.15650089 -0.10048647 0.44603306 -1.1130582 -0.093879946 -0.613773 
-1.124002 0.6680886 -1.1490363 -3.6984122 0.23963103 0.558067 0.443733 0.48852247 0.12820297 -1.2447406 0.1759936 -0.3183413 
-1.0729429 0.6963202 -1.3307273 -3.2873862 -0.2582224 0.391778 0.56991905 0.73496467 -0.20261544 -0.98467475 0.12751147 -0.14728801 
-1.1421055 0.7012486 -0.9271996 -2.5759342 -1.1813897 -0.4990736 0.15533163 1.0219736 -0.5995793 -0.47911084 0.39463067 -1.0126743 
-1.4342955 0.34442955 -1.7006943 -2.4688926 -1.3958706 -0.4764384 -0.12132651 0.77186817 -0.6548566 -0.7069005 0.65863407 -1.3301622 
-1.6701257 -0.08253955 -1.901506 -2.2892742 -1.6176993 -0.38041005 -0.025239768 0.19871294 -0.67803603 -0.6557192 0.8496714 -1.7945573 
-1.6283418 -0.64216524 -1.7945904 -2.3340342 -1.9482112 -0.39997458 0.32641864 -0.048348237 -0.8511671 -0.20838803 0.9319227 -2.2067173 
-1.5414476 -1.0681511 -1.3789091 -2.565206 -1.7241794 -0.29029924 0.3668223 0.1817203 -0.41935375 0.18219219 0.96072173 -2.5758054 
-1.4317646 -0.9143402 -0.83413285 -2.8632188 -1.4635099 -0.28667638 0.61309457 0.62208974 -0.46512392 0.2446145 0.75898486 -2.4717214 
-0.9980022 -0.50420594 -0.4797539 -2.8742602 -1.0894352 -0.561913 0.64084256 1.1326818 -0.5544835 0.10991771 0.35052273 -2.1172817 
-0.9477153 0.08882519 -0.58197653 -2.8480752 -1.1456132 -0.5087371 0.36125147 1.2884141 -0.5413973 -0.20517081 0.2834514 -1.5962546 
-1.2676076 0.843998 -0.5650412 -2.4395697 -0.8517324 -0.98679936 -0.14886194 1.1254991 -0.70980704 -0.3637378 1.0730294 -0.63107455 
-0.9677418 1.0919513 -0.73527956 -2.5649533 -1.4886559 -1.5784658 0.21413411 1.2009146 -0.5042537 -0.30738357 1.75183 -0.734386 
-0.76698804 1.2317618 -0.88889956 -2.6941113 -1.7086319 -1.8988196 0.44132128 1.0883862 -0.2104733 -5.354432e-07 2.3478825 -0.3756344 
-0.957104 1.101973 -0.8428588 -2.7224643 -1.5372479 -1.8616377 0.43903124 0.8348659 0.17667109 0.54439306 2.7554903 0.042349476 
-1.5058808 0.9661624 -0.9014902 -2.8483987 -1.1291684 -1.3592708 0.43028 0.5819111 0.5562222 0.720956 2.8650978 0.012372663 
-1.9547282 0.6295952 -0.82147706 -2.9624999 -0.88070816 -1.0474606 -0.14837714 0.92208785 0.79286754 0.67025816 2.4251437 -0.038888253 
-2.249147 0.75024056 -0.5254642 -3.1489515 -0.6784127 -0.8370988 -0.25822112 0.97694457 -0.028542351 0.3973104 2.0317879 -0.111490324 
-2.1115508 0.8262302 -0.39848113 -2.8126373 -0.73400396 -0.91207796 -0.24168439 1.0514822 -0.42226735 -0.11594381 1.5544428 -0.44919255 
-0.7295326 0.5628935 -0.40538743 -2.1426291 -0.52773076 -1.347665 -0.81405485 0.94042194 -1.269392 -0.5965061 1.0527117 -0.40403146 
-0.8508333 -0.105309695 -0.91600186 -2.087711 -0.3820539 -1.5744939 -0.7490911 1.5155257 -1.482418 -0.6793305 1.336268 -0.03159492 
-0.6357378 -0.6568378 -1.28988 -1.8384639 0.1283353 -1.9336649 -0.544087 1.5689273 -1.44643 -0.5028023 1.3721799 0.13690393 
-0.8180015 -0.3633394 -1.7877852 -1.8654851 0.6749596 -2.4846718 -0.6338412 1.277049 -1.1160717 -0.63041747 1.6734433 -0.023416463 
-0.52609986 0.098867975 -1.6085606 -2.2652233 1.0820614 -2.7503912 -0.75936335 1.0199761 -0.8249064 -0.37370956 1.6258323 -0.28962788 
-0.6830114 0.58724886 -1.2730967 -2.4457686 1.0396814 -2.7692177 -0.8030278 0.74495906 -0.63887805 -0.39289635 1.5461185 -0.93199337 
-0.7634793 0.9484191 -1.0531527 -2.6432545 0.58669996 -2.5562663 -0.89593863 0.70183194 -0.86618376 -0.44872144 1.0985099 -1.1838809 
-0.7424792 0.81590927 -0.65343267 -2.482603 0.1410406 -1.8338406 -1.045001 0.68594867 -1.0258292 -0.5832703 1.0867547 -0.9520218 
-0.94285136 0.48095423 0.017248036 -1.758706 -0.85532707 -1.7396452 -0.7650982 0.14093281 -1.6546674 -0.3686787 0.8098542 -0.2884163 
-1.2631787 0.19371635 0.6135659 -1.7994682 -1.2183352 -2.5554867 -0.92403585 0.41836923 -1.3634554 -0.3877997 0.68142873 -0.60816085 
-1.4680676 -0.0084073935 0.8836243 -1.5789694 -1.3530214 -3.1059375 -0.70410204 0.48053148 -1.185881 -0.8942576 0.54585123 -0.7124651 
-1.3090152 -0.06345925 1.0235616 -1.402839 -1.1181749 -3.272432 -0.19064294 0.09256616 -1.3056523 -1.3080316 0.7004916 -0.91176134 
-0.81330174 -0.053992618 1.1913048 -1.5210146 -0.94572395 -3.3392615 0.33005667 -0.26578936 -1.7383173 -1.6340376 0.8542628 -0.90218174 
-0.6427995 0.28620714 0.7348116 -1.5830616 -0.78987145 -3.0020814 0.6099307 -0.33853438 -2.1920893 -1.2750161 0.94635504 -0.4423263 
-0.68241525 0.8449957 0.3736002 -1.7947707 -0.71093446 -2.4826543 0.49342573 -0.31242186 -2.2288268 -0.9422653 1.0541978 -0.17350617 
-0.8584049 0.7210726 0.102987 -1.8529799 -0.8407274 -1.9698995 0.002529854 -0.18473893 -2.1261377 -0.6235671 1.0267749 -0.37043247 
-0.9808809 0.38603503 -0.015759278 -1.944346 -0.7774926 -1.5885698 -1.1967025 -0.38142776 -1.6266533 0.14902975 0.20393333 0.22266571 
-1.5657014 -0.14501823 -0.11584209 -1.7103534 -0.53734756 -1.5494167 -1.581971 -0.85637784 -1.5407194 0.2602803 0.5937407 0.5531928 
-2.2050388 -0.70465446 0.019864438 -1.6504853 -0.37659192 -1.196711 -1.5186243 -1.0657872 -1.2569646 0.0058450913 0.4267904 0.76326853 
-2.407875 -0.29599622 0.31941843 -1.9435663 0.08552068 -1.345166 -1.291868 -1.1333381 -1.0949273 -0.54351914 0.15188625 1.4299259 
-2.224915 0.19648755 0.36695468 -2.4149754 0.6216411 -1.6410285 -1.0559908 -0.89857256 -1.2025079 -0.8213 -0.3146534 1.6553899 
-1.6097683 0.032733627 0.57842886 -2.6943383 0.26500902 -1.3912203 -0.94354063 -0.5696405 -1.6141464 -0.99665606 -0.62001973 1.3911862 
-1.05668 -0.28102034 0.6825932 -2.7870748 -0.04438269 -1.0905124 -0.8691393 -0.31913525 -2.051584 -0.4072976 -0.6539622 0.6916611 
-0.8112677 0.13604683 0.38630038 -2.4921095 -0.35127714 -1.5298666 -1.1120812 -0.33506715 -1.9789971 -0.03085054 -0.35885787 0.41284296 
-0.53592646 0.5733757 -0.2702614 -1.9732041 -1.5113025 -1.6811343 -1.2292703 -0.89869875 -1.2080986 0.21653774 -0.035271905 0.465246 
-0.08535458 0.50945425 -0.103155844 -2.408832 -1.7463167 -1.8485664 -1.417697 -0.5366456 -0.9969735 0.3033329 0.2717282 1.0607487 
0.51035416 0.39733133 -0.06774496 -2.8188457 -2.3481383 -1.8163196 -0.9386948 -0.33722275 -1.1444335 0.19149028 0.2900285 1.364271 
0.78628236 -0.053799175 -0.3495984 -2.8440099 -2.7247183 -1.6868839 -0.5177414 -0.5386687 -1.557971 0.008187982 0.28702587 1.6474416 
0.5633176 -0.28156397 -0.4678458 -2.2859156 -2.761164 -2.042824 -0.09711453 -0.6771047 -1.6611679 0.06526429 -0.096456505 1.7052644 
-0.03511732 -0.19578479 -0.7944381 -1.9125683 -2.6050417 -2.1070673 -0.05205286 -1.0598781 -1.6655668 0.30178002 -0.22943136 1.5396994 
-0.64732444 0.12154569 -0.87232804 -1.7727045 -2.4166932 -2.31711 -0.35869178 -1.2705377 -1.5803905 0.28689626 -0.47681934 1.1275427 
-0.66902137 0.46132362 -0.87071735 -1.7410911 -1.918783 -2.0466278 -0.9086004 -1.2624146 -1.441348 0.038287263 -0.2627641 0.7673097 
-0.21486863 0.55979896 -0.1467083 -2.231038 -1.572608 -1.4494549 -1.2178733 -1.500357 -0.6845772 0.37554005 -0.24057311 -0.33228126 
0.14398052 -0.007545413 -0.7784333 -2.2967427 -1.4683284 -1.7069408 -1.6039873 -1.3287512 -0.7449187 0.5442436 -0.44152808 -0.6642512 
0.48323557 -0.6957708 -0.7576682 -2.3543696 -1.6471763 -1.7436906 -1.6956462 -1.2172506 -0.54351366 0.606884 -0.66389287 -1.0035428 
0.4396377 -1.2670407 -0.4741862 -2.3291175 -1.8409402 -1.5240288 -1.8408415 -1.429766 -0.22319053 0.35952216 -0.57255113 -1.1769116 
0.07255177 -1.3203268 0.00900773 -2.2048237 -1.9159435 -1.3273777 -1.883152 -1.4074249 0.21169718 -0.5196981 -0.8309371 -1.1731231 
-0.21977258 -0.8684073 0.5979358 -2.190515 -2.2171845 -1.1793602 -1.6519928 -1.7116013 0.22812137 -0.63130236 -0.46970174 -0.95943034 
-0.34737822 -0.28026864 0.85358316 -2.2797654 -2.1970437 -1.0832223 -1.371369 -1.8416412 -0.10575456 -0.5212679 -0.32300586 -0.65977526 
-0.3511546 0.30114886 0.46161264 -2.2827117 -2.096698 -1.1885399 -1.1263639 -1.7666782 -0.48394006 -0.19630186 -0.28392294 -0.62762535 
-0.2658152 0.9297132 -0.16616608 -2.6312647 -1.1915394 -1.2127734 -0.71188945 -1.8080761 -0.284169 0.86805594 -0.22801621 -0.3698222 
-0.23944055 1.0105813 -0.7479943 -3.1430745 -1.2620611 -0.6255066 -0.43628028 -1.7608836 -0.18064566 0.8430483 -0.5619962 -0.22972244 
-0.4463771 0.99119055 -1.0336459 -3.2344308 -1.1587677 -0.32762134 -0.15250324 -1.5187639 0.12588017 0.8702241 -0.75172985 -0.13041808 
-0.5807283 0.98326546 -0.89597905 -3.0299437 -0.8193461 -0.30691344 0.2108949 -0.79089713 0.56955695 0.53304607 -1.0268408 -0.29339007 
-0.5919566 0.80424887 -0.5381144 -2.9406548 -0.41313848 -0.9895739 0.1489417 -0.83683145 1.1030785 0.82964534 -1.2760233 -0.31140813 
-0.68157554 1.2841202 -0.16165471 -2.890839 -0.4197327 -1.7346072 -0.21027152 -0.9397659 1.0945568 0.7164364 -0.98793447 -0.6601556 
-0.49745926 1.2628965 0.27163947 -2.8538444 -0.6582258 -1.9407613 -0.5418226 -1.343558 0.9562031 0.8712022 -0.5778728 -0.58133036 
-0.3426938 1.1480409 0.19765721 -2.7637534 -0.8931635 -1.7763655 -0.77460164 -1.680566 0.567126 0.98529184 -0.21083131 -0.32010165 
1.3729429 -0.43793842 -1.4111202 -1.908129 -1.1618181 -1.3580034 0.19972067 -0.19178389 1.1879882 -1.260994 1.3595991 -1.4727387 
1.1250676 -0.22841248 -1.0293568 -2.1036105 -0.7575496 -1.240532 -0.25242203 -0.40922686 1.7806416 -1.3766687 1.224333 -1.4112134 
1.5371369 -0.69735456 -1.5948858 -1.9892285 -1.1661222 -1.4022043 0.09063395 -0.31999782 1.0105804 -1.0663083 1.4520814 -1.6953279 
1.4339699 -0.72061545 -1.6537476 -1.8558166 -1.041857 -1.3827379 0.32583264 0.015003497 1.1304693 -1.2762415 1.2715554 -1.6157477 
1.2603596 -0.12500633 -1.9577324 -1.5810288 -1.1517957 -1.7843889 0.0031839362 -0.23583901 1.1382022 -1.5486425 1.0169749 -0.8090435 
1.3942326 0.03252525 -0.9137953 -1.9480152 -1.5482386 -1.0591307 1.0825977 -0.6345974 1.0729251 -1.1982495 1.3955175 -0.92971784 
1.454646 0.16468851 -0.6587352 -1.9910256 -1.7180135 -1.2407058 0.75043374 -0.82519406 0.79348147 -1.313266 1.5739281 -1.0488542 
1.4675183 0.18130496 -0.7604771 -1.8946782 -1.7189982 -1.1922853 0.9859227 -0.7284355 0.7082552 -1.2969031 1.5850661 -0.7832916 
1.488462 0.045074154 -0.82596385 -2.02175 -1.7826573 -1.0720628 0.8864247 -0.76417553 0.5809632 -1.314958 1.6907656 -1.0692707 
1.5435871 0.10248134 -0.64645684 -1.8028424 -1.7063221 -1.5083395 1.0010276 -0.6051609 0.6487868 -1.4027056 1.4858675 -1.0275798 
0.84578615 -0.28815985 -0.43750033 -1.5032814 -1.2058123 -1.1629848 1.6457356 -1.0888425 0.8437122 -1.5450108 0.8260859 -1.4742978 
1.0553024 -0.20460172 -0.3234491 -1.6671259 -1.4250531 -1.3158551 1.9449791 -1.1677518 0.83665395 -1.420306 0.67975044 -1.2753057 
0.87830323 -0.30880746 -0.41019836 -1.6233757 -1.3306625 -1.1594995 1.7871879 -1.2318074 0.8857185 -1.4149151 0.6992904 -1.5340009 
0.838823 -0.15876634 -0.48571995 -1.5706142 -1.3122416 -1.1769197 1.765119 -1.2130475 1.0010481 -1.3916149 0.59692305 -1.3958642 
1.0637776 -0.35136926 -0.6028554 -1.6226457 -1.2593668 -1.101629 2.0239656 -1.1735495 0.9280485 -1.4113886 0.6964222 -1.2363335 
0.22114047 -0.16621749 -0.23643449 -1.4880791 -0.34795135 -1.0504925 2.102669 -0.75887 0.736824 -1.421835 1.2851356 -1.2967781 
0.17646858 -0.2101151 -0.2282198 -1.5125757 -0.26226044 -1.2309175 2.176476 -0.63459134 0.81511164 -1.7263967 1.2680655 -1.4551393 
-0.029334154 -0.2580543 0.67493445 -1.4886451 -0.36683184 -0.8856445 1.7919583 -0.62112695 0.70107424 -1.3461409 1.6167543 -1.193239 
0.19050337 -0.16290875 -0.120582774 -1.4783583 -0.48906198 -1.2150446 2.2360651 -0.68243897 0.6620206 -1.5456079 1.2564448 -1.3775301 
0.12174487 -0.23211993 -0.27902484 -1.3547337 -0.21713124 -1.320563 2.126018 -0.48706454 0.73420626 -1.6752759 1.3974029 -1.3307858 
0.25089744 0.0050847065 -0.80629766 -1.4726936 0.26023966 -1.1214525 2.085678 -1.3899735 0.3084047 -0.9167972 1.6319834 -0.92275065 
0.255869 -0.032374125 -0.90046877 -1.6269524 0.45886335 -1.1054063 2.157656 -1.2389882 0.3222014 -0.9398436 1.6322787 -1.0367095 
0.3616766 -0.09000225 -0.8826459 -1.3743652 0.16830458 -1.3233532 2.2368333 -1.4569534 0.5026149 -0.81575996 1.8759099 -0.5911058 
0.48326975 0.05949394 -0.7075252 -1.5190446 0.31952095 -1.4080545 2.115302 -1.6198728 0.1846801 -1.0260804 1.7671413 -0.82493186 
0.41471535 0.11569752 -0.9363204 -1.59364 0.33922166 -1.2634559 2.1816607 -1.2903373 0.25758296 -0.8609741 1.7792339 -0.7819131 
-0.5445106 -0.15370266 -1.236003 -1.130443 0.3147041 -0.7277958 1.5539157 -1.8524697 -0.15540068 -1.1699086 1.127035 -0.65565556 
-0.52148414 -0.045200508 -1.2025458 -1.2279983 0.16818573 -0.49391702 1.695863 -1.9862481 -0.09277685 -1.2027189 1.0930805 -0.40402064 
-0.5898724 -0.078951895 -1.4552943 -1.1314617 0.15308388 -0.65363616 1.6734277 -1.9540216 -0.0905977 -1.4031007 1.1727575 -0.38494453 
-0.98107165 0.5383553 -1.1008505 -1.5079973 0.4064149 -0.7266416 1.4271808 -2.139624 -0.21634403 -1.1007642 1.0199481 -0.6344124 
-0.6766663 -0.19334738 -1.2653321 -1.1350957 0.19035323 -0.5928744 1.5886555 -2.1360283 0.014363057 -1.2376796 1.139611 -0.5449306 
-0.25649008 -1.0060501 -1.7262613 -1.3405532 0.50693125 -0.40249708 1.4599674 -1.7218133 -0.75760895 -0.9274726 0.83032095 -0.9449787 
-0.21380913 -1.1678139 -1.805335 -1.4208852 0.4461042 -0.32624558 1.3518724 -1.6670918 -0.7499238 -0.7506294 1.1682067 -1.0479732 
-0.5295094 -1.0141088 -1.6723086 -1.4591659 0.64699835 -0.4981348 1.6953281 -1.6676122 -1.0498674 -1.0284433 0.7975342 -0.9250168 
-0.251751 -1.0998235 -2.0963671 -1.0859933 0.59790874 -1.0003262 1.19314 -1.7970139 -0.7896184 -0.15654422 0.71566975 -0.6272907 
-0.41275665 -1.1769792 -1.8074331 -1.4876117 0.51903534 -0.31407723 1.6314774 -1.6285964 -0.8821184 -0.7395179 1.1651324 -1.019008 
0.116784446 -1.0900239 -0.9244365 -1.9518971 0.80092585 -0.043990843 0.7531237 -2.0878153 -0.9933181 -0.931292 0.56905687 -1.0067186 
0.16297102 -1.3515966 -0.4647806 -1.4513543 0.93610764 -0.87499386 0.18798529 -2.3490126 -1.1012032 -0.9502067 0.8668381 -0.8509632 
-0.021277288 -1.2490815 -0.9462926 -1.9160599 0.65184766 -0.16190702 0.49359223 -1.9923861 -1.4173381 -1.0517046 0.84203005 -1.169659 
0.08958265 -1.1322939 -0.90071577 -1.8566746 0.55518556 -0.20745245 0.6012881 -1.9610602 -1.4083891 -1.0958849 0.8586382 -1.1069624 
-0.19420108 -1.2021253 -0.8294517 -1.7829131 0.72698903 -0.119378634 0.5158481 -2.1099143 -1.3554169 -1.1063877 0.71979827 -0.7771923 
0.6346248 -0.664926 -1.2504599 -2.235898 1.0457333 -0.39230558 0.21696869 -1.578341 -1.3398713 -1.7029499 0.57541084 -0.32167327 
0.5999966 -0.5195324 -1.5680379 -2.4141831 0.99825126 -0.4451296 -0.08281092 -1.5245651 -1.4192581 -1.5703795 0.38396624 -0.52579826 
0.7243724 -0.6236092 -1.2769717 -2.3418498 1.2316197 -0.4785401 0.2750437 -1.3059678 -1.3089303 -1.604783 0.45649803 -0.3275966 
0.76968265 -0.4807026 -1.2879232 -2.4846973 1.1813102 -0.39187843 0.14197306 -1.5160649 -1.1805884 -1.551611 0.5716435 -0.4250078 
0.69197977 -0.350001 -1.2810475 -2.4352732 1.2127248 -0.44892663 0.27089453 -1.5190811 -1.2349302 -1.8679174 0.6642806 -0.3037576 
1.0759082 -0.8479619 -1.3441309 -2.2154655 0.21279456 -0.06825966 0.2580969 -1.4870778 -1.1792198 -1.4903821 0.101799674 0.5635489 
1.0096174 -0.83564764 -1.5174779 -2.0813837 0.01770675 -0.18125568 0.38721734 -1.4806321 -1.3788697 -1.4856225 -0.010792153 0.58160204 
1.1384075 -1.1129988 -1.2305498 -2.1775856 0.12361886 -0.15968195 -0.009069945 -1.3878151 -1.2989428 -1.8160619 0.22944665 0.6086193 
1.1053734 -0.8276944 -0.99167717 -2.269474 0.028081745 -0.08013546 0.34030142 -1.5364761 -1.3919513 -1.6945275 0.047563568 0.44835886 
1.0207719 -0.96274626 -1.3441662 -2.2714126 -0.0858514 0.09570095 0.20010911 -1.4042476 -1.4070055 -1.7883539 0.34156117 0.5545204 
1.1013035 -0.8190622 -0.660776 -2.0153604 0.6220075 -0.53255147 0.8017306 -0.8813123 -0.62540615 -1.7027265 -0.2092331 1.2993783 
0.95645344 -0.9868045 -0.5402149 -2.1895823 0.6445924 -0.5016592 0.8038011 -1.0180242 -0.09585526 -1.9237694 -0.6907001 1.4022079 
0.9674198 -1.0253431 -0.64051014 -2.126888 0.606508 -0.51330924 0.7939772 -0.9721343 -0.05995648 -1.9854734 -0.6502643 1.3527205 
1.0479556 -0.9754373 -0.60374 -2.1439707 0.6207192 -0.56401044 0.9613613 -0.880059 -0.1638785 -1.7886335 -0.67328215 1.3292832 
1.0669359 -0.9640658 -0.39832515 -1.9217527 0.58319044 -0.8639567 0.84800786 -0.99439555 -0.20223011 -1.8722671 -0.75575733 1.3232877 
1.0775422 -0.4122882 -0.84754646 -2.2851276 0.57207614 -0.591939 0.3027169 -0.6401391 -0.18413338 -1.0212811 0.7271652 2.0962098 
0.7877287 -0.31524935 -1.1783271 -2.334495 0.37244767 -0.6722618 0.4307717 -0.41271174 -0.10082528 -1.1312517 1.0423216 2.4699278 
0.7464724 -0.37752736 -1.1768548 -2.3008568 0.4374494 -0.71763164 0.3997659 -0.45950466 -0.20288439 -1.1696061 1.1233348 2.4933522 
0.79262924 -0.34988627 -1.2955204 -2.4530482 0.4225343 -0.65545285 0.49423617 -0.44311824 -0.22467862 -1.0650322 1.0501951 2.4630313 
0.7041124 -0.3196325 -1.1653961 -2.3673055 0.55591387 -0.6835363 0.31179056 -0.57434005 -0.21760355 -1.1100459 1.034037 2.4408007 
1.0525621 -0.38183683 0.20527403 -2.959287 0.3965878 -0.23682463 0.74096763 -0.97674584 0.14423962 0.022446029 0.9446291 1.7902285 
0.73768127 -0.37882352 0.19913547 -3.2995272 0.64438725 -0.311294 0.9781631 -1.5451237 0.02369148 0.30089393 0.88514155 1.9577426 
0.6981319 -0.2723635 0.08759974 -3.3142924 0.6726009 -0.38643748 1.0246588 -1.3256083 -0.13671973 0.40313834 0.90900594 1.9875648 
0.8608157 -0.20284119 0.2207226 -3.3442926 0.5182056 -0.51218075 1.1293467 -1.419297 -0.27109218 0.40922818 0.85793316 1.9688561 
0.78222233 -0.23122418 0.19330752 -3.5005705 0.61545116 -0.25683287 1.103786 -1.2656562 -0.14299008 0.28494033 0.81769836 1.9847332 
1.1430426 -0.6590618 0.68838423 -2.8199835 0.45944428 -1.012013 0.3225953 -0.046814002 0.8162247 0.19622006 1.539163 1.3787997 
1.0089298 -0.30926728 0.97374624 -3.2625053 0.6894319 -1.3681489 0.096158914 0.17188138 0.8002388 0.27683023 1.451676 1.0934948 
1.0122898 -0.33698785 0.8087746 -3.0725186 0.7414246 -1.3314573 0.15807171 0.19955169 0.98606855 0.09694399 1.4517624 1.1197205 
0.9366649 -0.44938332 1.0585129 -3.1616285 0.40120915 -0.9668955 0.0034900615 0.19517691 0.8974334 -0.028353233 1.4538351 1.1389127 
1.0147243 -0.29281518 0.9100484 -3.1531003 0.6061574 -1.362528 0.21844104 0.15985382 0.9204795 0.21022886 1.4918704 1.1424499 
0.9591997 -1.321485 0.9609651 -1.9294461 -0.14411834 -1.1103276 0.23914416 -0.6503847 0.2626477 0.30823994 2.0117733 0.8562707 
0.91977775 -1.5781786 0.9112911 -1.9698471 -0.32485038 -1.3022437 0.34467116 -0.9781599 0.094416216 0.6772101 2.1194377 0.82768923 
1.1779763 -1.6874573 0.93061054 -1.9754851 -0.37649944 -1.4359676 0.26725018 -1.0017743 0.05079975 0.6291427 2.0107837 0.78884614 
0.8778462 -1.6392859 0.8538473 -1.70687 -0.25776306 -1.461054 0.24463816 -0.95953614 0.44830522 0.608762 2.0879476 0.73245025 
0.98207974 -1.52165 1.0034903 -1.8300112 -0.49320772 -1.5756797 0.025766537 -1.0220517 0.22061665 0.62558913 1.91569 0.9303688 
0.052868612 -0.78248113 1.7823048 -2.193902 -0.10177098 -0.6394987 0.034245033 -0.5425269 0.5162486 -0.8307295 2.069255 0.5706223 
-0.038644407 -0.5333654 1.6670498 -2.433434 0.27266496 -0.79352945 -0.1047008 -0.3085815 0.7309243 -0.8971503 1.9691396 0.9638746 
-0.03526768 -0.79423726 1.8659067 -2.4553847 0.111135915 -0.7381926 -0.2502192 -0.58313435 0.39352053 -1.2133449 2.0412364 0.6907299 
-0.03767643 -0.7404751 1.8998473 -2.4838896 -0.017563593 -0.7635567 -0.28238913 -0.40152606 0.5958597 -1.1459846 1.8874267 0.8239697 
-0.048800264 -0.7744806 1.8809286 -2.4402938 0.040432625 -0.72140706 -0.32227632 -0.5301993 0.5081226 -1.1489602 2.0392308 0.66652066 
-0.4195846 -0.70272785 1.69848 -1.9625003 -0.29729882 -0.55206525 1.3997383 -0.47104195 0.5952788 -0.62854207 1.6032248 -0.44547075 
-0.47076532 -0.6959057 1.6768476 -2.17762 -0.3440325 -0.67912763 1.4696219 -0.6219234 0.85162073 -0.5520027 1.6413386 -1.008026 
-0.44607702 -0.64462733 1.6313914 -2.1378746 -0.41770822 -0.61189556 1.4674886 -0.6101394 0.81979114 -0.5999764 1.7309743 -0.9366934 
-0.4243131 -0.59656495 1.6251202 -2.052256 -0.3386054 -0.6895131 1.4703897 -0.7311011 0.772994 -0.61791134 1.6458311 -0.88714415 
-0.28370684 -0.57067287 1.4141148 -1.8699902 -0.3112058 -0.84006864 1.553068 -0.5449182 0.8786733 -0.81610614 1.7559856 -0.9872218 
-1.2848508 -1.3839791 1.2533866 -1.5469632 -0.6183376 -0.610757 1.7425936 0.18221106 -0.06194895 -0.6133426 1.6859463 0.32503915 
-1.6465987 -1.7392293 1.3261807 -1.6187732 -0.65979594 -0.7039391 1.5572759 -0.0026655728 -0.418637 -0.66071355 1.9146216 0.32781968 
-1.6157857 -1.733468 1.2375786 -1.57609 -0.7874208 -0.68690693 1.6850487 0.066875204 -0.40477818 -0.7429467 1.9513316 0.19735914 
-1.4472263 -1.8029552 0.89689535 -1.6316533 -0.8360684 -0.15863083 1.5612484 -0.074450776 -0.37914935 -0.6226974 1.8563412 0.25287896 
-1.7223803 -1.7898657 1.1916684 -1.5731199 -0.65003395 -0.6099086 1.635521 -0.084888205 -0.35596442 -0.6663363 1.9206318 0.2026666 
-1.6203071 -0.96296066 1.1098355 -1.5541099 -1.175276 -0.99235606 2.058596 0.07135331 0.3439178 0.16619591 0.34238827 0.35711044 
-1.7388718 -0.7721325 1.3697004 -1.9305251 -1.6982673 -1.2025604 1.9583316 -0.004441992 0.34400073 0.28982896 0.2519955 0.6438577 
-1.5493072 -0.73952127 1.1244419 -1.9523265 -1.8712208 -0.8355831 1.963963 -0.20534196 0.2882719 0.24173948 0.16974793 0.7647025 
-1.8280338 -0.9592799 1.2483318 -1.7683814 -1.7083169 -1.2409476 1.8857564 -0.02113493 0.40953004 0.34561977 0.15652795 0.46181667 
-1.7244445 -0.8674776 1.2641019 -1.7857116 -1.7687317 -1.2400041 1.9182383 -0.026386024 0.21986598 0.3659756 0.22249378 0.59232354 
-1.5052248 -0.94335 0.113711126 -1.6861944 -0.0026896456 -1.1095229 2.3856685 0.4994054 0.32758525 0.5662364 0.36990482 0.58926153 
-1.8045027 -0.9280039 0.122208655 -1.984847 0.24967259 -1.392981 2.5195522 0.36143303 0.181352 0.8315092 0.4594005 0.93502665 
-1.7722371 -0.85647887 0.18928884 -2.1417031 0.28633174 -1.3105631 2.5967898 0.29009518 0.13183299 0.8745343 0.42207766 0.7846518 
-1.7209244 -0.78818905 0.16044694 -1.9084711 0.41749227 -1.3944352 2.511549 0.3310667 0.18400727 0.7203434 0.43118426 0.8260436 
-1.6595781 -0.6959336 0.21244009 -1.9937426 0.30181578 -1.5110167 2.5227346 0.35104376 0.1732859 0.84624416 0.440383 0.7438205 
-0.93671125 -1.1974406 -0.5230074 -1.4041234 -0.26725826 -1.2774616 2.1754844 0.96290106 0.4015879 0.39538628 -0.4298628 0.0044323434 
-1.1395807 -1.5373571 -1.0448129 -1.085644 -0.5653489 -1.9285641 2.3757088 0.9956811 0.2716835 0.34142375 0.057295132 -0.26255733 
-1.2077899 -1.3616875 -1.6386404 -1.0138845 -0.93008196 -2.3740714 2.4632452 0.79421884 0.12261045 0.40662295 0.38785794 -0.083938845 
-1.2621381 -1.0621427 -2.1494455 -0.955335 -1.3094308 -2.4490101 2.3800044 0.647331 -0.28478897 0.049649604 0.13298924 0.17910875 
-0.85244244 -0.5057822 -2.3118143 -1.2149369 -1.3788141 -2.3397923 2.320672 0.6911135 -0.5459411 -0.255526 -0.23520859 0.4834402 
-0.5147021 -0.09098641 -1.9086652 -1.4796822 -1.1704005 -1.9711714 2.2564964 0.88748187 -0.35026574 -0.4175397 -0.35525152 0.7001835 
-0.7715412 -0.14185661 -1.3317664 -1.7705406 -0.8406545 -1.5066743 2.2273664 1.2117604 -0.029003257 -0.56228715 -0.7083679 0.6672594 
-0.9039739 -0.71378213 -0.943925 -1.8071536 -0.46494097 -1.4003477 2.4205997 1.2965301 0.090511136 -0.17120805 -0.8577396 0.40431178 
-0.58129615 -1.196547 -0.5428204 -1.7820507 -0.1287266 -1.4829497 1.3351351 1.0645334 0.41935626 1.0701343 -0.6463086 -0.4447018 
-0.657228 -0.8624195 -0.7225915 -2.0269887 -0.21535757 -1.6503788 1.212731 0.44928595 0.7591377 1.5135945 -1.0483277 -0.5768596 
-0.54558486 -0.77955174 -0.8728458 -1.9731622 -0.3239017 -1.4822484 0.8006042 -0.015639847 1.5023495 1.3052524 -1.0978329 -0.59769684 
-0.34306931 -0.83168006 -0.7185267 -2.0081456 -0.54750884 -1.9542917 0.8391582 0.2567644 2.221144 0.9052967 -0.9317416 -0.81135607 
-0.009345349 -0.8894486 -0.3646934 -2.3604329 -0.9875627 -2.2870045 0.88645375 0.82041115 2.3693197 0.794362 -0.66792226 -0.7643033 
0.29760882 -1.0490363 -0.27507153 -2.3122888 -1.0393356 -2.406965 0.9534861 1.448549 1.833148 0.695242 -0.35217735 -0.5153695 
0.022051489 -1.1527386 -0.28598398 -2.3394005 -0.9191534 -2.436556 1.094044 1.8314513 1.277879 0.86511075 -0.21479723 -0.3283496 
-0.43187675 -1.1022747 -0.28418705 -2.1275823 -0.5433266 -1.9959334 1.0939035 1.6574527 0.7269977 1.0332626 -0.4496687 -0.1786902 
-0.45673266 -1.5856209 -0.5719925 -1.9495468 0.07713789 -1.0970803 1.0315984 1.1574878 -0.31264213 0.8431624 -0.38544393 -1.0337086 
0.4833278 -1.9551522 -0.59826493 -2.0831356 -0.15392475 -1.289572 1.2130053 0.8471883 -0.69008136 0.98992604 -0.3650283 -0.92928475 
0.9700032 -1.96609 -0.4302449 -2.381813 -0.66866034 -0.9847544 1.3986026 0.58237 -0.9521035 0.85056424 -0.42652196 -0.85212594 
0.86301124 -1.5535877 -0.2937097 -2.9911964 -1.1381445 -0.56631106 1.3894353 0.5197727 -1.2651055 0.7808823 -0.14684051 -1.1179544 
0.6145825 -1.1473459 0.019606726 -3.3627791 -1.2407362 -0.64495504 1.2769017 0.49747425 -1.3128842 0.51375526 -0.17439318 -1.7581371 
-0.041199706 -0.8279708 0.011490199 -3.1327422 -1.0754217 -0.91739035 1.2421262 0.7281827 -1.1002872 0.23904186 -0.3592062 -2.155486 
-0.67933625 -0.8345739 -0.30691785 -2.7456872 -0.86135566 -0.89072245 0.9641071 1.102714 -0.7053726 0.23292495 -0.22981523 -2.0910728 
-0.9005742 -1.3421214 -0.41714323 -2.445209 -0.277759 -0.94599295 1.0237985 1.2286988 -0.36700398 0.6643783 -0.3581096 -1.6824989 
-0.49080175 -2.0537918 -0.4158251 -1.8661703 0.6879526 -1.294234 0.5314224 1.1575733 -0.55338615 0.3193308 -0.3526291 -0.9464647 
-0.4637091 -2.5795171 0.21820797 -2.2705467 1.1300607 -1.4463152 0.52394027 0.9382932 -0.25071558 0.1593001 -0.052149218 -1.3809168 
-0.30750918 -2.3926296 0.5059694 -2.7250953 1.72151 -1.5949802 0.63896257 0.9096825 -0.005025455 -0.10128569 0.12251441 -1.3109181 
-0.33033845 -2.050713 0.65231586 -2.729399 1.9717782 -2.07723 0.69783664 1.0294007 0.2937404 -0.8532066 -0.0076524173 -1.3134656 
0.012892272 -1.7620485 -0.052479587 -2.6934507 2.1328664 -2.1091878 0.8415789 1.0344098 0.43437496 -1.3290325 -0.1964171 -1.3943326 
0.014584717 -1.6032028 -0.74691004 -2.7430472 2.0019338 -2.2472265 0.8628878 1.1899891 -0.014896061 -1.2940128 -0.68217933 -1.3000122 
0.004747245 -1.916495 -1.2768061 -2.6525316 1.6926887 -1.9668002 0.7267842 1.3047093 -0.362773 -0.8599755 -0.7997719 -1.2368174 
-0.15327677 -2.042332 -1.025379 -2.2702081 1.1042768 -1.7220733 0.50590086 1.3504498 -0.42918327 -0.3605624 -0.7439937 -1.1497416 
-0.8313633 -2.1300018 -0.6693374 -1.7268357 0.6935006 -1.2067378 -0.15670665 1.1722592 -0.8191579 0.22491618 0.021966392 -0.23816118 
-0.6057274 -1.821174 -0.6659235 -1.6734483 0.4545143 -1.6543154 -0.539757 1.5650389 -1.1390626 -0.1950007 0.42959192 -0.1241473 
-0.46881172 -1.4267659 -0.8316177 -1.7716587 0.17161864 -1.688592 -0.6846143 1.6758347 -1.2498274 -0.5851511 1.2258022 -0.046248645 
-0.06451469 -1.8480625 -0.99382937 -1.9587514 0.18501545 -1.2848489 -0.8054956 1.3914949 -1.2452899 -0.7336654 1.8920134 -0.15071522 
0.0057494603 -2.199788 -1.3285342 -2.3751087 0.39559743 -0.8687252 -0.8966018 1.4314544 -0.7003296 -0.6801466 2.1485274 -0.1666709 
-0.25554302 -2.3323786 -1.4079837 -2.5965576 0.783207 -0.42410713 -0.68968266 1.188847 -0.500812 -0.25799954 1.6562088 -0.16137604 
-0.5852891 -2.476638 -1.4580786 -2.719473 0.87877595 -0.32345772 -0.4005468 1.297715 -0.4472911 0.12501621 1.0175235 -0.1085759 
-0.7963092 -2.3778791 -1.1021256 -2.4450197 0.8724818 -0.679416 -0.20285386 1.3994058 -0.60977185 0.21999663 0.42767715 -0.14907943 
-1.2338403 -2.1832678 -0.6354961 -1.6700919 0.64626104 -1.0333424 -0.8002932 0.6398091 -0.79054725 -0.14465654 -0.51078254 0.12265548 
-1.3883573 -2.8006465 -0.18381432 -1.6827078 0.7077263 -1.1178364 -0.7896287 0.4778039 -0.89159274 -0.9365523 -0.3592602 0.11867783 
-1.8198304 -3.1304302 0.051584758 -1.6373717 0.6026031 -1.235385 -0.3063824 0.34111032 -1.0216608 -1.6082946 -0.40341344 0.09371349 
-1.9332862 -3.3812728 -0.53164154 -1.5115076 0.48785785 -1.0486122 0.15287717 0.100880705 -0.92062634 -2.0791633 -0.47807145 0.08812257 
-1.9169025 -3.3125796 -1.3481061 -1.3626443 0.13165863 -1.0283197 0.2594899 -0.07167855 -1.0188777 -2.131914 -0.6992272 0.09675785 
-1.7841678 -3.2964828 -1.8977791 -1.4828454 0.025446495 -1.1324759 0.14179662 -0.02325103 -1.1144521 -1.6518677 -0.8751694 0.4888599 
-1.7408872 -2.943366 -2.1268063 -1.8459977 0.33058202 -0.8587324 -0.2897554 0.23987834 -0.94644004 -1.166639 -0.948377 0.3178802 
-1.4265858 -2.5546005 -1.6689179 -1.7811798 0.5433006 -0.99557334 -0.6422469 0.42846802 -1.0001457 -0.5827711 -0.8063092 0.13046663 
-1.3758787 -1.7176418 -0.30859125 -1.993768 0.5504525 -0.8717707 -1.0396967 0.13694663 -0.6384098 0.30344132 -0.7568579 0.55904514 
-2.1810672 -1.5861218 -0.4414641 -1.9256673 0.25393397 -0.9742952 -1.3369887 -0.3317564 -0.7955293 0.49996296 -0.2580821 0.6827894 
-2.4429736 -1.27766 -0.41413257 -1.8645426 -0.17458488 -0.8748313 -1.2853956 -0.77768296 -1.191855 0.37352514 0.0623453 0.590748 
-2.9744668 -1.2834272 -0.2797582 -2.0706527 -0.19984584 -1.1801043 -0.29363167 -0.7234396 -1.763105 0.49594378 -0.45457095 0.56513983 
-2.6927838 -1.0506595 -0.21091469 -2.5270925 0.12342311 -1.3122884 0.014547235 -0.9604351 -2.1798162 0.5567136 -0.9466651 0.29820827 
-1.9744905 -0.9707042 0.10423691 -2.8551407 0.24164459 -1.0400414 -0.25858498 -0.74615175 -2.2929504 0.32476243 -1.0687463 0.10282475 
-1.1616879 -1.1059984 0.46907067 -2.8716378 0.15511936 -0.8595754 -0.74260706 -0.26123157 -2.164247 0.049046922 -0.8486532 0.45383784 
-1.2941705 -1.4351921 0.02794611 -2.6720562 0.55739987 -0.9299006 -0.8555079 0.18348539 -1.4087492 0.18313833 -1.1021821 0.606672 
-1.0162164 -2.159621 0.11741948 -2.1815372 0.13540784 -0.7959723 -1.0887717 -0.23028831 -0.032909133 0.27094582 -1.0861876 0.9814463 
-1.0647296 -2.373574 0.25385606 -2.4264927 -0.38053206 -0.85349536 -0.9472633 0.34848025 -0.045051884 0.16251116 -0.9286868 1.7239233 
-0.94813514 -2.526897 -0.16333207 -2.6136224 -0.7919095 -1.0083867 -0.65673363 0.30128595 -0.1974865 0.19799335 -0.9224709 2.5565531 
-0.7540916 -2.867799 -0.120696895 -2.6461194 -0.894196 -1.104395 -0.090910256 -0.20367284 -0.331951 0.5623461 -0.8550883 2.8911138 
-0.54202485 -3.1856117 -0.47865433 -2.5831463 -0.53169954 -1.235043 0.12901983 -0.77749574 -0.3344368 0.94854456 -0.8175248 2.7904837 
-0.6348211 -3.293293 -0.52253115 -2.5508022 -0.3331661 -0.7512052 -0.04173656 -1.2587998 -0.3906221 1.0907413 -0.7918504 2.175988 
-0.6592198 -3.1786938 -0.3619745 -2.32129 0.33055308 -0.9765637 -0.31349376 -1.2981412 -0.3103328 0.85135174 -0.9253102 1.6615295 
-0.88307565 -2.8601387 0.12744054 -2.2670543 0.4270399 -0.78483915 -0.5627724 -0.9244069 -0.20262599 0.6631419 -0.9442047 1.1071361 
-0.76587737 -1.929709 0.13630474 -2.2606173 -0.22735907 -0.8296913 -1.2456117 -0.44575244 0.66943324 0.15374129 -1.4164871 0.53795767 
-0.16477609 -1.9432685 0.03268004 -2.683968 -0.33833852 -0.73090255 -1.8875892 -0.51355904 0.9316327 -0.1554043 -1.1262156 0.5276076 
0.27360216 -1.9313171 0.02824083 -2.8383818 -0.6628946 -0.6707771 -2.1200042 -0.57803917 0.9642648 -0.44079787 -0.91880614 0.17546435 
0.32928863 -1.9603772 -0.026000148 -2.741153 -1.1428562 -0.42286438 -1.9048675 -0.78142256 0.64956474 -0.61161906 -0.9185331 -0.33574703 
0.35208023 -1.7572197 0.14369754 -2.420754 -1.6211318 -1.0158678 -1.5680654 -0.9086388 0.27551243 -0.6706836 -1.3726612 -0.6842183 
-0.08462454 -2.1750553 -0.073417336 -2.2651324 -1.6852585 -0.90950835 -1.1965367 -1.2243336 0.22848217 -0.45870647 -1.7727928 -0.25307614 
-0.59019196 -2.534881 0.22497457 -2.2420485 -1.5658668 -1.1753547 -1.0700357 -1.0136206 0.27162924 -0.20068267 -2.005774 -0.08813432 
-0.9677056 -2.4114823 0.2002734 -2.3889167 -1.1340779 -0.9482403 -1.2056952 -0.7648551 0.49683306 0.090627216 -1.8455584 0.23878369 
-0.9965966 -1.5448339 -0.18453322 -2.3405628 0.08638003 -0.9359588 -0.8805141 -0.44980893 1.5047852 0.32710007 -1.5406027 0.44087252 
-0.7580858 -1.4472598 -0.8646352 -2.2888386 0.19035597 -1.1712893 -0.7312812 -0.3103246 1.675737 0.63762444 -1.6488239 0.4141903 
-0.4859101 -0.9345755 -1.267499 -2.4306357 -0.01649863 -1.1901457 -0.28258702 -0.060264435 1.6499319 0.92962116 -1.5826148 0.27651155 
-0.46198523 -0.55437267 -1.0016886 -2.3876464 -0.04490126 -1.1609361 0.21234864 -0.23381037 1.5485553 1.3862305 -1.1683593 -0.13028699 
-0.64401776 0.0061527677 -0.45525 -2.860451 -0.19201636 -0.8234489 0.22997198 -0.6512078 1.5949458 1.2482814 -1.1100028 -0.26297906 
-0.82793015 -0.43337324 0.13495076 -3.1073234 0.02071257 -0.6748186 0.24494168 -1.0869125 1.671033 1.1127582 -1.3180091 -0.06561085 
-1.115754 -0.89834446 0.5222721 -2.9733124 0.19234477 -0.6861502 -0.17358558 -1.2296033 1.7252325 0.8690313 -1.3027742 0.22952071 
-1.1704425 -1.1835765 0.30774045 -2.644945 0.26452476 -0.7838962 -0.6351754 -0.8186483 1.7625555 0.30534363 -1.450976 0.32218882 