-1.7267807	0.75631607	-0.3653511	4.2212033	0.2862341	0.02824914	-3.1176996	-1.0905612	-2.4400656	-0.28814864	0.5477217	2.226261
-1.3210647	0.40863824	-0.21283677	3.5984044	0.49303588	-0.033907462	-2.5201695	-0.87769294	-2.2086642	-0.23073533	0.34254333	2.069922
-1.0566005	0.09164553	-0.6598735	3.4107318	0.57992774	-0.22953139	-2.6117356	-0.8737949	-2.4988644	-0.29034486	0.30883682	2.2289827
-1.4093916	-0.08976045	-0.4011722	3.3424172	0.68502134	-0.048087806	-2.461761	-0.61054665	-2.0725625	0.114577085	0.29082853	2.0427601
-1.5260516	0.062298786	-0.0585936	3.2784066	0.67994153	0.067927174	-2.2899733	-0.69005275	-1.7312055	0.19402608	0.3793276	1.7852565
-0.88830435	-0.15439059	-1.0597653	3.162529	0.95391136	-0.1929413	-2.6123977	-0.89458656	-2.7420635	-0.41244143	0.014980372	2.2867196
-0.47001094	-0.2915422	-1.4153845	3.4694831	0.8265765	-0.52482283	-2.5530736	-1.2110459	-2.6104462	-0.53455013	-0.016062852	2.5156186
-0.77990276	-0.37851956	-1.0956308	3.1710992	0.7251818	-0.37820324	-2.5340426	-0.8713653	-2.3572037	-0.13012525	0.08249129	2.2207918
-0.9591675	-0.49989372	-1.0245155	3.2664297	0.83235914	-0.28025144	-2.5797377	-0.69454634	-2.1771128	-0.0027264967	0.0012671724	2.2814806
-1.0802414	-0.41376838	-0.6699995	3.1507845	0.7527793	-0.21509176	-2.3832183	-0.64536524	-1.9778724	0.10857388	0.10974034	2.014174
-0.5518454	-0.18583722	-0.9335899	3.3290608	0.7738765	-0.33414555	-2.2433145	-1.0705786	-2.373578	-0.7440298	0.040372264	1.8721446
-0.7531559	-0.39372188	-0.8877299	3.1934896	0.7483362	-0.3331157	-2.2402399	-0.7948609	-2.1605976	-0.26967064	0.13217157	1.8479389
-0.6659503	-0.54735595	-1.0478148	3.238033	0.88661915	-0.5042474	-2.1842732	-0.72205764	-2.141585	-0.3920583	0.07719924	1.8776319
-0.86565804	-0.52738136	-0.9734004	3.1982117	1.0561751	-0.49938726	-2.2506664	-0.53078425	-1.9888624	-0.25746104	-0.037448388	1.9580542
-0.7452507	-0.445023	-0.98934984	3.1940305	0.9124521	-0.44046116	-2.162172	-0.68723243	-2.096967	-0.51869935	-0.02961069	1.761942
-1.0836192	0.091205664	-0.35597688	3.0391736	0.97995913	-0.18861991	-1.9688847	-0.76711786	-1.9957551	-0.47131026	0.14201027	1.0504367
-0.85304314	-0.23995292	-0.58310944	3.0833776	0.88741595	-0.3006909	-1.9863524	-0.6526262	-1.8668165	-0.50168115	0.042673685	1.4816742
-0.7979975	-0.42662653	1.706531	0.72813815	-0.42128238	-1.2016337	-0.6196056	-0.17457321	1.137062	0.64960814	-0.18140991	1.5363834
-0.59146744	-0.59889376	1.8378433	1.337968	0.62475574	-1.1317939	0.25350997	-0.22220035	1.3533307	0.70812696	0.24940577	1.3332121
-0.4302501	-0.70823157	1.6316973	1.4548529	0.11735568	-0.937651	0.031635933	-0.15007906	1.5004365	0.87312675	0.21657832	0.9926809
-0.7339018	-0.57399476	-0.43336177	3.0345716	0.88511854	-0.46024433	-1.6733836	-0.12505442	-1.7360247	-0.28230366	-0.0003944297	1.9404086
-0.15963674	-0.2799666	0.856919	0.97708464	1.2168741	-1.8836262	0.45117965	-0.04282339	0.26291895	0.91834265	0.35267758	0.933977
-0.49226013	0.1145773	1.0375457	0.9408382	1.3984518	-1.576025	-0.14578453	-0.27913594	0.5711618	1.1048342	0.28489104	1.2900386
-0.2705535	-0.06954118	1.0608306	0.9349558	1.2388335	-1.780538	0.21222165	-0.06645069	0.35201654	1.0698459	0.4660483	1.0425665
-0.5143244	-0.042652167	0.8821619	1.1498952	1.0438842	-1.3848085	-0.043816015	-0.41668752	0.6902639	0.88024795	0.10831333	0.96654505
0.12492339	-0.4335101	0.9197954	1.3449172	0.97509855	-1.7253625	0.72928923	-0.21202846	0.42092866	0.4527925	0.41533923	1.7191892
0.33645025	-0.7379757	0.42103845	1.6189992	0.76077724	-1.7025172	0.12218449	-0.040873595	-0.13012315	0.105003476	0.25519824	1.328639
0.27587473	-0.7785545	0.7600024	1.2940522	1.0447952	-1.688206	0.28748652	0.049624342	0.10867578	0.49320996	0.4034287	1.5510007
0.27368805	-0.3053666	1.0544404	0.8876082	1.0373389	-1.7474707	0.3453199	0.27227747	-0.6313703	-0.10747435	0.592335	1.7892022
0.3388575	-0.62909895	0.576089	1.5086393	1.0192015	-1.2168372	0.23412971	-0.3122556	-0.22750741	0.6513012	0.17153232	1.626704
0.041752968	-0.62290615	0.1485647	2.0740862	0.75834066	-1.8018354	-0.59971654	-0.5651313	-0.20784827	-0.76280797	0.45349652	0.041599914
-0.049149863	-0.229191	-0.0038291737	1.9593419	0.33734825	-1.6664238	-0.3877085	-0.51126283	0.09371225	-0.059555445	0.12216208	0.5799978
0.030575428	-0.23078312	-0.107762426	1.9624	0.34045053	-1.890425	-0.5763128	-0.56716937	-0.13878646	-0.37886545	0.07985096	0.524411
-0.2543298	-0.10281718	0.44075462	1.7342714	0.73578405	-1.9679183	0.0178409	-0.81498015	-0.63153905	-0.354358	0.25723743	0.29581532
0.017824063	-0.14163691	0.36406446	1.406603	0.7315316	-1.9194403	0.132477	-0.5829585	-0.30019262	0.61155254	0.35854313	0.27010003
-0.0033640983	0.19702059	-0.10584282	2.2439759	0.13154122	-1.5121633	-0.5302349	-0.8457632	-0.08481155	-0.9094009	0.3896349	0.6965666
0.11539344	-0.28692552	0.2555314	1.9502332	0.10373253	-1.1538298	-0.88573605	-0.5892061	0.12812501	-1.3373718	0.47485077	0.7624751
0.16187997	-0.3588799	0.09280252	1.9670534	0.28083482	-1.2287277	-0.5176474	-0.56845653	-0.25569823	-0.65398633	0.50980824	0.5280031
0.37622982	-0.44973418	0.03401886	1.8668453	0.18467183	-1.3019707	-0.4234258	-0.39277843	-0.47899422	-0.75995946	0.33813697	0.6599896
0.32356232	-0.14144382	0.0031995196	1.8252492	0.5580473	-0.95839655	-0.55353546	-0.685127	-0.34372473	-0.17501356	0.42978576	0.55814445
-0.40738115	0.8660315	0.24852663	1.818746	0.03784133	0.35170972	-1.5212473	-1.4297515	-0.05377832	-0.4124407	1.0356778	0.5783265
-0.43736774	0.55174845	0.18552923	2.1484601	-0.09405571	-1.0562968	-0.521615	-1.1408353	-0.07147743	-0.08102909	0.7812087	0.1822262
-0.13624454	0.61368424	0.15130113	1.8677964	-0.32449895	-0.22487143	-0.7599069	-0.8254478	-0.0076976474	-0.26581472	0.898508	0.6887135
-0.48309332	0.7821215	0.33501646	1.6494541	-0.111927524	-0.72212106	-0.98211366	-0.894583	-0.27012607	-0.25864872	0.71288687	0.47717404
-0.43320227	0.93405193	0.28849888	1.6427718	-0.13031061	-0.55411136	-0.8652313	-1.1431221	-0.11759928	-0.49528408	0.6253719	0.5293221
-0.70482475	1.0802155	0.25965387	1.587712	-0.12606096	0.21726711	-0.6035196	-1.6058006	-0.5835474	-0.15285838	0.6849102	1.0728668
-0.07412939	0.70743746	0.4249796	1.4542673	-0.19431894	0.17951114	-0.7548153	-1.3300855	-1.0838212	0.07035779	1.1941752	0.7455984
-0.29168522	0.68903375	0.2561716	1.3714784	-0.014956092	-0.1716153	-0.81894225	-1.0160488	-0.7689189	-0.125359	0.747838	0.65595824
-0.23213956	0.88430905	0.32013598	1.3867446	-0.023278957	0.5075179	-0.72033316	-1.3937967	-0.6337819	-0.088196315	0.941351	0.8860234
-0.43993342	0.7281072	0.41388026	1.6920751	0.30705312	-0.029106937	-1.067405	-1.0955698	-0.30998406	-0.1265997	0.7378235	0.7401608
-0.37193865	1.0584252	1.1087806	0.657835	0.06837394	0.06971718	-0.3536568	-1.2778891	-1.6549946	-0.17402582	0.9565594	0.76009005
-0.57079697	0.9362443	0.5642542	0.8630172	-0.10474021	0.3233962	-0.78114563	-1.183303	-1.148894	0.1852451	0.6803188	0.9745741
-0.3964525	1.0039439	0.38440782	0.92501324	0.23220092	0.09190379	-0.6570429	-1.2070544	-1.2841276	0.17522395	0.75396866	1.0433012
-1.0299739	1.055314	0.7058157	0.5918693	0.11690734	0.08987349	-0.63176376	-1.1842775	-1.7548424	0.48867267	0.5096597	0.9607018
-1.0075794	1.1723173	0.4760565	1.0688834	0.21194004	0.012670804	-0.64830923	-1.1596835	-1.6852838	0.6538744	0.6120323	0.909905
-0.32501793	0.8289016	0.8039009	0.26734334	0.034093253	0.104107626	-0.49533555	-1.2105036	-1.2585089	-0.48794797	0.8701869	1.0361032
-0.47149473	0.6937149	1.0233377	0.5707381	0.122731715	0.2072002	-0.37043113	-1.0259985	-1.4387013	-0.31331155	0.50988513	1.127587
-0.2369661	0.65122783	0.88694125	0.7239808	0.2149134	0.30040798	-0.53479266	-1.0963861	-1.4227573	-0.22023736	0.6885155	1.0135218
-0.28124815	0.56046396	0.7252708	1.0683845	0.25037596	0.09274803	-0.3384437	-0.893826	-0.919865	-0.37299278	0.5006967	1.0283371
-0.3319336	0.40634394	1.0389249	0.8623449	-0.023658339	0.4762416	-0.42072952	-1.1066413	-1.2284431	-0.23890215	0.43906802	1.0499601
-0.42284447	0.2978354	1.1161816	-0.26327887	0.24347165	-0.48292446	-0.686116	-0.9013805	-1.1098119	-0.22832042	0.58093756	1.2191894
-0.37287372	0.3126289	0.92335683	0.0763914	0.2709626	-0.30688384	-0.9047363	-0.8809099	-1.4090147	-0.42370245	0.6517681	1.0005901
-0.3098306	0.3937227	0.89008677	0.30474874	0.20492287	-0.05485609	-0.66470605	-0.77566797	-1.1669493	-0.33595833	0.6082948	0.8541381
-0.59751743	0.23412924	1.1620344	0.18366721	0.29914877	-0.07978809	-0.7685583	-0.85390157	-1.3760074	-0.37376013	0.31067112	1.0887034
-0.51427996	0.30721402	0.9593438	0.2889585	0.31319305	0.018737325	-0.6705158	-0.8400758	-1.1999301	-0.25854594	0.3583813	0.8759915
-0.24303189	-0.11745642	1.1196043	-0.29396227	-0.09833806	-0.632494	-0.67075044	-0.8160215	-1.4646013	-0.6079648	0.2369077	1.292856
-0.45752096	-0.09497158	1.1492299	-0.1776476	-0.30475372	-0.4989298	-0.44235134	-0.6212496	-1.0829835	-0.32336673	-0.06425331	1.2124603
-0.36328357	-0.19031417	1.2566743	-0.34516147	-0.19269118	-0.6033117	-0.6206288	-0.67140317	-1.2515575	-0.439775	0.17924696	1.1832411
-0.37912226	-0.3397407	1.0303297	-0.17714293	-0.3382302	-0.5999448	-1.0265673	-0.49093378	-1.2299832	-0.1762323	-0.121023886	1.1893154
-0.3514869	-0.067174934	1.056832	0.18140554	-0.03306456	-0.18135339	-0.63467026	-0.6149507	-1.1774691	-0.3088586	0.15465824	1.0048492
-0.39306578	0.0033781528	1.07771	-0.029591791	-0.12315649	-0.6030276	-0.9302616	-0.52961224	-1.230044	-0.18978783	0.04792041	1.2584944
-0.74166644	-0.12308095	1.320799	0.25644046	0.06120616	-0.3050409	-0.7720144	-0.33700347	-0.7479644	-0.37525952	-0.17911385	1.1035538
-0.7853287	0.18403137	1.1817982	0.41094342	0.057560932	-0.26576903	-0.44435036	-0.43369368	-0.8336137	-0.17948931	0.05947203	1.1669648
-0.86252844	0.12293678	1.4314556	0.169486	0.1500951	-0.33664775	-0.5653782	-0.4934484	-0.7884154	-0.40386406	-0.022763252	1.2526982
-0.58925956	-0.091736205	1.3388407	0.046152834	0.00865453	-0.3195907	-0.36775827	-0.18618444	-0.7382944	-0.29801992	-0.13961603	1.0111781
-0.62930256	-0.35460225	1.1229589	0.14600295	-0.63704795	-0.5938506	-0.93673104	-0.25912914	-0.7080949	0.27077365	-0.36276528	1.5137591
-0.39989242	-0.4869946	0.48505124	0.051351935	-0.7437166	-0.89637965	-1.0394758	-0.30370748	-1.0967795	0.20587789	-0.61680126	1.4590712
-0.5707373	-0.3231737	0.95993894	0.072127245	-0.4796731	-0.584502	-0.67199206	-0.30612606	-0.9344038	0.043334395	-0.38138908	1.3548306
-0.5905129	-0.08991009	1.1438247	0.058924075	-0.28656507	-0.5913539	-0.69148225	-0.2946385	-0.9503502	-0.07836816	-0.1812675	1.4841073
-0.58668274	-0.13928312	1.0761201	0.06143737	-0.39650434	-0.45758826	-0.60107404	-0.3069875	-0.8418775	0.08647633	-0.13577978	1.4702841
-1.4623202	-0.48737913	1.0886089	0.37522307	-0.9423251	-0.3333452	-0.9000786	0.103735626	-0.2408529	0.63424695	-0.9850078	1.1315854
-1.2890989	-0.7247186	1.2192965	0.51869756	-1.120982	-0.10167893	-0.62779486	0.04852696	-0.5262878	0.20271574	-1.2714568	1.0738775
-1.2337606	-0.29263937	1.370114	0.71129405	-0.9072898	-0.32200775	-0.38289452	0.5041752	0.46911877	0.4671788	-1.0518112	1.3281409
-1.1380213	-0.27073598	1.4054406	0.3764979	-0.8811914	-0.28289455	-0.5471175	0.35193923	-0.0131774405	0.09445765	-0.9273842	1.3500624
-0.5649646	-0.5256222	1.4837917	0.15117878	-1.2018913	-1.124239	-1.1582106	-0.70981145	-0.01827779	0.45743686	-0.13899085	1.5407236
-1.1584631	-0.93985397	0.4761509	0.6304296	-0.94759387	0.057501912	-0.61098605	-0.49425098	-1.0719935	0.080161534	-0.94737893	0.3540149
-1.0383404	-0.8241801	0.56971914	0.50852454	-0.63998383	-0.2966774	-0.7330968	-0.48354262	-1.269147	0.13234971	-0.85239184	0.6235753
-0.8973698	-0.5662062	0.54027724	0.64722234	-0.44725898	-0.29111788	-0.7417528	-0.4564392	-1.068941	-0.16622828	-0.71326	0.96489537
-0.68085843	-0.512605	0.56997	0.46918386	-0.39259982	-0.5009798	-0.89442664	-0.35258982	-1.1174394	0.059339873	-0.60506177	1.1897593
-0.71036017	-0.52714574	0.5946809	0.4752269	-0.052266017	-0.30501202	-0.8764736	-0.5219206	-1.2598063	-0.033434983	-0.40923905	0.81403726
-1.3334092	-0.53688335	0.8319912	0.95470935	-0.30957955	-0.12332688	-0.48864856	-0.43405506	-1.1826859	-0.074796356	-1.096251	0.58360624
-1.3385937	-0.31456396	0.763806	1.464063	-0.28946173	0.4566989	-0.335082	-0.36607763	-1.0924399	-0.49042982	-1.2439493	0.13291039
-0.9705973	-0.3638933	0.78960407	1.1618763	-0.21434647	0.13320926	-0.5188528	-0.4204961	-1.0394158	-0.803306	-0.79884803	0.69477725
-0.93117565	-0.2096045	0.72014153	1.3863406	-0.27920756	0.14009684	-0.6277955	-0.512448	-1.0578858	-0.8173912	-1.013924	0.5795026
-0.7768751	-0.17040263	0.6677479	1.0931342	-0.43978512	0.0130034	-0.5323082	-0.27488637	-0.9551196	-1.0142678	-0.89845383	0.5593344
-1.0168207	-0.11878938	0.7852357	1.3673154	0.3345093	0.13085447	0.3080502	-0.09268855	-1.5136133	-0.039246514	-1.1015308	0.18000764
-1.3126925	-0.33050716	0.6633578	1.7723329	0.5698288	0.4130675	0.428086	0.11827368	-1.0198957	0.16567042	-1.1227947	0.28479543
-1.279255	-0.28058183	0.66165924	1.613401	0.5556623	0.60667145	0.56575036	0.107533954	-1.2760462	0.50563824	-1.1860297	-0.077206805
-1.1972016	-0.211909	0.73257977	1.3722056	0.3216139	0.46192414	-0.027943626	-0.2850852	-1.1732925	0.21312301	-0.92096	0.20758076
-1.274924	0.025499739	0.98180485	1.5361949	0.6438498	0.34554192	-0.08262794	-0.55204004	-0.9818382	0.31676587	-0.8641794	0.4058166
-0.88756	0.617853	0.7515397	1.3144917	0.4871576	0.34375492	-0.12980497	0.29301155	-0.6788876	0.09149857	-1.5180365	-0.0749339
-1.1879504	0.6042132	1.0651933	1.276675	0.6936103	-0.10324411	0.8923482	0.63903165	-1.2023497	-0.287942	-1.2188411	-0.20724195
-1.6314886	0.20630267	0.94637036	1.4346821	1.1389503	-0.19728187	0.536797	0.69780165	-0.54971766	-0.56032294	-0.96201414	-0.40714657
-1.6263033	-0.094831504	0.86308354	1.1188403	0.95639235	-1.1303889	0.8499728	0.98230636	-1.068602	-0.7808846	-0.88293827	-0.039683767
-1.5302182	-0.611339	1.1905463	1.1214768	1.1507986	-0.10096569	0.67844003	0.712124	-0.5894713	-1.0043461	-1.0475944	0.07857586
-0.92038155	-0.5502803	1.090935	1.2180468	1.002867	-0.2477639	1.0604858	0.82321584	-0.89271367	-1.0758228	-0.651033	0.42576194
-0.71642494	-0.3291688	1.2439235	1.3004767	0.98460585	0.49688876	0.78913045	0.37497368	-0.56773907	-0.6653282	-0.595938	-0.13846084
-0.45276314	-0.46055466	1.2692837	1.1665803	0.8257841	0.12973934	1.2043203	0.7970993	-1.3476839	-0.9885881	-0.95518166	0.48485762
-0.39227375	1.4185779	0.5650831	1.0275671	0.8712291	0.36707753	0.18125106	0.7237673	-0.89491504	-0.07655239	-1.4003235	0.6706801
-0.17068963	1.2648202	1.2188832	0.98161334	0.62723345	0.2281859	0.113977894	0.17364475	-0.5741816	-0.22177409	-1.6924396	0.55954015
-0.22024685	1.1012456	0.98835164	0.7480673	0.687822	0.051978413	-0.0059337895	-0.026493818	-0.22944038	-0.6443994	-1.6618943	0.2140432
-0.21079187	1.0878745	1.1346409	0.010097595	0.92686474	-0.19553924	0.08290086	-0.195428	-0.10105477	-0.47598684	-1.8232187	0.5557716
-0.30144265	1.5439907	1.1126463	0.5723895	0.43739828	0.12049753	0.26356563	0.054230705	-0.28508598	-0.9961597	-1.18332	0.43705168
-1.0097154	1.2462423	1.4276524	0.60359687	0.7755848	-0.16111304	0.39335987	0.46585307	-0.56785166	-0.16837747	-0.75394404	0.2181075
-0.9163454	1.2097383	0.7891749	1.4084439	0.8515751	0.5225498	-0.064002424	0.4725298	-0.5875968	-0.20715375	-0.3024071	0.2966364
-0.96038467	1.7933478	0.9894614	0.77044344	1.2105379	0.36695907	-0.26529923	0.62166727	-0.87998056	0.070594996	-0.7337164	0.38395065
-0.2165527	0.9166864	0.013905972	0.84393966	1.2807711	0.17631413	-0.7288157	1.376101	-1.2349346	-0.35479203	-0.60245466	0.80515254
-0.27370682	0.8803896	0.050749287	0.8699231	0.9558791	-0.12879297	-0.721228	1.2169219	-1.3108032	-0.22659852	-0.32073832	0.775989
-0.72615236	0.7426262	0.6414652	0.9108322	1.2751883	-0.14981405	-0.7569958	0.6281615	-1.1461647	-0.9831247	-0.5595592	0.035813067
-0.7538078	0.7085516	0.8853828	0.41269782	1.4282312	-0.58612424	-0.71021086	0.9415179	-0.9927183	-0.5706193	-0.05953626	0.039406087
-1.0781995	0.16792083	1.1256797	0.21978556	1.4756249	-0.5145037	-0.8581496	1.0840242	-0.4389028	-1.0933539	-0.07173762	-0.086935416
-0.73308897	0.23458551	1.3712811	0.4719789	1.0780605	-0.3561521	-0.46664238	1.0503231	-0.8423086	-0.604634	0.086619124	0.29523093
-0.52139044	0.00040715717	1.0706679	1.1911715	1.1468347	0.1740652	-0.89116305	0.7887856	-0.7361564	-0.0635104	0.042653687	0.54964703
0.05249992	0.27768216	0.5920069	1.2349485	1.0173658	0.5552618	-0.5455718	1.262559	-0.8528862	0.14245889	-0.23249245	0.69361395
-0.71955186	0.9903438	-0.43260786	0.96235025	0.093264505	0.0671062	-0.4162409	1.4084771	-0.60958636	-0.2721721	-0.40328112	1.8370149
-1.0156032	1.0758437	-0.4591538	0.79213256	0.45463726	-0.10033077	0.07048891	0.91941404	-0.9539524	-0.09445717	-0.1341931	1.3522645
-0.96967256	1.1487167	-0.6337761	0.5283924	0.5831827	-0.33095577	0.005876066	0.6734259	-0.7490937	-0.3467766	-0.28388897	1.2554919
-2.0909815	0.9144735	-0.43988782	0.3915129	0.6683132	-0.86273766	-0.06826902	0.5237097	-0.385738	-0.69054496	0.21446343	0.868556
-1.91754	0.8712977	-0.3028311	0.3240334	0.7173097	-1.0946597	0.33867294	0.5210386	-0.90691066	-0.90638375	0.3420211	0.9605365
-1.63024	1.0394639	-0.37533915	0.5832473	0.7747164	-0.5927042	-0.09383255	0.4082908	-0.5179415	-0.38986537	-0.13197242	0.94778895
-1.2087448	0.846634	-0.28390202	0.45231602	0.6657055	-0.4088253	0.1786501	0.59732157	-0.85941523	-0.47767955	0.030178541	1.266065
-1.1851925	1.1647773	-0.40011883	0.7719049	0.5960516	-0.31133848	0.025775157	0.7961573	-0.83587724	-0.20700002	-0.16931811	1.3458513
-0.25342578	0.21674217	0.15918279	0.53369445	0.20135735	0.9434253	-0.6863367	0.76418394	0.17513958	-0.96247613	-0.53092563	1.8406054
-0.105104744	-0.17909974	1.1199627	0.6009338	0.87554616	-0.24242316	-1.5786625	1.009559	0.124893375	-0.71013945	-0.069135755	1.6808947
-0.34461328	0.1307265	0.841713	0.768409	0.84362704	-0.015762476	-1.4633379	0.7431273	-0.08360035	-0.74184245	-0.24091546	1.0822017
-0.6608204	0.164893	1.2318809	0.48387027	0.83751553	-0.34374356	-0.66355133	1.0159686	-0.40312538	-0.885933	-0.022741672	0.5409069
-1.0761445	0.10302476	1.25837	0.423552	1.0903367	-0.39665496	-1.1725641	0.7767079	-0.3370707	-1.1158727	0.30775878	0.2169618
-0.5665237	0.3025624	1.3743478	0.27198818	0.89047825	-0.7008634	-0.49420577	0.86204976	-0.2271793	-1.2143928	-0.10173533	0.5656412
-0.4780229	0.3027263	0.5981042	0.747704	0.55630875	0.10580762	-1.0312104	0.45222643	-0.28866047	-1.1564754	-0.14505309	0.9634814
-0.13943376	0.24651651	0.9115327	0.7082278	0.51345986	0.09635051	-0.80647075	1.0549718	-0.16753566	-1.2088517	-0.5561018	1.4253224
-0.386193	-0.17517565	-0.03422222	0.2892001	0.7982836	1.104358	-0.34998018	0.42949152	-0.09324265	-0.48999536	-0.19679074	2.0858374
-0.86420494	0.15422823	0.16491862	0.13176891	0.37155837	0.50047255	-0.26155332	0.07695059	0.14693396	-1.1906453	-0.35485744	1.9833322
-1.1484369	0.7322815	-0.39893672	-0.0632174	0.37542722	-0.4401612	0.21662626	0.55221	-0.5730656	-1.0857383	-0.06846298	1.3088992
-1.9697766	0.68295085	-0.08631497	0.35131827	0.54635084	-0.33513567	0.06503186	0.5118348	-0.31240192	-0.87305915	0.3544908	1.3221532
-1.4820509	0.6375927	-0.23824175	0.036693916	0.48610842	-0.97522324	0.04020761	0.4839166	-0.63309866	-1.0826503	0.31486562	1.0711595
-1.8446496	0.7007371	-0.16952817	0.25821167	0.7046577	-0.3120653	-0.05920593	0.5916429	-0.121828206	-0.722296	0.31597728	0.9088469
-0.99000794	0.8868215	-0.08483839	0.22343531	0.39818293	-0.3117504	-0.1315704	0.78910524	-0.573019	-0.62676704	-0.0044588256	1.510127
-1.0723768	0.62973094	-0.19775662	0.32730228	0.80490917	0.5128885	-0.2871573	0.72981495	-0.21465793	-0.509017	0.089012966	1.2961845
-1.2253286	-0.738251	-0.26926976	-0.02883997	1.2754436	0.7425069	0.007448813	-0.30564037	0.36104873	-0.96607256	-0.21453425	1.9770206
-0.21516779	-0.81137097	0.51113087	0.37245372	1.4600726	0.85470754	-0.27828133	-0.38625383	0.19968128	-0.9033428	-0.14863738	1.8892214
-0.5126969	-0.5646243	0.90738714	0.6204598	0.92818826	0.58068347	-0.43848708	-0.26566458	0.29832277	-0.9726772	-0.13871484	2.0991282
-0.30268505	-1.0397787	0.8896056	0.35183424	1.923173	0.28764504	-0.12342625	-0.5968776	-0.4961234	-0.7243022	0.30073702	1.319153
-0.6138539	-1.0816219	0.7960856	0.7560227	1.7790653	0.5861503	-0.29366356	-0.80975074	-0.4933275	-0.52723783	0.4535046	1.4350966
-0.30575308	-0.6869448	1.0156647	0.2569941	1.6291884	0.27109057	-0.12538226	-0.4852275	-0.43349174	-0.6509849	0.13402054	1.4967928
-0.42187315	-0.6198147	0.8403743	0.6172062	1.4063742	0.6177515	-0.2883113	-0.75881517	-0.20592515	-0.50311136	-0.006475271	1.4942414
-0.4280977	-0.89380485	0.34227923	0.2067292	1.4529039	0.5176418	0.08058497	-0.4296713	0.19204056	-0.5664798	-0.2894046	2.1433353
-1.2500497	-0.0061757723	-0.25015232	-0.25682503	0.844711	0.27198103	-0.12440493	-0.31854218	0.12790142	-0.9027988	-0.8695473	1.2218297
-1.6493834	0.16314764	-0.66822696	-0.13100314	0.72923416	-0.21884364	0.07677135	0.11814587	-0.10710452	-1.029838	-0.39428943	1.3644649
-1.5268548	0.34086603	-0.2224418	-0.1931488	0.56250495	-0.667196	0.16073617	-0.2698791	-0.5054611	-0.9885003	-0.7365096	1.1897212
-1.922569	0.6562249	-0.1864756	0.109828115	0.6099001	-0.50193083	0.043517984	-0.027724035	-0.2118282	-0.75270104	-0.18956327	0.8200525
-1.6094443	0.62709045	-0.39763162	-0.046757143	0.8183216	-0.91855747	0.18089005	0.2715951	-0.5267257	-0.9838638	0.025759568	0.9035458
-1.8553752	0.24639094	-0.18391828	0.19165608	0.39967453	-0.3431173	-0.04788707	-0.14539678	-0.03256504	-0.7970051	-0.2556557	1.0454881
-1.1937859	0.09198121	-0.5387039	-0.15581498	0.48234242	-0.090791956	0.19247435	-0.0375025	-0.25271916	-0.8773251	-0.23368782	1.3633606
-1.6557459	0.121451035	-0.5271724	-0.12141176	0.5961433	-0.10195329	-0.039063245	0.14370054	0.12096935	-0.8375765	-0.34834293	1.2855341
-1.0720104	0.35571972	0.23462264	-0.49879932	1.4551952	-0.20089336	-0.40309826	-1.0954127	0.392096	-0.9479154	-1.1146027	0.5928545
-0.8806542	-0.13145234	0.4091347	-0.11348937	1.4551843	-0.41328004	-0.53638744	-0.95038545	0.14059353	-0.8500791	-0.90839285	0.7495834
-0.99610245	0.11966024	0.26798925	0.23614033	1.0370824	-0.08737445	-0.5356274	-1.296963	0.33047563	-1.0038551	-0.6439054	0.6599792
-1.0631443	-0.10806863	0.78045493	-0.10627732	1.6264707	-0.95391315	-0.4767053	-1.050276	-0.046549864	-0.6833863	-0.90221274	0.20941742
-1.3598417	-0.2549629	0.6532946	0.30864814	1.7880869	-0.6333808	-0.91020316	-1.0569786	0.029845398	-0.60819566	-0.4962599	-0.052531227
-1.0650531	-0.23010296	0.73151743	-0.09528195	1.6501255	-0.7062194	-0.34314796	-0.8961462	-0.058500662	-0.8751155	-0.6794499	0.52943265
-1.1560297	-0.086484104	0.45974162	0.16393155	1.1447204	-0.2869917	-0.75817984	-0.9855587	0.23453327	-0.9115187	-0.81237906	0.5499272
-0.9152849	-0.25510186	0.67184424	-0.25213426	1.661243	-0.62830293	-0.45041457	-0.951386	0.35302392	-0.7869126	-0.95240897	0.48719725
-0.363001	0.520187	0.29282272	-0.1388334	1.1502666	-0.71477896	0.34305686	-1.057163	-0.19971119	-1.1074282	-1.1682079	0.96161634
-0.23945901	0.89584464	0.9936892	0.4309158	0.46260402	-0.5273259	0.598667	-1.2450297	0.47017384	-1.0198809	-1.5211589	1.4724736
-0.17394438	1.077861	1.0664424	0.65504605	0.42329013	-0.70713675	0.2614451	-0.97160393	-0.023146966	-1.1440192	-1.4658176	0.7708515
-0.47635433	0.9624678	0.7287088	0.31522104	1.385055	-0.17179668	-0.0057816403	-0.7365494	0.105516255	-0.70950913	-1.8996699	0.73321
-0.14754945	0.75928724	1.0726146	0.45089522	0.93246615	-0.14098632	-0.22719173	-0.98834866	-0.32552135	-0.27851877	-1.0496336	0.5342285
0.05188088	0.45610055	0.86500067	0.23013455	1.2042491	-0.46544752	-0.0964598	-0.9844611	-0.25834927	-0.07696777	-1.2288277	0.6197914
-0.20216542	0.6896828	0.38398063	0.13518673	1.3205737	-0.28268507	-0.338929	-1.1277924	-0.31401846	-0.80450535	-1.1100291	0.78886986
-0.15467024	0.38090742	0.30139	-0.12374872	0.8190044	-0.61708015	0.5397691	-1.2542897	-0.14372188	-0.90060914	-1.0695785	1.2936176
-1.7415236	0.5765374	1.8848727	0.52386713	0.15509184	-0.7188428	0.39985588	-0.29305336	0.92214704	-1.5336264	0.9637037	0.35350654
-1.4807379	0.18220885	2.006765	1.0040333	0.1245065	-1.4410496	0.77023697	-0.11345194	1.5825843	-2.4508538	0.46241832	0.5835079
-1.3335243	0.08258829	2.0849283	0.7785492	-0.140578	-0.93335617	0.5531852	-0.6417412	0.692225	-1.4186082	0.29812485	0.5740237
-1.1163692	-0.27433538	1.9109466	0.41349524	-0.12593779	-0.93200046	0.51616263	-0.08814965	0.30845585	-1.6780984	-0.07965861	0.6007648
-1.6278715	0.57771933	1.7890182	0.9057827	0.18629718	-0.9941821	0.50905824	-0.3782625	1.2263725	-1.8958437	0.6720952	0.26183268
-1.2422584	0.39790812	1.9234455	0.6803831	0.3456123	-0.8578558	0.46458182	-0.60280305	1.0237623	-0.8261227	0.52847064	0.5398234
-1.6496732	0.48535395	1.6738542	0.69890314	0.32150254	-0.6126398	0.111552164	-0.5654281	0.58418036	-0.7486733	0.74666876	0.5243429
-1.6992785	0.30598363	1.733185	0.6175145	0.14280954	-0.7632297	0.0599992	-0.26833415	0.6410296	-0.4618254	0.65263104	0.3930725
-1.4689455	0.25796977	1.6643924	0.5018126	0.24800964	-0.5551145	0.09067642	-0.20518592	0.40890136	-1.1990639	0.5261872	0.2892172
-1.5177414	0.5273497	1.5300612	0.6837038	0.52398366	-0.6687036	-0.022997303	-0.48589453	0.40227523	-0.7254948	0.763963	0.4097519
-1.5781466	-0.17190638	1.5730473	0.2790887	-0.1478354	-0.9219851	-0.17414181	-0.05517485	1.2003689	0.045961987	0.34250572	0.6864836
-1.435342	0.5049507	1.4584031	0.670365	0.401614	-0.91798866	0.39765942	-0.49418622	0.74839365	0.6322818	0.28784135	1.1079806
-1.7672112	0.37398338	1.554484	0.5165463	-0.61002713	-0.71686745	0.028262798	-0.31472006	0.7428048	0.35281003	0.37447032	1.1480776
-1.1693302	0.2859203	1.3676387	0.28906545	-0.119973086	-0.80437374	0.36281207	-0.3760232	0.65895206	0.10520854	0.34912235	0.7751419
-1.1658067	0.37745366	1.3630184	0.58558035	0.44495448	-0.76275724	0.39615545	-0.2713929	0.8410413	0.47799903	0.44864902	0.7680431
-1.2726537	0.026037138	1.3530129	0.34258786	-0.057525754	-1.4027133	0.41338187	-0.16530336	0.3456941	0.696843	-0.21821605	1.3921783
-0.83678	-0.34843966	0.9530306	0.8643874	0.5516702	-1.3865947	0.3193708	0.18233109	0.33265394	0.62568724	0.039524272	1.1582321
-1.0574113	-0.16562593	1.4380928	-0.1878611	-0.3495431	-1.5118934	-0.26740223	-0.22852585	0.128736	0.5936137	-0.013610312	1.3702282
-1.3058602	-0.31373855	1.4227517	0.42592144	0.5689977	-1.1308812	0.21908407	0.26328927	0.7017685	1.0147017	0.09850068	1.1413869
-1.215254	-0.57967305	1.3257717	0.6959648	-0.6015769	-1.1931734	-0.040875733	0.12236552	0.4862996	0.4664798	0.080447026	1.0760151
-0.9139416	0.08396507	1.2430475	0.24889931	1.1279436	-1.4040997	0.4326673	0.34262428	0.45604697	0.5145955	0.67820936	1.7014748
-0.3836105	0.36102027	0.93499964	0.2762411	1.5681777	-1.3434856	0.9097707	0.30328462	-0.3651589	0.6638604	0.15497023	1.7440139
-0.2970722	0.27594727	0.8369175	0.3974005	1.6753422	-1.4067093	0.83686465	0.19950265	-0.15293871	0.7890776	0.38088042	1.5897833
-0.55340236	0.003560753	0.91791207	0.40054667	0.912763	-1.3986418	0.5342819	0.35903743	0.0047782273	0.60999525	0.16251415	1.1186302
-0.61444163	0.38115966	1.0070689	0.4517774	1.3062255	-1.5026126	0.52697426	0.21561144	-0.08150436	0.5981573	0.21373121	1.1694703
-0.45986557	-0.40664372	1.2103812	1.1182148	1.2494404	-2.305193	1.3393718	0.30733457	0.60354024	0.16450964	0.17673077	1.8081336
0.25810936	-0.7275547	0.11221828	0.8883247	1.2339457	-1.987404	0.5922674	0.16141327	-0.43781894	0.08921759	0.3474033	1.6379303
-0.014537845	-0.64574	0.5579761	0.78165627	1.0006039	-1.7022357	0.60158056	0.087710015	-0.5870601	0.018425383	0.26687568	1.0377991
-0.17774187	-0.21321292	0.7475703	0.7443382	1.4893378	-2.5016756	1.2038488	0.7097248	-0.09637162	0.2657188	0.30830434	1.6295513
0.055612806	-0.6751485	0.5971118	0.66045016	1.1588625	-1.6728356	0.65901095	0.43068847	-0.5390985	0.31298578	0.33209273	1.949155
-0.08249711	-0.70079	-0.075547636	1.3704677	1.193732	-2.1237602	-0.10540178	-0.2492219	-0.9361132	-0.68619066	0.33247986	0.29907057
0.043133367	-0.15726084	-0.07992143	0.9623259	0.8677097	-2.3946707	0.5344904	-0.34004864	-0.82224315	-0.54924184	0.46030104	0.20279272
-0.02000042	0.0940055	-0.2883861	1.3623947	0.8235255	-2.0376048	-0.088107534	-0.5622246	-0.863556	-0.78403264	0.076713115	0.30695295
-0.8096511	0.26672873	0.30895263	1.4556136	1.3528738	-2.3061092	0.42626315	-0.80248976	0.13234758	0.012513654	0.41953185	-0.047259238
-0.16877842	-0.30154616	-0.016360179	0.88316554	0.94069016	-2.2688031	0.5065335	-0.41944683	-1.1831198	-0.4054725	0.089546606	0.4436844
-0.2544415	0.6835754	-0.43719354	1.7370977	0.45638743	-1.6669043	-0.2696289	-0.61364526	0.050348964	-1.1686286	0.40618297	0.419963
-0.3895372	-0.34945315	-0.079106875	2.207465	0.50606656	-2.0002327	-0.43147582	-0.25686422	0.7631423	-1.196845	0.41639352	0.73435664
-0.06818929	-0.30631435	0.15013638	1.9920906	0.59752715	-1.1559503	-0.71089935	-0.5411556	-0.10103058	-0.8543822	0.6193357	0.7504321
0.1255717	-0.68811166	-0.06178743	1.7250261	0.9428915	-1.3219768	-0.33823013	-0.5425116	-0.31600034	-1.0781665	0.11535148	0.7582735
-0.00061107986	-0.4140927	-0.2333599	1.5522721	0.7652792	-1.5931411	-0.40923947	-0.35395968	-0.66608286	-1.0053008	0.10965828	0.4735703
-0.3607635	0.79587424	-0.18019034	1.6069648	0.6590144	-0.9965405	-0.9156403	-1.0599195	-0.34049547	-0.19200203	1.1137295	0.6616568
-0.6594241	0.7959351	0.17240103	1.7710556	-0.19069742	-1.0949674	-0.32968172	-0.65502423	-0.10568744	-0.6501313	0.86152714	1.0116887
-0.86147857	1.2710847	0.18063673	1.5304757	0.2228461	-0.6317081	-0.84730506	-1.1221322	-0.23778045	-0.6480395	0.8971877	0.74005836
-0.8537804	1.2559052	0.2772199	1.284052	-0.00915686	-1.0906454	-0.60193795	-0.83103615	-0.5366913	-0.600806	0.80893964	0.46696347
-0.8608902	0.63978606	0.2723569	1.6337608	0.16569665	-0.7521603	-0.59038377	-0.7195831	-0.42072946	-0.795211	0.6964963	0.769537
-0.78018504	1.1275734	-0.09085506	1.3445569	0.13724071	-0.151531	-0.4377947	-1.5203608	-0.71007395	-0.37512287	0.76680464	1.3548485
-0.60171914	1.1509105	0.42174745	1.3843454	0.21902058	-0.1867588	-0.60449237	-1.4215416	-0.8086612	-0.34964645	1.0926764	0.8759643
-0.3978075	0.78071165	0.3524024	1.0444176	0.2855203	-0.21444766	-0.4742337	-1.1794664	-0.7700164	-0.15653944	1.0532266	1.0286403
-0.7317763	1.0768605	0.2882098	1.3045206	0.48505822	-0.4268698	-0.36695603	-1.341657	-0.72259665	-0.37603733	0.99882853	0.8591362
-0.6068868	0.8851632	0.3719283	1.3812683	0.52068436	-0.23900583	-0.4098945	-1.0884864	-0.5430004	-0.4770134	0.89498997	0.94401807
-0.9380387	1.0240083	0.6647007	0.14197116	0.23167259	-0.10730256	-0.20482445	-1.3132949	-1.8261249	-0.37978822	1.082004	0.81067914
-1.0330752	1.1912771	0.21487097	0.77965856	0.34842244	-0.21723917	-0.33520764	-1.325135	-1.6521229	0.32284117	0.750696	0.9026249
-0.9597031	1.226991	0.114510514	0.84561855	0.5689696	-0.1390867	-0.20032932	-1.3462776	-1.642505	0.35682786	0.84646016	0.9582336
-1.1054214	1.1611999	0.24681017	0.89356893	0.50340664	-0.3251236	-0.23206614	-1.0142465	-1.5323275	0.47506067	0.74937254	0.89678615
-1.2237725	1.5450616	0.29615694	1.6154425	0.57172495	-0.76413316	0.5797239	-1.7930306	-0.7757583	-0.35133925	1.3498893	0.8428701
-0.408409	1.0816079	0.5508884	-0.033781562	0.4206166	-0.27293757	-0.34651142	-0.97079414	-1.5094057	-0.57674545	1.083771	0.85548687
-0.35788763	0.7912825	0.5820745	0.7729325	0.43338615	-0.24265069	0.026216775	-1.1406591	-1.238732	-0.23840792	1.0145313	0.83248234
-0.37426445	0.5468445	0.6217045	0.605728	0.14993857	-0.27436268	-0.11210828	-1.1533846	-1.3603883	-0.5833085	0.696083	0.99536246
-0.5703671	0.5645894	0.9832274	0.10476587	0.19436252	-0.18463677	0.08627603	-0.898099	-1.5747507	-0.55718917	0.67716634	0.8558912
-0.6167854	0.76710236	0.73109466	0.62585527	0.18511797	0.017029945	0.07676292	-0.9761393	-1.2347702	-0.72133946	0.55228126	0.8797951
-0.42396328	0.28187525	1.0543959	-0.1613736	0.19272624	-0.53601044	-0.14034298	-0.7762236	-1.4799603	-0.5636657	0.50811934	1.3460906
-0.37806165	0.34502763	0.70567185	-0.24702644	0.44466826	-0.48633373	-0.82103413	-0.78566396	-1.5267873	-0.49817222	0.7269275	1.0752907
-0.6510135	0.5682295	0.6958779	-0.12465276	0.51273316	-0.5632751	-0.50414157	-0.6044266	-1.6172483	-0.3743717	0.5810848	0.9921641
-0.64143425	0.49132478	0.77679014	0.06680758	0.4989256	-0.25074533	-0.72235024	-0.73302454	-1.4776691	-0.6240435	0.55573106	1.0074233
-0.81667006	0.46424034	0.84746695	0.022200316	0.528471	-0.1940651	-0.5059927	-0.71000874	-1.4904468	-0.5398954	0.6025723	0.81192523
-0.59941584	0.041809108	1.1402011	-0.4322786	-0.113922864	-0.638983	-0.3323422	-0.6766747	-1.5078611	-0.59313697	0.097819716	1.268671
-0.35155767	0.078877464	0.86493295	-0.23056076	0.20989619	-0.6767642	-0.53885764	-0.68022305	-1.4662918	-0.47242048	0.228851	1.2124443
-0.11957288	0.017065205	0.7284523	-0.33407256	0.054656282	-0.7590817	-0.49659503	-0.73195416	-1.4849213	-0.41418403	0.102642104	1.2955902
-0.586535	0.076750614	0.69882494	-0.33369324	0.051824305	-0.6957131	-0.57744545	-0.6112527	-1.2736748	-0.43943888	0.124516524	1.0110894
-0.44227695	0.016473513	0.81386447	-0.19838789	0.2618555	-0.59225756	-0.5392522	-0.6105945	-1.3935064	-0.48526728	0.14242247	1.089713
-0.76960194	0.06493188	1.3667256	-0.09214124	-0.10614034	-0.66110295	-0.64233273	-0.32716328	-1.2430676	-0.4237081	0.06482809	1.352209
-0.51710117	-0.3154014	1.1515733	-0.27866977	-0.074577026	-0.6855164	-0.6390873	-0.28344405	-1.1316328	-0.24172713	0.10013722	1.0635254
-0.7162272	0.023894966	1.3519852	-0.04407157	0.2641983	-0.5639777	-0.64291626	-0.19500665	-1.2400373	-0.43862543	0.24100667	1.1151438
-0.4203602	0.20513839	1.5275983	-0.5141919	-0.132382	-1.5036118	-0.31845194	-0.95342827	-0.77030855	-0.70967287	1.1446081	1.237627
-0.51341164	-0.12954696	1.4005569	-0.49824274	-0.23429401	-1.5162765	-0.41590413	-0.7468197	-0.675124	-0.3542977	0.74043137	1.1984239
-0.8519892	-0.12554355	0.9274234	0.009686802	-0.38892707	-0.8638897	-0.5928945	-0.5046978	-1.1422439	-0.110880956	-0.30072665	1.2531819
-0.44452342	-0.23392339	0.5581882	-0.37440538	-0.4412084	-1.2048951	-0.65384114	-0.744851	-1.441573	-0.19941464	-0.41799897	1.4945375
-0.5875774	-0.17377038	0.84576595	-0.10422146	-0.11272234	-0.83610183	-0.48863214	-0.52628917	-1.0530908	-0.15976875	-0.18471031	1.2780656
-0.4108449	-0.07474261	0.57701993	-0.14227927	-0.18045472	-1.0428963	-0.30524275	-0.39084443	-1.0210948	-0.16832852	-0.38152093	1.3900038
-0.68791336	-0.15298368	0.7414838	-0.10454954	-0.20228781	-0.8706617	-0.5339324	-0.46023178	-0.96854645	-0.10874247	-0.17293613	1.32708
-1.7086053	-0.5844451	0.75949246	0.2612769	-0.8831434	-0.69436026	-0.6556172	-0.40237227	-0.54109925	0.24224927	-0.34931523	0.85418504
-1.5142132	-0.5613521	1.3868289	0.11356365	-0.95445985	-0.73110867	-0.3378629	-0.042666294	-0.54294956	0.43532282	-0.88183415	1.2975383
-1.1743512	-0.47174355	1.5413153	-0.13635224	-0.89686584	-0.7419591	-0.7202653	-0.015948541	-0.4856326	0.14242664	-0.7590032	1.648168
-1.2409209	-0.4115869	1.2992965	0.054254696	-0.8503276	-0.6913975	-0.5134064	0.06493164	-0.3748526	0.28446624	-0.9932864	1.5215251
-0.9815895	-0.081958	1.3544253	-0.65772665	-1.0710999	-1.2679722	-0.77946246	-0.4922376	-1.2071991	0.15109862	-0.32455516	1.8059489
-1.2186811	-0.65385497	0.4290062	0.45344567	-0.8606933	-0.22430767	-0.42766637	-0.8608116	-1.0466399	-0.46406087	-0.58959186	0.621466
-1.0305271	-0.6552434	0.51030093	0.3326015	-0.36378634	-0.69082105	-0.6974012	-0.6035422	-1.2090071	-0.0075918767	-0.6374311	0.8885583
-1.1427284	-0.6752894	0.3884048	0.48645583	-0.3656201	-0.41913405	-0.92952424	-0.7482142	-1.2809702	-0.09518826	-0.37864143	0.5430354
-0.6478366	-0.5624778	0.92497635	-0.19079554	-0.53499275	-2.1948893	-0.51887435	-1.0521153	-1.4300879	-0.4456964	0.0706086	1.3623343
-0.9338589	-0.21354744	0.6962639	0.15094115	0.14078894	-0.7871364	-0.42267397	-0.3845811	-1.0242417	0.043161526	-0.29587123	1.2243118
-1.0933571	-0.39152315	0.544083	1.0012801	-0.26272497	-0.09702105	-0.26838738	-1.0627084	-1.7227724	-0.0032479817	-0.77189267	0.32424143
-1.2561613	-0.27221796	0.6584034	1.0266173	-0.62021166	-0.07300338	-0.26362965	-0.75283957	-1.1920415	-0.89317137	-0.9102493	0.53801525
-1.1819701	-0.6132973	0.53833497	0.80409974	-0.7520966	-1.1217531	-0.13323689	-1.6162989	-1.3618654	-0.7811075	-0.12512186	0.28585875
-1.2681525	-0.15768416	0.63323754	0.8795614	-0.45972657	-0.1550671	-0.4974997	-0.7118124	-1.1469624	-0.918472	-0.79499084	0.55686504
-1.1044719	-0.38340843	0.5264854	0.67159	-0.48995313	-0.3419368	-0.16219327	-0.5459632	-1.2751013	-1.2758934	-0.8241332	0.54945517
-0.8547097	-0.09993557	0.52528656	1.230292	-0.19850439	0.28369308	0.29547495	-0.13209225	-1.9000413	-0.18882877	-1.3944601	0.07130721
-1.3562099	-0.32406464	0.81338024	1.4610509	0.23863608	0.05181949	0.20482853	-0.6981105	-1.5477573	0.6666655	-0.8277039	0.36949468
-1.3036784	-0.6060393	0.45615533	1.2662215	-0.08367486	-0.13105401	0.29224554	-0.3482235	-1.3542461	0.35551977	-1.096033	0.070285715
-1.0572758	-0.22727263	0.76430315	1.4561152	0.32946178	0.22398128	0.5463273	-0.40449595	-1.1797365	0.21402529	-0.9855571	0.441363
-1.5117725	-0.36505198	0.4964698	1.2457645	0.24516472	0.2864988	0.520866	-0.22706807	-1.313611	0.2826205	-0.79793704	0.008746942
-0.6201778	-0.12735066	0.89898765	1.2369887	0.43236464	0.010661805	0.67217225	0.2794909	-1.3231442	-0.12697947	-1.3974098	0.1372115
-1.2476836	0.4116297	0.66703963	1.0098944	0.3007666	-0.47394723	0.5115052	1.1025034	-1.4652756	-0.4416463	-1.3833644	-0.39656642
-1.611729	0.5151733	0.73644775	0.76794374	1.0195206	-0.6189112	0.3748869	1.1372824	-1.3306493	-0.42412132	-1.1524638	-0.34633654
-1.1313821	-0.025645146	0.67876554	0.6432537	0.30719286	-0.46600574	0.59914863	0.9443867	-1.493014	-0.74940217	-1.2506213	-0.077684194
-1.4662641	-0.3618837	0.87798446	0.87702394	1.1325551	-0.2626387	0.34463203	1.5945456	-1.1785351	-0.8511374	-0.75964093	-0.027546551
-0.90290266	-0.13788523	0.89916176	0.7015554	0.71375084	0.030718165	0.7946461	1.4081342	-1.3832611	-1.1671221	-0.56671494	0.37358823
-0.95809144	-0.4980317	1.4592967	1.6992147	0.32655546	0.12553367	1.058827	0.34573528	-1.4320836	-0.78859985	-0.34614563	-0.12556723
-0.6594101	-0.28436074	1.0836407	1.0906122	0.23080906	0.2838192	0.7188405	0.17890503	-1.6827705	-0.44721913	-1.1393107	0.2582891
-0.3499629	1.2530444	1.0371627	0.8952508	0.8085292	0.3585988	0.3574711	0.50691503	-1.203813	0.12678671	-1.6053323	0.54010653
0.18467194	1.0685279	1.1915131	0.98841125	0.5144242	0.25953776	0.0403009	0.11834224	-1.1751415	0.3791048	-1.9046668	0.94191307
-0.18003777	1.1117251	0.9791032	0.94627273	0.74843234	0.21335727	-0.30285227	0.26926816	-0.7712902	-0.35287637	-1.6163629	0.24182934
-0.5196456	0.9849047	1.2517396	0.21764107	0.4540434	0.14546467	-0.07153154	0.82092464	-1.0903832	-0.59620786	-1.3551408	0.37483513
0.08591386	1.339644	1.240336	0.6528034	0.58612984	0.06257293	-0.41569158	0.10951234	-0.51453435	-0.9571189	-1.3856579	0.5653597
-0.745381	0.7284324	1.3187164	0.15462238	0.40071166	-0.121760845	-0.039449967	1.1401265	-0.9255397	-0.6711168	-1.1198341	0.45266008
-0.5285605	1.0069828	1.2224382	1.040238	0.36087155	0.27545965	-0.088950634	0.28845972	-0.91993904	-0.18354793	-0.85881394	-0.1562782
-1.0724546	1.214267	1.3187859	0.918576	0.35051858	0.46026507	0.3846941	0.4196795	-1.253091	0.1206041	-0.9849174	0.13431413
0.11818611	0.97004926	0.031649683	1.1636856	0.8883183	0.16842704	-0.90127516	1.4141921	-1.4248675	0.4616742	-0.7926886	1.2440952
0.008198071	0.691823	0.40943754	0.7119925	0.79421514	0.12322507	-0.6110782	1.2606461	-1.6762636	-0.09904263	-0.21957189	0.77820736
-0.4570483	0.8060494	0.6091115	0.97399503	1.0952988	-0.07424053	-0.45835093	0.9642274	-1.3714814	-0.3324224	-0.50029707	0.12771039
-0.5198117	0.3952546	0.4798846	0.26346424	1.146318	-0.3591468	-0.40726408	1.2079589	-1.5233303	-0.78045017	-0.40002522	0.49729228
-0.53239805	0.13087434	0.91563016	0.9410506	1.3411282	-0.05977829	-1.1468349	1.0279045	-1.0052617	-0.3478793	-0.14800243	0.31409678
-0.5104806	-0.02325289	1.3406924	0.6422187	1.0851759	-0.091762066	-0.5585664	1.0962138	-1.0076008	-0.609937	-0.17135705	0.39264497
0.03237415	0.5030215	0.7547773	1.5743064	0.7284342	-0.15972915	-0.7714636	0.7696367	-1.635057	0.21991524	-0.5086797	0.4327454
-0.042994298	0.5145678	0.5802092	1.2132586	0.83125687	0.28384888	-0.6212721	0.95321745	-1.1149172	0.58267003	-0.42547935	0.8989223
0.014705833	0.9136148	0.032606713	1.2329938	0.076833256	0.10304029	-0.72439957	1.2325921	-0.89252687	0.24212338	-0.7767613	1.9620973
-0.6718826	0.9965271	-0.32118487	0.7405287	0.04995806	0.056146014	-0.12912634	1.1968539	-0.8229508	-0.30571362	-0.55434245	1.6046097
-0.8337185	1.1202954	-0.49255246	0.48061222	0.46258575	-0.26974654	-0.0040124394	0.7210458	-1.0511886	-0.5302654	-0.23399386	1.6870865
-1.257199	1.2008247	-0.503959	0.57225364	0.34726775	-0.28726688	-0.24072015	0.8868155	-0.51166725	-0.1612784	-0.45842108	1.3344169
-1.410611	1.2064639	-0.5044992	0.47398132	0.18745393	-1.0260364	0.12715341	0.807779	-0.9749756	-0.6821726	-0.13969912	1.2776632
-1.9620043	0.7891471	-0.4771659	0.26329392	0.4616651	-0.6314527	-0.091376066	1.0427922	-0.45430392	-0.35111916	-0.1444366	1.1634958
-0.7405815	0.8948459	-0.6611254	0.46480402	0.5456285	-0.11355345	-0.07538859	0.8223732	-0.9840667	-0.19014537	-0.25859535	1.4150076
-0.6352833	1.2461364	-0.23175797	0.80249316	0.3126779	0.36563003	0.029021565	0.84236383	-0.96351564	0.024997722	-0.6537001	1.42643
-0.30408272	0.08109841	0.48968413	0.4370792	-0.1073991	1.0301778	-0.9422527	0.961787	-0.13486871	-0.65455246	-0.5209357	1.5762789
0.27414876	0.070732996	0.75086516	0.91255385	0.45220065	0.46766618	-1.3262296	1.0469637	-0.46451977	-0.26803216	-0.4629051	1.4863833
0.3013561	0.22692053	1.1261842	1.4681709	0.16309614	-0.09220253	-1.4876008	1.0312845	-0.5893246	-0.17445007	-0.21780458	0.9468421
-0.22990146	-0.57196504	1.2458346	1.0054622	0.8365174	-0.41422197	-1.2049147	0.6385907	-0.6457233	-0.37334567	0.09490899	1.0094616
-0.785991	0.3030036	1.0687435	0.6972137	0.80904704	-0.29995686	-1.1634318	0.82356554	-0.51309586	-0.8400849	-0.34981537	0.32931066
-0.4489721	0.25485706	1.3709943	0.42531118	0.61826634	-0.41719314	-0.46240878	0.91812956	-0.6217402	-1.141715	-0.44418365	0.70758903
-0.38059026	0.6146423	0.88245815	0.765079	0.59806985	-0.27888092	-0.72645664	0.47538224	-0.6235036	-1.059879	-0.90930444	0.47296825
-0.20706701	0.5223516	0.79959536	0.40765193	0.22828797	0.27887696	-0.35158846	0.94692886	-0.40977788	-1.5086042	-0.6991547	1.1771578
-0.6675525	-0.027849426	0.16188066	0.120443806	0.58067584	0.8497912	-0.7470677	0.32554072	-0.06388598	-0.72974074	-0.6902643	1.9665983
-1.0109123	0.55452615	-0.050352562	0.35126603	0.18521479	0.3058407	-0.06508472	0.7902198	-0.5323448	-0.5865812	-0.23510486	1.7488427
-1.3183502	0.6622428	-0.23481576	-0.013582256	0.5331908	-0.3561217	-0.087368764	0.45954996	-0.72281724	-0.5422428	0.028495582	1.8142946
-1.4329655	0.30720946	-0.26478165	0.48413077	0.3521796	0.14799508	-0.21003757	0.49698314	-0.11833745	-0.500818	-0.11744801	1.5381768
-1.7180105	0.5142757	-0.47697112	0.20536354	0.6893677	-0.74376494	-0.07865397	0.6251047	-0.5120641	-0.61429447	0.1485222	1.477612
-1.5755799	0.46136102	-0.48030886	0.6506535	0.3684743	-0.22360851	-0.10618925	0.60768515	-0.18347947	-0.38191658	-0.11578862	1.3865898
-0.4763844	0.5323353	0.24783738	0.32647887	-0.026937423	0.087469906	-0.12578617	0.5542572	-0.72712314	-0.41519952	-0.2602679	1.5897769
-0.8705526	0.19804628	0.09680964	0.65167844	0.017269306	0.49154398	0.06886163	0.28060934	-0.2511924	-0.4630346	-0.31466222	2.0864127
-0.42720133	-0.44467068	0.0928638	0.5731297	0.8698011	0.8631458	-0.4592774	-0.09370784	0.046077926	-0.8364893	-0.8198401	2.2076514
-0.0707524	-0.965494	0.43894276	0.5355353	1.3123347	0.8787247	-0.5455512	-0.18116154	-0.14658757	-0.76441985	-0.33014587	2.087917
-0.14864673	-0.53361726	0.65411484	0.25523013	0.8795329	0.8965522	-0.1659921	-0.13789658	-0.17681718	-0.65519965	0.006243854	2.287736
-0.022260075	-0.9281136	0.74285555	0.8187352	1.5410496	0.7338697	-0.509972	-0.008010359	-0.25707707	-0.47147188	-0.07262795	1.9008787
-0.24896191	-0.8153161	1.0800279	0.53948843	1.6497813	1.1792643	-0.20820405	-0.5067988	-0.532227	-0.3551332	0.2480133	1.7588549
-0.0409435	-1.049451	0.9784855	0.7503144	1.4545295	0.7171305	-0.2709485	-0.30508974	-0.48982567	-0.4146221	0.11999153	1.8062825
-0.10585936	-0.597927	0.7356396	0.6301804	0.37919685	1.2353241	-0.27117947	-0.12284741	0.12461792	-0.6272301	-0.23695786	2.4338915
-0.30299726	-0.87790585	0.32198164	0.44545537	1.2015215	0.6902312	-0.3708985	-0.22901632	-0.019983454	-0.44501013	-0.6049608	2.0408115
-1.1423249	-0.24870762	-0.5143238	-0.27743644	0.8176972	0.28864732	-0.38087627	-0.11397683	-0.22288433	-0.9925028	-0.91713774	1.7435926
-1.1319722	-0.07262678	-0.40028763	-0.041402332	0.69203705	0.08785616	-0.0571256	0.03415926	-0.14727464	-0.86776674	-0.6759427	1.5119357
-1.2577598	0.3865135	-0.46699357	-0.35768753	0.51688856	-0.122736044	0.10677975	-0.13491428	-0.58325666	-0.6612968	-0.61395186	1.4680204
-1.5208433	0.23901848	-0.26652738	0.44986057	0.63738525	-0.44169497	0.097547896	0.10697891	-0.19999677	-0.83221483	-0.25101617	1.2648777
-1.2922486	0.1441087	-0.25139567	-0.13759425	0.66125596	-0.58948135	0.11308629	-0.0064051985	-0.63952786	-0.94452775	-0.16908094	1.1687387
-1.8600174	0.3450019	-0.1487413	0.69549024	0.34190547	-0.6185588	0.14283101	0.60111016	-0.59109443	-0.56462	-0.013399826	1.0392011
-1.1110342	-0.007152958	-0.00363936	-0.10143718	0.45287123	0.08605595	-0.027875256	-0.01928092	-0.4761885	-0.7615062	-0.48565242	1.4969578
-1.3551153	-0.0027515804	-0.22977056	0.19631632	0.36471504	0.0072505698	-0.06625508	0.5113764	-0.3922139	-0.85102826	-0.67980546	1.4549401
-1.0506388	0.26077873	-0.20058489	-0.2164301	1.2226654	0.29999122	-0.8720803	-0.6583737	0.29368225	-0.63217074	-1.1980592	1.339839
-0.58967805	0.14591677	0.30258048	0.0032012295	1.3898097	-0.10536301	-0.5135814	-1.060132	0.1470695	-0.70995486	-1.301555	1.0285311
-0.90963393	0.1323131	0.50873435	0.16013363	1.4326308	-0.066466294	-0.6918499	-1.2998828	0.17782986	-0.55850255	-1.0052501	0.7345537
-0.8633977	-0.5113319	0.4694668	0.26635912	1.8188376	-0.5895887	-0.94658804	-0.98493916	-0.21632732	-0.24182393	-0.96332014	0.72605544
-1.6732001	-0.26351628	0.71995425	0.3972906	1.3343028	-0.4638112	-0.9204897	-0.72539127	0.09888697	-0.59365606	-0.3267483	0.1651039
-1.0327034	-0.45132232	0.4219869	0.28194442	1.789591	-0.5914303	-0.99849117	-0.88978046	-0.1058112	-0.43319052	-0.8599051	0.65839815
-0.98571974	0.05340849	0.66279846	0.23511374	1.350981	-0.23122706	-0.7542441	-1.0971531	0.0953755	-0.5461916	-0.9977832	0.7412361
-0.796213	-0.11964629	0.16399436	0.10566809	1.4883666	-0.3214313	-0.47653696	-0.75057495	0.015662655	-0.61447	-1.1421918	1.2030587
0.28874835	0.6533509	0.6209332	0.080295116	0.96419436	-0.49346653	-0.0794118	-1.0207307	0.009833934	-0.7221986	-1.5309108	1.0693886
-0.15115413	0.6341421	0.8105503	0.07616841	0.9179419	-0.3882898	0.1950961	-1.3205181	0.23130253	-0.84638965	-1.3765721	1.323946
0.2755997	1.0541492	0.955891	0.3501351	0.52798355	-0.8004709	0.26614624	-0.8329173	0.20434076	-0.72190857	-1.8586848	1.0965003
-0.14038457	0.9367204	0.23349522	0.025921125	1.396095	-0.05978988	-0.26102996	-0.433407	-0.23834553	-0.29825845	-2.1570714	1.2492085
-0.16565718	1.2890229	1.2152985	0.2670082	0.9223104	-0.095568866	-0.27334854	-0.65057564	-0.2825024	0.060080677	-1.4653106	0.5631131
0.14660965	0.6431069	0.9040396	0.24634132	1.1799515	-0.5111248	-0.5615994	-0.8284243	-0.1971019	0.15085615	-1.4243795	0.9049059
-0.13908876	0.6086045	0.52787936	0.13099281	0.91916555	-0.3679031	-0.37118778	-1.034323	-0.33740535	-0.61982733	-1.2371781	0.8910768
-0.32625407	0.40733442	0.20391336	-0.16370602	1.275083	-0.26003215	0.061663985	-0.9607235	-0.27522284	-0.7245486	-1.0697384	1.1885068
