-0.5366973	-0.8360278	-2.5227609	1.9916505	0.89173937	-0.24303849	-2.1566174	-1.0953305	-2.971788	-0.118396424	1.0219016	0.7541927
-0.7588883	-0.8106147	-2.2425053	1.6419827	0.6731564	0.20523703	-2.2202902	-1.0254327	-2.3852313	0.04688179	0.81616443	0.96430874
-0.8799566	-0.9882838	-2.2311313	0.8023114	0.89093757	0.22365326	-1.9856074	-0.78600997	-2.1925886	0.24890712	0.7553534	0.6717697
-0.723047	-1.008011	-1.8700212	0.27215323	0.9953629	0.32274523	-1.7550805	-0.740106	-2.0541928	0.22820778	0.6827441	0.52087694
-0.65054774	-0.9629265	-1.767641	0.5424479	0.58645	0.7369243	-1.9792035	-0.95880777	-1.8179336	0.24095899	0.52221614	0.6054532
0.5231532	-1.138331	-1.2919354	-0.4083879	1.1959561	-1.0520413	-0.8945005	-1.503878	-0.41638765	0.15969819	0.7612095	0.51904166
0.79019904	-0.7814692	-1.23772	-0.199628	0.51438487	-1.3533542	-0.29459074	-1.7820233	-1.2431738	-0.056034025	-0.006455735	1.011298
0.56340843	-1.1189976	-1.0398396	-0.7335111	0.84128106	-1.1530517	-0.33938047	-1.5351365	-1.0401741	0.0023201369	0.20434934	0.7380109
0.4119048	-1.2533977	-1.0692031	-0.56554973	0.9642139	-0.9497565	-0.61857086	-1.2599968	-0.46279857	0.05000975	0.28800696	0.8211462
0.6867599	-0.6393674	-0.92859226	-0.2427822	0.435709	-1.0237968	-0.12282503	-1.821585	-1.165247	0.05765582	0.27140075	1.149341
0.19803566	-1.4219427	-1.3642988	0.0793181	1.3216572	-1.019053	-0.6925022	-0.83524615	-0.55858237	-0.18802097	0.37560388	0.32680526
0.301824	-1.234983	-1.0581007	0.043818407	1.3483803	-1.1940494	-0.8065454	-0.8983505	-0.414768	-0.19509685	0.632332	0.40975323
0.11027871	-0.9839372	-1.4154499	-0.68728566	1.0529422	-0.93948615	-0.8650984	-1.1233869	-0.64242893	0.2664894	0.5877151	0.5736917
0.43433475	-1.5737047	-1.3464273	0.2451038	1.1855102	-0.9247085	-0.6467382	-0.8040353	-0.5471758	-0.12561633	0.3853777	0.4669498
0.0067468784	-1.110997	-1.330567	-0.93656415	1.1056131	-1.1936733	-0.63351643	-1.0606161	-0.57175463	0.17259185	0.27688572	0.7950719
0.02480485	-0.8036621	-0.8357339	0.3659549	1.4569227	-0.9194663	-1.3870217	-0.74895847	-0.09844978	0.16318017	1.6304324	0.005852459
-0.042584173	-0.6071231	-0.8381396	0.09664585	1.6722125	-0.72248435	-1.242139	-1.1267587	-0.23732208	-0.23869985	0.5679897	0.3136612
-0.2536968	-0.6542945	-0.406886	0.2645449	1.7767485	0.08556672	-1.507718	-0.8434767	-0.4394654	-0.20800191	1.0505639	0.54750687
0.17444763	-0.59953886	-0.87676066	1.1072557	1.2197903	-0.53531206	-1.9705054	-0.90564215	0.110118486	-0.16064344	1.0746976	0.11739647
0.25472987	-0.713887	-1.0699387	0.6746695	1.1250771	-1.0415949	-1.5839199	-0.9078041	-0.29091772	-0.4298281	0.73901415	0.053387742
-0.60709	0.0004604999	-0.6748637	0.06262719	1.5776339	-0.2761276	-1.3656099	-1.444011	-0.8628032	-1.2332944	-0.05880364	0.5882604
-0.4633274	0.15970166	-0.55426747	0.2239966	1.107494	-0.16008125	-1.4041108	-1.1173648	-0.87723845	-1.2286904	0.18666926	0.42516515
-0.23292056	0.057027653	-0.74875516	-0.19370131	1.609233	0.01953418	-1.6891212	-1.1246607	-0.7507914	-1.0061705	-0.031937588	0.7996293
-0.46830356	-0.22817515	-0.68691915	0.3109633	1.433588	-0.46168494	-1.2103219	-1.2794164	-0.6843809	-1.1840812	0.14865655	0.1127371
-0.2936124	-0.01481965	-0.50191265	0.045432113	1.4090605	-0.6126078	-1.3572723	-1.016321	-0.6567225	-1.0288197	0.39371288	0.21327366
-0.32039687	-0.25224626	-0.69001764	0.49131945	1.0633086	-0.6104013	-1.0331435	-1.3064929	-0.61702585	-0.7012937	-0.009348932	0.07328357
-0.55986005	0.1422789	-0.9784898	0.2932137	1.044391	-0.22642498	-1.0561396	-1.2906544	-1.0917512	-1.0387664	-0.08769459	-0.26298463
-0.6518796	0.32517838	-1.1159604	0.9098766	-0.086408146	-0.3853598	-1.0276319	-1.4891883	-1.5891597	-0.9424605	-0.26246607	-0.1554568
-0.36209545	-0.0993501	-1.0332515	0.29874313	0.9265148	-0.2439449	-0.8577196	-1.4180992	-1.2007787	-1.0086716	0.65094465	-0.012096467
-0.5412232	0.08804236	-0.7614062	0.2636741	0.48340493	-0.13686293	-1.0184077	-1.4206558	-1.3879063	-1.1958959	0.34471905	0.12703755
-1.032196	0.054988503	-1.1556553	0.312631	0.44001058	0.1602046	-0.5812159	-1.5101056	-1.3027637	-0.40230533	-0.49474916	-0.021838523
-0.87273693	0.1521472	-0.9035369	1.04783	0.4872331	-0.26255715	-0.7634496	-1.4472522	-1.1075265	-0.5368718	-0.5722873	0.5445767
-0.78078127	0.37265155	-1.2322117	1.2040597	0.43426943	-0.10573046	-0.38593847	-1.9992082	-1.0037713	-0.052602172	-0.3932453	0.4106371
-0.6636673	0.19789776	-1.209501	1.1197027	0.19701393	-0.6406452	-0.4766246	-1.5219167	-1.1215283	-0.5169797	-0.3246074	0.2944647
-0.9942733	0.4731345	-1.0913914	1.0845686	0.47441673	-0.4715817	-0.32148227	-1.4447289	-0.8994516	-0.39659834	-0.47206292	0.029592454
-0.7204929	-0.016522191	-1.4135616	-0.03774391	-0.05598027	0.6633492	-1.0557048	-1.2251191	-0.86620516	0.8125933	-0.91381127	0.2154228
-0.6876293	0.74973243	-1.4790977	0.18114993	-0.45734963	1.1752601	-1.6532568	-1.3729411	-1.1339885	0.58492625	-0.88087004	0.30802307
-0.95704055	0.3065065	-1.2869644	0.59012747	-0.12138167	0.4802029	-0.7690306	-1.5218931	-0.9922022	0.43798754	-0.8357824	0.28764406
-0.6378118	0.19419712	-1.1400182	0.72830653	-0.15281841	0.6656468	-0.8118454	-1.7214231	-1.0814133	-0.07091615	-0.62093604	0.054354973
-0.68809485	0.1971628	-1.3030025	0.39611822	-0.34970257	0.6379043	-1.1962371	-1.4679234	-0.9612453	0.25185475	-0.7172561	0.22880568
-0.8733876	-0.47450382	-1.4438235	-0.13855131	-0.63107324	-0.061952468	-1.4320489	-0.36509427	-0.954862	1.0369772	-1.1968577	0.09729378
-0.5732341	0.005724839	-1.8507253	0.10473653	-0.30243182	0.07026016	-1.4369776	-0.44285607	-0.9587283	1.1861712	-0.90982586	0.83462816
-0.6383579	-0.04261179	-1.5903696	0.4560479	-0.39507023	0.46202603	-0.9305411	-0.8165818	-1.0056821	0.3780513	-1.0169129	-0.02132862
-0.9781528	0.1473344	-1.9911976	0.34034476	-0.07050928	0.0552077	-1.065964	-0.90248793	-0.8021276	0.9182707	-0.6679413	0.8003046
-0.52693284	0.27571142	-2.122631	0.59891796	-0.0754467	-0.17640284	-1.3011209	-0.7095523	-0.7745453	1.1282499	-0.8347036	0.9788978
-0.34591904	-0.4900694	-1.8318325	0.25537038	-0.5358876	0.2534906	-1.5200105	-0.6451754	-0.933814	0.6916528	-0.7326702	-0.11552328
-0.49331847	-0.8582451	-1.4933853	0.10689976	-0.28386572	0.4207252	-1.3999197	-0.525575	-1.4010692	0.29451728	-1.0078816	0.19772424
-0.41808045	-0.50092125	-1.1571788	0.24647897	-0.21482949	0.41933802	-1.383139	-0.9170625	-1.2557441	0.4348032	-1.0808226	0.10096858
0.082855456	-0.68146414	-1.3798935	0.20527893	-0.8491839	0.36425808	-1.967154	-0.29735002	-1.3446591	0.15172616	-1.1094072	0.1864675
0.4254659	-0.66645056	-1.3979058	0.095316395	-0.6770433	-0.028730365	-1.4593098	-0.15449862	-1.2935508	0.42027268	-1.4132749	0.42305353
-0.121432096	-0.64099365	-0.84821314	0.23461656	-0.6994789	0.004151804	-1.3781472	-0.36615705	-1.5735631	0.65761375	-0.28476763	-0.13165002
0.16196589	-1.2180225	-1.3450768	0.18837807	-1.2939625	0.1768581	-1.3644588	-0.17583363	-1.7309171	0.7334014	0.6754073	-0.27856675
0.32369632	-0.8012592	-1.2029337	0.23808078	-0.8742063	0.41937712	-1.6650968	-0.449049	-1.3444988	0.5437477	-0.3655009	-0.22814506
0.40669805	-1.0698862	-1.4459741	0.13662371	-0.9530647	0.18218708	-1.3266898	-0.3893092	-1.5692229	0.7766847	0.68475574	-0.04818183
0.616479	-0.6380621	-1.4146388	0.08065877	-0.8659164	0.3923725	-1.4833248	-0.5344045	-1.1966798	0.2578743	0.08492772	-0.30835053
-0.0077773016	-1.0047249	0.0222155	-0.057752017	-0.776823	0.3128445	-1.839043	0.15833804	-2.0660608	0.059214633	0.095611684	0.09734659
-0.23470142	-1.122715	0.1503894	0.26647666	-0.5430726	-0.03228371	-1.8644445	-0.05245085	-2.0931609	0.09030456	0.05660942	0.93457794
-0.039619252	-0.51509595	0.18448663	0.04169953	-0.52425414	0.2025974	-1.4130057	0.005858521	-1.7204161	0.21729244	-0.2873145	0.8310426
0.042664915	-1.2219993	0.06444624	0.11825064	-0.5174577	0.014088883	-1.5557435	-0.15514417	-1.9386244	0.2707403	0.19381845	0.85310304
-0.11344481	-1.2932047	0.035767138	0.3411492	-0.57607716	-0.51799697	-1.4467382	-0.29428566	-1.7228059	0.561549	-0.492761	0.9540831
-0.19425383	-0.51197743	-0.42205858	-0.010300009	-0.32504147	1.3782445	-1.69853	-0.013493672	-1.7165223	-0.43749133	0.55453086	0.38660744
-0.23129186	-0.16833372	-0.49717158	0.4956829	-0.46535525	0.8365209	-1.8653647	0.022593774	-1.6713759	-0.027389329	0.22236562	0.63343126
-0.10390285	-0.08060297	-0.58617926	0.5356004	-0.2989619	0.95381707	-1.9683642	0.075871624	-1.674908	0.013540751	0.60230434	0.67035073
-0.24935561	-0.107806616	0.0093497895	0.14631774	-0.5999664	0.56882715	-1.6501547	0.09458314	-1.5384742	-0.023272011	-0.0395282	0.18746158
-0.43429124	-0.026040785	-0.087811515	-0.19231337	-0.43527627	1.0149153	-1.3979485	0.1184002	-1.6045347	0.09676966	0.63364214	0.777567
-0.28603142	-0.77810776	-0.5011391	-0.26603732	-0.18547077	1.0127914	-1.4929311	-0.4954183	-1.6902332	0.0046275477	0.6895343	1.3422092
-0.06121686	-1.1855923	-0.9054806	-0.13788316	-0.25085825	1.4752485	-0.49920854	-0.51663446	-1.4800441	-0.48862457	1.1416295	1.329971
-0.1197191	-0.89566326	-0.9342625	0.021822663	-0.21068479	1.2945676	-0.97200567	-0.49598253	-1.4993501	-0.6031205	1.0360508	1.0083716
-0.41385671	-1.1006217	-0.2119774	0.13190754	-0.3352285	0.7431429	-0.41309497	-0.32599914	-1.4655756	0.030639779	1.1833794	1.1399151
-0.13291308	-0.83270144	-0.70578456	-0.08231804	-0.1729362	1.5096552	-1.2727548	-0.2589948	-1.687426	-0.6016426	1.0166014	0.6339755
-0.37249756	0.1854703	-0.8855473	-0.37203714	-0.1117178	0.900475	-1.199601	-0.51669	-1.1185905	0.9509304	0.94678944	1.6983232
-0.478234	0.2582921	-0.6029036	-0.28765327	0.15041451	0.7684909	-1.1373858	-0.7349232	-0.9252164	0.60582334	1.1718038	2.1591485
-0.36270046	-0.07941861	-0.7743475	-0.25093	-0.015070589	0.8334632	-0.9446993	-0.6338238	-1.139655	0.39742875	0.99736524	2.2486718
-0.49250096	0.054510344	-0.6590484	-0.49815133	-0.17906544	1.0513748	-0.85636437	-0.5012822	-1.2019807	0.39507338	1.1436831	2.0251384
-0.6052658	0.01899681	-0.7584249	-0.48597664	-0.22851989	1.0888517	-0.4769201	-0.42868325	-0.97568643	0.40095887	1.1328572	2.1100717
-0.44049546	-1.0102748	-0.64045566	0.49533653	0.5426306	0.39290953	-0.512971	-0.49704844	-0.51300114	0.12873943	1.6853248	1.5078855
-0.521985	-1.68349	-0.26331723	0.45440412	0.037936985	0.7897298	-0.349693	-0.4455359	-1.17821	-0.13751806	1.4891362	1.2789248
-0.6657329	-0.617716	-0.5486139	0.22854769	-0.14469613	0.8426073	-0.14978689	-0.27241027	-0.91799814	0.21641098	1.4446965	1.4573109
-0.35289803	-0.8747228	-0.7115577	0.7541482	-0.06147017	0.50873315	-0.094971985	-0.46785837	-1.1487409	0.00656312	1.2748005	1.6663748
-0.4675995	-0.65933424	-0.6558177	0.1403758	-0.101640895	0.8827828	-0.32472026	-0.416783	-1.0712938	0.15188411	1.322826	1.1379216
-0.8586585	-0.16038631	-0.460449	1.2184246	0.5041644	-0.3034803	-1.096525	0.07030121	-0.62250435	0.7424931	1.6145345	0.87601984
-0.5340947	-0.35948083	-0.5682946	1.1852311	0.7969934	-0.7296445	-1.0977445	-0.035326734	-0.29913905	1.0392942	1.2349619	1.0568303
-0.46042186	-0.1251102	-0.70992136	0.7354207	0.8120065	0.121463396	-1.2435834	-0.4138185	-0.2963213	0.9919838	1.7385429	1.1191987
-0.20917235	-0.054049022	-0.8724866	0.8778997	0.67670953	-0.28713995	-0.87068576	-0.31145307	-0.38491842	0.93104774	1.6257069	1.4862076
-0.77144927	-0.5925287	-0.28186023	0.38597894	1.1471652	0.2606262	-1.0926169	-0.6684692	-0.7842231	0.6872891	1.6821613	0.8728732
-0.71968055	-0.18071462	-0.9042763	1.9242964	-0.25528938	-0.1633448	-1.2347065	0.49788198	-1.1174921	0.5621085	0.7842762	0.1778759
-0.41466337	-0.032918002	-0.9848865	1.7595398	0.027221957	0.048274003	-1.1692692	-0.053876903	-1.0912691	0.32839707	1.2361265	0.22665006
-0.50806874	-0.18525597	-0.9319051	1.4359372	0.369855	0.16998152	-1.0608759	0.13216415	-0.6455372	0.5668247	1.3089069	0.40582082
-0.5708018	-0.23532405	-1.1578132	1.442538	0.066647716	0.080710694	-1.1231185	0.38438115	-1.366353	0.2371351	0.93130404	0.17996202
-0.36423802	0.15373276	-1.4848235	1.6263026	-0.07660978	0.1591253	-1.4142573	0.03740357	-1.0938191	0.29442284	1.097138	0.13394798
-0.33681458	-0.7702283	-0.12597737	1.5579525	0.23551492	-0.8598482	-1.0846817	0.7328525	-1.2165266	0.3824132	0.31097677	1.0698315
-0.50223	-0.69205135	-0.3549781	1.468798	0.101338975	-0.7079545	-1.3623346	0.14115328	-1.398547	0.5161743	0.09330579	0.900124
-0.3973233	-0.8769132	-0.011543818	1.3739197	0.00088548847	-1.1482043	-0.7745805	0.52442837	-1.2602643	0.1553704	-0.18814133	1.1685927
-0.48624143	-0.48209447	-0.44698548	1.4583206	-0.29717067	-0.6987343	-1.504954	0.18849146	-1.3039016	0.10408847	0.069905095	0.7523438
-0.51703256	-0.466983	-0.37233424	1.4544414	-0.1926729	-0.89959425	-1.4918835	0.20622896	-1.1271138	0.31345338	0.24385564	0.4557172
0.2668678	-0.76293343	-0.61593294	1.5148956	-0.17729811	-0.8148563	-0.27655962	0.9587597	-0.6449017	-0.26619023	-0.34176925	1.6516238
-0.11013331	-0.6728064	-0.9204183	1.3571475	-0.1262469	-0.7740313	-0.09816482	0.8275479	-1.1008565	-0.19986433	-0.4234553	1.832554
-0.4503036	-0.618125	-0.76490915	1.0360353	-0.29933923	-0.9213603	-0.12562083	0.5692673	-1.2326242	-0.14698152	-0.26088268	1.9249679
-0.117499866	-0.79361403	-1.1825515	1.1310427	0.3448232	-0.63887864	0.0004852917	0.23975271	-1.5912892	-0.13870601	-0.42625633	1.8197069
-0.46153882	-0.87603104	-1.3154238	0.8944314	-0.16379444	-0.63180125	-0.0019729272	0.5288061	-1.6281734	-0.0715824	-0.114196226	1.58021
0.13189219	-0.046450563	-0.8140296	0.9389188	-0.15566885	-1.060877	-0.38965943	1.1122966	-0.33164054	-1.0590616	-0.6135789	1.9243656
0.27589035	-0.739632	-1.0185872	1.6271945	0.25499335	-1.0120375	-0.6571801	0.72738296	-0.48268327	-0.40081435	-0.97775	2.0257697
-0.028793702	-0.52748984	-1.1716691	1.4950712	0.73247236	-0.60338384	-0.7547164	0.46158913	0.1799751	-0.41904813	-1.0744437	1.947054
0.2920756	-0.1280622	-1.4851772	1.5318724	1.0939796	-0.30212238	-1.1556567	0.048488453	0.48012224	-0.32844266	-0.9535106	1.9844099
0.23774989	-0.27332392	-1.2039872	1.6430736	1.247351	-0.010391656	-1.2482841	-0.17048952	0.5021055	-0.28942436	-1.2674909	1.8324093
0.002369312	-0.399593	-1.2977936	1.3132435	0.9961611	-0.011793161	-1.1118073	-0.025343198	0.2647619	-0.4096828	-0.78226846	2.134075
-0.31391	-0.7443328	-1.4995662	0.65797025	0.33415154	-0.1788661	-0.9393068	0.017822657	0.0005503148	-0.8564382	-0.6167139	2.3145766
-0.47452724	-0.5698307	-1.3811368	0.86037815	0.23724912	-0.54758406	-0.5898088	0.543359	0.35338572	-0.8223675	-0.08049119	2.7099104
0.18828541	0.4856871	-1.3420209	0.8027477	-0.7663386	-0.719553	-0.28096625	0.4270627	-0.7778625	-1.1904174	-0.36154747	1.795358
0.46502072	-0.044144172	-1.2451794	0.754258	-1.6185502	-1.1153575	-0.58144414	0.36919618	-0.2923099	-0.9311961	0.023974914	1.193131
0.5414023	0.5344757	-1.5038797	-0.12796912	-0.73888373	-0.7492037	-0.41969177	0.167619	-0.8330336	-1.1240894	0.2731461	1.4348562
0.6263188	0.85067487	-1.2431829	0.5301329	-0.75015855	-0.5219417	-0.7360882	0.13123283	-0.62245715	-1.7122471	0.14487436	1.5036241
-0.0005008229	1.3182442	-1.4582726	0.38961908	-0.5043491	0.20955175	-0.792232	-0.72224754	-0.9919831	-1.439513	0.09192888	1.739682
-0.7231573	0.59326625	-1.3945698	0.6091391	-0.9209562	0.31556264	-0.77898455	-0.26846	-1.1599039	-1.675956	-0.3943886	1.6567595
-0.06652077	0.380258	-1.2430327	0.6737825	-1.3103675	0.17088974	-0.73317045	-0.23165749	-1.0614804	-1.2989523	-0.3854915	1.7345756
-0.32247293	-0.24767365	-1.1268928	1.1537257	-1.4931713	-0.15268387	-0.5494687	0.21276474	-1.0560006	-1.1227329	-0.56999093	1.5550065
0.52847254	-0.31140825	-1.1119721	1.3449025	-1.6062502	-0.4291826	-0.60436726	-0.07671173	0.35173136	-0.5432929	0.092085525	1.5244939
0.5158067	-0.67790014	-1.3562908	1.6710646	-1.0998918	-0.46534672	-0.6141053	-0.5805636	0.15166987	-0.960335	0.09177393	0.9640176
0.5911475	-0.93036586	-2.1217046	1.5426799	-0.9788961	-0.7628724	-0.6667682	-0.876789	0.065102145	-0.90782046	0.39828902	0.15166649
1.0364026	-1.1003413	-1.9364101	1.563561	-0.7754978	-0.9613319	-0.5330911	-1.1967815	0.12669548	-0.64699686	0.3186999	0.5539865
0.6770885	-1.1082596	-2.2477572	1.381608	-0.6714343	-0.23303148	-0.73010105	-0.9619799	0.28966197	-0.39982277	0.38297033	0.3977171
0.65030783	-1.0658433	-1.8560028	1.0796981	-0.7971588	-0.14233913	-0.27436972	-1.2066708	0.31115267	-0.3359741	0.28726822	0.8554489
0.56745297	-0.9231094	-1.8596952	1.2369112	-1.0971574	0.023007842	-0.5889906	-0.590556	0.24423875	-0.4359233	0.23778255	0.78574425
0.5989062	-0.9082034	-1.6163205	1.2993922	-1.5145259	-0.008353816	-0.37992305	-0.38995782	0.39915496	-0.28764302	-0.016777974	1.3878295
1.5204287	-0.03560126	-0.40398905	1.0838469	-1.1803296	0.020176187	-1.1379879	-0.7815834	0.2820518	0.33931607	0.37464586	1.3448437
1.1630499	0.32421833	-0.35876936	0.98103815	-1.1375215	-0.7312305	-1.5608205	-0.7519828	-0.08017711	-0.30996335	0.1852358	1.3173114
0.709435	0.49260828	-0.9394627	0.66500115	-1.0650293	-0.9098674	-1.5740917	-1.3580363	0.011721132	0.11024787	0.56686723	0.9252214
0.49882784	0.5705537	-0.7951788	0.028987762	-0.8080546	-1.1739186	-1.8540621	-1.210162	-0.33154413	0.2708477	0.46594623	0.9025215
0.44325855	0.14417873	-0.78785133	0.19439083	-0.79577637	-0.8967144	-1.8705019	-1.3228413	-0.6284295	0.46266127	0.5728523	0.95829564
0.61498094	0.74070144	-0.8016593	0.053937823	-0.57818186	-0.99008423	-1.9500927	-1.3347725	-0.62715566	0.24719216	0.6439277	0.899897
0.8337873	0.41330513	-0.6464332	0.76866	-0.7902908	-1.1210814	-1.2365646	-0.97895765	-0.38978842	0.11628373	0.30451274	1.1564692
0.9007397	0.45704648	0.016963419	0.94242144	-0.77457064	-0.1875729	-1.6806337	-0.9932358	0.19659217	-0.048806004	0.11099676	1.0508116
1.8764099	0.06091264	0.17742565	1.3583214	-0.63510025	0.3609193	-0.9945508	-0.40635413	-0.45689613	-0.39524946	-0.004058592	1.3330941
1.1197672	-0.047551885	0.28051972	1.6169662	-0.3287977	0.48232585	-2.1704943	-1.0356259	-0.14394161	-0.0792843	-0.40828103	0.9428617
0.46075127	-0.708127	-0.05066024	1.684653	0.15306394	0.9692929	-1.917887	-0.9429928	0.4782584	-0.2919402	-0.5671344	1.1500274
0.34714305	-0.5674012	-0.43243724	1.5876011	0.51959485	1.111867	-1.8586392	-1.1181762	0.22676721	-0.52166104	-0.28028134	1.0679413
0.23234944	-0.6691694	-0.6079602	1.3762164	0.7025585	1.2675148	-1.7989271	-1.1010596	0.5278438	-0.71864575	-0.17082688	1.1665412
0.54279894	-0.21642157	-0.44884852	1.2213043	0.33125564	1.2238373	-1.5198748	-0.8438729	0.10578735	-1.1354076	0.3127844	1.265478
0.73168784	-0.052105054	-0.31550056	1.10217	-0.003377447	0.9196408	-1.5476717	-0.82443756	0.15855467	-1.3025062	0.4242751	1.39566
0.8383686	-0.36152384	0.22602424	1.586881	-0.2295949	0.50964	-1.0282906	-0.8022359	0.193965	-1.0597131	0.2527786	1.0615497
1.9838172	-0.06325325	0.2875904	1.6619536	-0.48623973	-0.093930855	-0.69115657	-0.65856093	-0.82081527	-0.3635455	-0.01785671	1.030978
2.0672152	-0.6324788	0.31847683	1.1265539	-0.10296737	0.3025359	-0.54607755	-1.0913063	-1.0267775	-0.032960914	0.47837478	1.1901562
1.8232723	-1.6300126	0.20370771	1.3443403	0.12106529	0.17089641	-0.39020222	-1.369084	-1.3604096	-0.13570045	0.42043996	0.55869615
1.3817856	-1.5653316	0.057925835	1.331982	0.16256511	-0.039737977	-0.20134303	-1.6113673	-1.7786244	-0.19293576	0.4058625	0.55062217
1.6012415	-1.350372	-0.18444212	1.5563116	0.5400339	-0.16314436	-0.87041646	-0.9528921	-1.3639444	-0.545298	0.020642368	-0.18152231
1.2162884	-0.99964404	-0.43389386	2.041303	0.032952912	-0.39534447	-0.5861139	-0.98519295	-1.4773086	-0.54163945	-0.31747982	-0.006106226
1.6060814	-0.32625505	0.012122708	1.4193596	-0.036949515	0.16568603	-0.6283032	-0.2956867	-1.4193655	-0.5406385	-0.55970335	0.16636072
1.9600205	-0.28823656	0.2150436	1.734051	0.06302018	0.27245414	-0.58279425	-0.42698598	-1.4143075	-0.8824329	-0.5717966	-0.06654618
1.7970401	0.2904116	0.15066978	1.4353818	0.15959725	0.9393467	-0.3822909	-0.42313406	-0.8360558	-0.013227889	-0.1255485	0.9326072
1.9096355	1.2509428	-0.45732334	0.90522987	0.18276325	0.088864446	-0.68555164	-0.19331488	-1.4730405	0.7392567	-0.26962742	0.84398735
1.2573102	1.042935	-0.4209936	0.90909326	-0.34412038	0.0043290905	-0.7153442	-0.7512741	-1.4976742	0.88592505	0.01686216	1.0783993
1.2319931	1.4183595	-0.5399228	0.61426127	-0.58502305	-0.39396393	-0.9653963	-1.099379	-1.4761566	0.78818417	0.35208496	1.0336585
0.87880856	1.0293889	-0.31136116	0.7791977	0.2692465	-0.2954771	-0.8488474	-0.92130995	-1.33584	0.80238044	-0.07946514	1.2338895
0.8002156	1.034137	-0.32067183	0.5038833	0.88976914	-0.51012343	-1.1352406	-0.78599465	-1.4919063	0.5129187	-0.34326568	1.2266465
0.8178101	0.7145403	-0.025337227	0.85653985	0.6656178	-0.32304826	-0.9932526	-0.85272795	-1.4856294	0.46702686	-0.48010084	1.5112739
1.43852	1.0749806	-0.33507225	0.88280654	0.64315593	0.12060946	-0.7030972	-0.33091694	-0.9336254	0.53590816	-0.26875502	1.0720228
1.7243127	0.3519795	-1.6967378	0.4089888	0.948411	1.1244664	-0.018631361	-0.023327356	-0.69480354	0.2383018	-0.011054598	0.79822946
0.69650996	0.47804937	-1.8020047	0.63939744	0.68484855	1.6994172	-0.39930078	0.008187742	-0.66553026	-0.67355275	0.2156477	1.4279387
0.8593564	0.80058473	-1.3847759	0.7692237	0.63419276	1.6914587	-0.1278803	0.1169032	-0.59462965	-0.3901179	-0.012491796	1.2404222
0.8417755	0.16206124	-1.8306717	0.9937113	0.82510024	1.2759714	0.05926974	-0.4691266	-0.68507653	-0.085098416	0.30040312	1.1234161
0.58614266	0.13731137	-1.7439108	0.99364895	0.7725506	1.3599986	0.4282868	-0.77411044	-0.6407726	-0.42098355	0.24711806	0.9849345
1.2553437	-0.36049303	-1.7998896	1.1722518	0.49737793	1.2006086	0.03721405	-0.3179057	-0.86566496	0.5477523	-0.049035534	0.23940636
1.5602036	-0.4672536	-1.7865723	1.137364	1.0493919	0.43742633	-0.08571055	-0.3385391	-1.2859771	0.38106245	-0.09644795	-0.08636314
1.802173	-0.48737445	-1.5409017	1.2844614	0.975508	0.87918085	-0.27837804	0.13787381	-1.0598623	0.36455652	-0.08489179	0.17995973
2.0040095	0.01335871	-1.215762	-0.01258526	0.8168597	0.45057702	-1.4642175	0.6877481	-0.82554793	0.22582024	-0.19568232	0.5101883
1.1909719	0.15773974	-1.4912034	0.730469	1.2667089	0.36839768	-2.0469494	1.1466451	-1.1148834	0.71918464	-0.7882712	0.4442175
1.2366469	0.46341679	-1.3987925	0.45778045	1.2320306	0.689486	-1.9210844	1.3649216	-0.82809484	0.4954152	-0.20456818	0.8485613
0.86461	-0.26818517	-1.1926092	0.38667777	0.8677379	0.31626278	-1.8970705	0.9454654	-0.68838817	0.78191435	-0.4636283	1.0917804
1.0389487	-0.48866463	-1.3783989	-0.22676177	0.77733004	0.33407617	-2.1897814	0.3591588	-0.5243032	0.7235725	-0.2891735	0.8437575
1.3518932	-0.681011	-1.3298302	-0.41211057	0.7126547	0.5464038	-2.0613782	0.1783004	-0.41672546	0.8036513	-0.104237005	1.240769
2.0678132	-0.28191656	-1.1574001	-0.20412023	0.57694054	0.62641454	-1.5489374	-0.21378285	-0.69618446	0.21052344	-0.2942046	0.37094885
2.309404	-0.19470042	-1.3965031	-0.6773204	0.8267723	0.4960863	-1.5848145	-0.06731106	-0.6894022	0.3286994	-0.33300462	0.5446286
1.7484804	0.850927	-1.1404648	-0.09049386	0.7574422	0.09879891	-0.6219808	0.24102136	-1.4146484	-0.024617499	0.7718633	0.7487671
1.0574822	0.5542649	-1.4300195	-0.29170728	0.42133933	-0.40306836	-1.0608525	0.5693181	-1.5747375	-1.5941068	0.8083475	0.6947547
0.68640095	0.3077641	-1.530194	-0.2952624	-0.08428427	-0.30215275	-0.74501294	0.6510061	-1.391246	-1.8546426	0.7564467	1.0312992
0.71495765	1.196674	-2.0919173	-0.52986765	-0.59118605	-0.6413588	-0.7981216	0.3464018	-0.9973776	-1.0751104	0.8323565	0.94283605
0.48195672	0.5863394	-2.2981417	-0.70628613	-0.104421765	-0.7391997	-0.7840164	0.13547112	-1.3491272	-0.84396875	0.86247075	0.92372155
0.37683353	0.8672349	-1.9439504	-0.40501383	-0.21020211	-0.7006514	-0.6347093	0.24248832	-1.0556433	-0.7352295	1.0164053	0.9544494
0.9633317	1.0730468	-1.6521068	-0.24699724	0.24201399	-0.41668332	-0.77740514	-0.09100477	-1.5919362	-0.07523309	1.1300081	0.43747902
1.0768572	1.0375317	-1.5148559	-0.088740155	0.49272612	-0.49274057	-1.0528308	0.36456904	-1.475817	-0.43936926	0.9396381	0.09766784
0.9309287	-1.165443	-1.2399648	-1.0902792	0.53548884	-0.747382	-0.38277727	-2.207278	-0.5025582	-0.08504688	-0.31170988	1.4497935
0.77732086	-1.2409929	-1.1302613	-1.0299443	0.9067013	-0.9914812	-0.86352366	-2.0879924	-0.5738164	-0.30809748	-0.47000572	1.4107165
0.7170773	-0.80035585	-0.7301489	-0.9723745	0.42777216	-0.67580366	-0.9815927	-2.0884728	-0.6567963	-0.1596045	-0.675448	1.8613912
0.8992464	-0.8523543	-0.8185922	-0.7559192	0.52034885	-0.92399645	-0.26172906	-1.8791784	-0.8386545	-0.11700003	-0.41211745	1.455368
1.0264845	-0.7397537	-1.0786107	-1.2287922	0.39650175	-0.8047001	-0.4041199	-2.4058201	-0.72579837	-0.18458754	-0.6674549	1.7313379
0.81207037	-0.69891894	-1.2308015	-0.38169757	0.7765066	-1.3688589	0.054488022	-1.7464484	-0.97281235	0.36247444	0.6889419	1.220245
1.0104927	-0.6847288	-1.3131286	-0.35251093	1.0473545	-1.4807534	-0.4003319	-1.929066	-0.8652822	0.007427917	0.1514504	1.0305043
0.8918461	-0.9904951	-1.2002888	-0.5288289	1.0306213	-1.4975102	-0.40806085	-1.7903115	-0.57945395	0.22247806	0.14880294	0.88429403
0.85337687	-1.1861892	-1.2764945	-0.41645858	0.87557846	-0.98495007	0.21718188	-1.4728731	-1.0095811	0.042359404	0.1343674	0.9954495
0.78005284	-0.7097632	-1.0761954	-0.84135383	0.43264344	-1.1198902	-0.32454783	-2.1328502	-0.8950955	0.10818253	-0.033489756	1.1931762
0.7070742	-1.6335863	-1.412254	-0.57778627	1.2766879	-1.2690219	0.024089633	-1.0505342	-0.857107	-0.050624367	0.16218796	0.7109864
0.49187458	-1.2184104	-1.3298389	0.0768223	1.0945998	-1.2940241	-0.57252306	-0.7104097	-0.8103026	0.3426007	0.70534784	0.5402757
0.8566608	-1.4108626	-1.4777535	0.2217356	0.88496876	-1.5413983	-0.23801987	-0.83479744	-0.70740557	0.21705541	0.7107198	0.23503572
0.65070736	-1.7236677	-1.7554159	-0.18838504	1.568583	-1.7605307	-0.44957778	-0.9158293	-0.63289875	0.14958797	0.89336056	0.45320505
0.403422	-1.343941	-1.5027921	-0.10175371	1.3331839	-1.4011363	-0.7758852	-0.7794521	-0.5820891	0.1381685	0.54369307	0.23608042
-0.11734213	-0.36653087	-0.8163731	0.11709022	1.8914124	-0.745947	-1.4449685	-1.2976882	-0.28257462	-0.5067485	1.3218462	0.3846431
0.32400674	-0.9920742	-1.1346028	0.6862457	1.3084174	-1.1127777	-1.367059	-0.8434594	-0.3431443	-0.5501479	1.0957445	-0.06492676
-0.30488297	-0.719686	-0.8662342	0.18409759	1.4943246	-0.2815329	-1.5276992	-0.9385585	-0.24993436	0.11977787	1.6476492	0.27810934
0.37198514	-1.1085598	-1.4156561	0.3891674	1.5007702	-1.1215549	-1.5224912	-1.1032397	-0.3050562	-0.046227872	1.1655182	-0.10360168
0.23835656	-1.129287	-1.1917417	0.036299314	1.8270756	-1.1794859	-1.3246722	-1.2837005	-0.05398395	-0.6300905	0.7553496	0.087741286
-0.12621924	0.0049037132	-0.7464734	0.42883557	1.2510365	-0.5744308	-0.973187	-1.5237609	-0.9377347	-1.4790181	0.5877557	-0.3203019
-0.35386708	0.10353148	-0.3603587	-0.12597428	1.8093405	-0.54119545	-1.285314	-1.2774246	-0.6782613	-1.2292932	0.06181656	-0.12126075
-0.2492893	0.015761998	-0.4091459	-0.51280284	2.0455031	-0.4376558	-1.5377767	-1.5060725	-0.8375988	-1.1385527	0.20203994	0.78302634
-0.22039445	-0.1844625	-0.5182417	0.24361041	1.6027597	-0.53392196	-1.7910947	-1.1599535	-0.19158843	-0.26152694	0.18436652	0.28027984
-0.38599604	0.12704982	-0.65101445	0.040209353	1.626935	-0.48775575	-1.3037993	-0.9479714	-0.72141397	-0.91925263	-0.042755894	0.29797244
-0.46572584	0.28122732	-1.4225998	0.8205648	1.0886079	-0.64309245	-0.44537252	-1.8879489	-1.2929866	-1.5787811	-0.05988935	-0.524259
-0.223022	-0.062585086	-1.0353165	0.9544662	0.54261667	-0.6387747	-0.33709836	-1.4260871	-1.8047246	-1.6098799	0.68093425	-0.36828324
-0.25878683	0.16694054	-1.0034217	0.8268404	1.137943	-0.7775801	-0.92542225	-1.6996907	-1.1863925	-1.3703357	0.13431685	-0.262818
-0.45141262	-0.076146506	-0.7936014	0.47119534	0.6720219	-0.6053841	-0.8783318	-1.5685074	-1.2443625	-1.4203881	0.08009467	-0.14723013
-0.29896268	-0.015094461	-0.64676774	0.16928965	0.7646187	-0.6248351	-0.99220145	-1.7280246	-1.435634	-1.3074353	-0.015968012	-0.1618919
-0.5382606	0.019278418	-0.96068275	0.959939	0.7680152	-0.94288653	-0.39210024	-1.7257951	-1.3850759	-1.4915674	-0.077400565	-0.24020566
-0.7515484	0.3623072	-1.3312364	1.2720119	1.0916783	-0.90728784	-0.2309411	-2.0262423	-1.275049	-0.6642368	-0.28604728	0.044179652
-0.54757786	-0.10157013	-1.1468767	1.3200136	0.8450328	-0.65947634	-0.14920747	-1.7828178	-1.6172172	-0.51155376	-0.33638844	0.22397026
-0.55460435	0.55274934	-1.5872943	1.3745955	1.1283786	-1.3298401	-0.077494025	-2.2287946	-1.2141691	-1.0290629	-0.61922354	0.08097869
-0.62621343	0.11242279	-1.2714857	1.4627656	0.14536308	-0.5354794	-0.06333513	-1.8810427	-1.1587067	-0.27137336	-0.4511787	-0.015268091
-1.1041858	0.54719526	-1.7800529	0.5067345	0.011910368	0.5664663	-1.2610184	-1.7468938	-0.85863	0.7860685	-1.0301968	0.18326595
-0.8364725	0.65681696	-1.6597731	0.50084054	0.28376636	0.61556715	-1.3741754	-2.0866277	-1.1068803	0.39870065	-1.1407373	0.2901833
-0.9678922	0.38031182	-1.3318411	0.7346777	0.28738114	-0.024377514	-0.6386222	-1.3255228	-1.2583163	0.29332307	-1.2422527	0.10351333
-0.48915648	0.13519526	-1.1658126	0.7926874	-0.11106067	0.4699407	-0.7981074	-1.9481733	-1.078027	0.24193987	-0.8589271	0.087070726
-0.7186185	0.18475804	-0.942971	1.0338207	0.047086887	0.22120945	-0.73700905	-2.1562984	-1.2748457	0.24916494	-0.605209	0.08043501
-0.71680635	0.40308514	-2.000696	0.37066016	0.122352235	-0.53326344	-1.1372572	-0.611731	-0.7438631	0.85987633	-1.2344645	0.46976316
-0.107425444	0.27554598	-1.8907095	0.3592538	0.5166073	-0.6251728	-1.1317989	-1.3417219	-1.2391187	-0.039860908	-2.0884097	-0.25302723
-1.077438	-0.0305819	-2.0061402	0.2960707	0.18391566	0.3345877	-1.0352379	-1.0585005	-1.0041947	0.011539501	-0.87692326	0.0043334346
-0.7081045	0.5676516	-2.6340444	0.19491097	0.60763514	-0.27607206	-1.3920168	-1.2964715	-0.76509887	0.70222205	-1.5702572	0.8432405
-0.73318994	0.09806674	-2.2098336	-0.039883588	0.16663697	-0.17942363	-1.18035	-0.9941527	-1.135401	1.0005527	-1.4888467	0.015984386
0.482455	-1.0307453	-1.4464023	0.33477324	-0.52585	0.19565202	-1.8580531	-0.51607233	-0.87822556	-0.090052	-1.3645322	-0.2380812
0.40918523	-1.0501983	-1.6547744	0.5511361	-0.04848758	0.3693657	-1.5315906	-0.6289504	-1.0177133	0.19845514	-2.1601105	0.24008016
-0.098191164	-0.69583666	-1.7608539	0.39971372	-0.002669217	0.044182114	-1.5479014	-0.97349435	-1.0198567	-0.0202972	-1.7994089	-0.23369412
0.16091941	-0.73019826	-1.7980148	-0.04326307	-0.4530069	0.2701098	-1.5546259	-0.9968254	-1.2499216	0.18677679	-1.3764986	-0.6559467
0.1892771	-0.4976273	-1.7618308	-0.036404956	-0.20268638	-0.046823554	-1.7324326	-1.0669076	-1.0284215	-0.24052459	-2.1336687	-0.5634573
0.00038062688	-0.9505628	-0.93864363	-0.18570529	-0.70625865	-0.20153217	-1.2844657	-0.77579147	-1.4939113	0.36835182	-1.424028	-0.38301426
0.07156606	-0.9829654	-1.7449214	0.12703641	-0.80608344	0.29178143	-1.604623	-0.23730175	-1.5229242	0.9243641	-0.16707793	-0.6085904
0.16240817	-0.91683507	-1.5078226	-0.1855748	-0.8038796	0.06560563	-1.1511629	-0.7184977	-1.8560556	0.6934557	-0.46450955	-0.529518
0.6083354	-1.2044544	-1.5183417	0.38664815	-1.0148386	0.3884685	-1.2785822	-0.58662945	-1.5616598	0.6716796	0.23515151	-0.39778447
0.23629753	-0.87175685	-1.4330331	-0.027379606	-0.8181227	0.3844186	-1.2723955	-0.8827362	-1.3753699	0.117905766	-0.37176666	-0.84675825
-0.11428576	-0.8030368	-0.44154522	0.035363775	-0.75784063	0.042221963	-1.5396678	-0.003921058	-2.0660381	0.21943112	-0.3899274	-0.086694434
-0.31535476	-1.031634	-0.17831281	-0.26745284	-0.31692338	-0.1360525	-1.9093387	-0.41704747	-1.9232275	0.04993484	-0.68723655	0.12867805
0.02633791	-1.1280186	-0.42966807	-0.12285795	-0.6586985	0.09640583	-1.5825979	-0.10603777	-1.9682934	0.30054104	-0.7019915	-0.010507925
-0.04013948	-1.4206729	0.22755578	0.2581077	-0.50781476	-0.6009067	-1.76153	-0.044496015	-1.9539361	0.36114535	-0.7122506	0.6371768
-0.053211715	-1.3955455	-0.30802494	-0.033947997	-0.5243544	-0.30116895	-1.8311526	-0.46221885	-1.9619955	0.23836556	-0.629127	0.119010635
-0.21938273	-0.82362115	-0.35339826	-0.44861478	-0.10951123	1.2774327	-1.6870387	-0.43256178	-2.167122	-0.4993753	0.27882558	-0.16712138
0.055583224	-0.286431	-0.3403353	0.2564516	-0.51525825	0.9395146	-2.6051326	-0.03280829	-1.9116795	-0.22711715	0.61788565	-0.27180955
0.032148637	-0.7330907	-0.37909502	-0.36246172	-0.32548806	0.7418023	-2.420118	-0.52501273	-2.08988	-0.2493671	0.34916914	-0.59453106
-0.1811037	-0.3228697	-0.22959784	0.5852004	-0.29862577	0.590681	-2.2965908	0.078735836	-1.8362626	-0.11986244	0.56060076	0.17643754
-0.08249919	-0.40351385	-0.5037909	0.062330604	-0.022142204	0.51820207	-2.3096836	-0.6207437	-2.1571956	-0.6314663	-0.1653629	-0.46794635
-0.4413547	-1.1359864	-0.16631427	-0.6348786	-0.10193935	1.0420047	-1.1477178	-0.6986426	-1.7277097	-0.1374383	1.0583148	0.48423994
-0.5294736	-0.9685231	-0.17189783	-0.41227487	0.12872614	1.5187941	-1.0915583	-0.15138215	-1.7294255	-0.310478	0.9871487	0.89696443
-0.1873055	-1.0375078	-0.5109865	-0.22852893	-0.20134407	1.0138932	-0.89001185	-0.24491139	-1.8117303	-0.44878164	0.7439795	1.140074
-0.13057573	-1.1885585	-0.78941023	-0.20301288	-0.059617598	1.2988411	-0.87357783	-0.5468965	-1.5347772	-0.1661572	1.1470653	1.0541234
0.06412707	-1.3589402	-0.7292752	-0.2643799	-0.06566008	1.0531691	-1.2573175	-0.3558324	-1.8001095	-0.49274617	0.7462092	0.4334261
-0.56373376	0.033313114	-0.6851015	-0.6077919	-0.1390668	0.7790078	-0.6456241	-0.9076692	-1.5825409	0.9462558	0.8789925	1.9116127
-0.5431248	-0.4026271	-0.7092526	-1.1655341	0.18924625	1.365231	-0.5274815	-1.0385904	-2.1153615	0.581917	0.5916454	1.8536171
-0.27961648	-0.6853046	-0.56208384	-0.90369195	0.18896085	1.0881617	-0.8477999	-0.94635975	-1.9220206	0.4214014	0.86744	2.012155
-0.4634174	-0.39109832	-0.8032043	-0.963383	0.037397735	1.2514848	-1.0407828	-1.07541	-1.675204	0.47738165	0.5508434	1.6251618
-0.67251843	-0.5234166	-0.5851796	-0.9925826	0.28894055	1.2728975	-0.71199524	-0.9753389	-1.7625833	0.64461637	0.7944497	1.9817957
-0.89087605	-0.8449692	-0.42152134	0.45149586	0.16711427	0.5932517	-0.5255081	-0.26081848	-1.0516322	0.3268753	1.4966903	1.2387023
-0.36593288	-1.3470535	-0.50449765	0.29270092	0.24586324	0.98737484	-0.61427575	-0.2969757	-1.4878002	-0.13705441	1.4076318	1.0062046
-0.62098235	-1.0207722	-0.40998137	0.3581249	-0.05445395	0.5935328	-0.41536582	-0.32692215	-1.4567492	-0.056614116	1.2875342	0.7570775
-0.91118145	-1.4414272	-0.35916734	-0.120973185	0.15119849	0.8742189	-0.25686586	-0.5717424	-1.880645	-0.2951685	1.8090986	0.92940927
-0.46441236	-0.8398805	-0.5538772	0.17439666	0.050668154	0.75252825	-0.25028196	-0.45376474	-1.3390739	-0.028824031	1.2154756	1.3619447
-1.0053821	-0.41181582	-0.051572792	0.57242215	0.26364422	0.41606602	-1.1004289	-0.21990907	-1.1077483	0.8639858	1.6532298	0.9293453
-0.13801318	-0.911356	-0.6755688	0.38867563	1.5789092	0.12930116	-1.0055012	-0.9078854	-0.86440986	0.4937061	2.2823224	0.93669295
-0.85140777	-0.16855688	-0.5940529	0.94848585	0.7693507	0.07032688	-1.085577	-0.26324457	-0.7567557	1.0160755	1.4377965	0.7948688
-0.58520514	-0.8381706	-0.5435537	0.41375437	0.8922395	0.23760071	-1.4673005	-0.6435982	-0.96633065	0.75462365	1.9548264	1.0671203
-0.7140531	-0.6976709	-0.22671217	1.1221174	0.99755275	0.3833907	-1.4401811	-0.8080017	-0.9465301	0.8237086	1.8985085	1.0906336
-0.8922277	-0.7266509	-0.6331497	0.9001453	0.6530353	-0.4228563	-1.1387929	-0.12839627	-1.064311	0.72382677	1.3321397	-0.31274882
-0.92916226	-0.6992514	-1.3557073	1.3369161	0.42210945	0.37410778	-1.3145318	-0.25582427	-1.4761833	0.42890105	1.0528721	-0.67021024
-0.70298284	-0.07368114	-0.9694069	1.8199368	-0.08409438	0.16744009	-1.401781	0.45953214	-1.2597731	0.2780281	1.0740619	-0.103365116
-0.7100769	-0.5834659	-1.3212593	0.925225	0.5196391	0.44561222	-1.3619422	-0.63923156	-1.5841253	0.585402	1.1041557	-0.55303115
-0.80464673	-0.14728124	-1.1608618	1.6878508	-0.041939676	0.20951872	-1.2691814	0.47012466	-1.0962899	0.45719206	0.93973374	-0.051763784
-0.5108426	-0.3895253	-0.37021866	1.5089266	-0.2947075	-0.94313157	-0.69314355	1.2040215	-1.100166	0.027480293	0.4646163	0.7052265
-1.3313231	-1.250662	-0.33142126	0.97232574	0.50352836	-0.66830826	-1.4502121	0.05794864	-1.8422815	0.4382296	0.17766292	0.12878332
-0.96300244	-0.72085005	-0.41489762	1.7020023	-0.08576027	-0.7959338	-1.4598256	0.042821065	-1.3020931	0.6360589	0.28998694	0.38787287
-0.9993428	-0.8603376	-0.21050069	1.044869	0.49195373	-0.62247294	-1.3055098	0.025818441	-1.7226727	0.48445544	0.49384174	0.28084052
-0.7403696	-0.85606146	-0.38473582	1.4947584	-0.034873772	-0.61379063	-1.8036878	-0.015282539	-1.2465696	0.4642359	0.25733346	0.32652265
-0.6066943	-0.4425906	-0.8539937	1.2350487	-0.26562455	-0.6566958	-0.66081977	1.1490681	-0.5916521	-0.11845452	-0.06586705	1.4894265
-0.37306193	-0.7318524	-0.89877343	1.4202249	0.4110151	-0.6544738	0.22234307	0.7515488	-1.6728352	0.017989624	-0.18968311	1.393584
-0.2888527	-0.59615016	-1.090879	1.0758353	0.48610604	-0.70017576	-0.01179479	0.46893606	-1.3599062	-0.16154706	-0.21966027	1.7645302
-0.42225647	-0.94641167	-0.68429446	1.549827	0.5040958	-0.85856193	-0.3080964	0.9001714	-2.1205888	0.29292876	-0.22560683	1.0136003
-0.46166992	-0.79412997	-0.84900147	1.2299249	0.60606724	-0.40236014	-0.23111907	0.45837262	-1.8791898	0.49098426	0.116207115	0.9521102
-0.4320322	-0.6705883	-0.89318645	1.0707809	0.46622586	-0.7744398	-0.27718708	1.0245035	-0.8742097	-0.26351413	-0.64472544	1.6438642
-0.06957821	-0.8511106	-0.66292566	1.6419374	0.5447692	-1.1790637	-0.333999	0.6328571	-0.51261896	-0.0062258	-0.89954907	1.9330502
0.2752788	-0.61299694	-0.9481723	1.5944337	0.50414705	-0.6804905	-0.84029144	0.5513672	-0.16934568	-0.69444805	-1.4386723	1.8940846
0.20412926	-0.13535912	-1.2840335	2.0301123	1.6780087	-0.2732229	-1.072881	0.45295107	0.3559257	-0.32314014	-1.0309575	1.856
-0.58582306	-0.69468457	-1.2192423	1.7087716	1.496551	-0.37434208	-1.0130693	-0.24926083	0.35310724	-0.49071968	-0.8597394	2.0929413
-0.86864537	-0.8091503	-1.5260446	0.92402166	1.3456751	-0.17552112	-0.7413798	-0.2226227	0.009511376	-0.45072398	-0.8319831	2.2403111
-0.65300107	-1.253226	-1.0296084	0.90164304	1.0270464	-0.25805122	-0.52061516	0.4543252	-0.50607777	-0.36266437	-0.47296864	2.4287074
-1.0783151	-1.4164982	-0.51307786	1.0093553	0.6818774	-0.3152284	-0.80450827	0.53219616	-0.33832493	-0.18517664	-0.3915215	2.1108365
-0.014795539	-0.3526447	-1.5172627	1.0968227	-1.4118378	-0.33425006	0.0902123	-0.062098905	-0.22622189	-1.0669522	-0.29218307	1.5931362
0.567458	-0.33673832	-1.421477	0.54113036	-1.1733626	-0.80082554	-0.39619112	0.5757263	-0.6222657	-1.3885537	0.64850545	1.2442585
0.20607898	0.22725706	-1.0233015	-0.14906001	-0.30123848	-0.19439654	-0.42782572	0.45979306	-1.5779169	-1.5908343	0.25810146	1.4148382
-0.10928051	0.89915365	-1.4778576	0.2283844	-0.61040586	-0.4815102	-0.63827896	0.09525119	-0.86684257	-1.7512425	0.17808437	1.8825823
-0.5774382	0.6440607	-1.2465764	0.2633368	-0.7442467	-0.04336237	-0.77186316	-0.5531553	-1.5193839	-1.9033688	-0.2289753	1.5953628
-0.83983564	0.82957953	-1.3700855	0.52149457	-0.9140614	0.27352375	-0.7048568	-0.27363116	-1.6615199	-1.7030014	-0.17144959	1.643363
-0.6072799	-0.19388598	-1.0776705	1.1301405	-1.2194935	-0.35656488	-0.42442527	0.014840813	-1.4652556	-1.2679386	-0.81060445	1.5094304
-0.5006977	-0.14837831	-1.5176216	0.8269165	-1.2131639	0.03239234	-0.34112352	0.0722271	-1.164794	-1.5266606	-0.4930635	1.6725332
0.7022935	-1.0119802	-1.0740244	1.6983953	-1.4267483	-0.7704886	-0.38930067	-0.14711748	0.020031195	-0.6821997	-0.33237037	1.0760206
0.75519866	-0.87011784	-1.2788434	1.6514047	-1.0064785	-0.5649383	-0.2925943	-0.754157	0.17525628	-0.46770564	0.46086317	1.0635839
0.61059034	-1.1250341	-1.4250379	1.6038127	-1.2993633	-0.5578866	-0.72051954	-0.4082688	0.2828078	-0.8059527	0.08602855	0.7478547
0.4080401	-1.6860682	-2.11062	1.4842252	-1.1600913	-0.5082592	0.060434483	-0.9204972	0.13660377	-0.935443	0.40249124	0.8383309
0.57431895	-1.4789056	-2.4559333	1.3601671	-0.71216226	-0.21355179	-0.33531737	-0.86913365	0.2815618	-0.5828742	0.16195777	0.61058533
0.26183176	-1.4146568	-2.244631	1.2254726	-0.84764963	0.008582752	-0.11327075	-0.9472811	0.20856632	-0.39258733	0.3443233	0.8789685
0.3147272	-1.4363592	-2.0380723	1.5864078	-1.3074883	-0.3863629	-0.13260582	-0.87515223	0.25195974	-0.029169278	0.15261264	1.2207851
-0.00511258	-0.5724306	-1.368858	1.4213322	-1.4964918	-0.3016739	-0.4396871	-0.3494729	-0.22342278	-0.16285227	0.020334052	1.8849055
0.63246024	0.15708855	-0.9079175	1.396474	-1.470954	-0.6284399	-0.9237601	-0.617694	0.77802485	0.16241102	0.42533395	1.7655358
0.81169623	0.14032528	-0.018639125	1.3092443	-0.7127499	-0.5031476	-1.2251064	-0.6157916	0.08393833	0.05584573	0.2805944	1.0723218
0.6567995	-0.017749188	-0.64416754	0.46292862	-1.1044701	-1.1167375	-1.5639269	-1.2150097	-0.37762204	0.18233092	1.0113649	0.9621284
0.5149145	0.35582042	-0.4685114	0.66491777	-1.0827065	-1.1661444	-2.0797958	-1.288933	-0.3562808	0.32600287	0.9058214	1.1725556
0.30081055	0.5319569	-1.1003407	0.2967497	-1.2039183	-1.3938296	-1.8531326	-1.3801494	-0.45928878	0.55441356	0.84126765	0.97356474
0.18531297	0.12504615	-0.70847183	0.26848683	-1.4717959	-0.9445585	-1.9863309	-0.7461105	-0.024147578	0.26934463	0.65071446	1.3226075
0.32630977	0.35450765	-0.5953927	0.79968613	-1.452686	-1.0374824	-1.640183	-0.8122958	-0.4610405	-0.027682446	0.599954	1.1433209
0.5522554	0.140706	-0.9114768	0.9536341	-1.4947548	-0.978663	-1.2987028	-0.73277396	0.3158911	0.18020956	0.18510827	1.3274289
1.2214261	-0.22048177	0.1477048	1.1019676	-0.5213928	0.20850438	-1.0014228	-0.745998	-0.12407139	-0.40855768	0.4547312	1.1260976
0.5518448	0.14494932	0.21271479	1.4052573	-0.0013412684	0.8097928	-1.6347638	-0.7997332	0.52963173	-0.67892367	-0.012928396	1.528021
0.39736485	-0.5514417	-0.13845459	1.7954468	-0.557336	0.445404	-1.9434916	-0.6340157	0.5729522	-0.31428543	-0.28149644	1.3272964
0.17973265	-0.332352	-0.53784144	1.588217	0.3092199	0.9926444	-1.8469207	-0.7681665	0.53155243	-0.6266776	-0.09743333	1.274617
0.039934743	-0.17006126	-0.7830538	1.4333048	0.27956134	1.2527909	-1.9194428	-0.92217624	0.43094355	-1.1477714	0.21013312	1.1301682
0.12251784	-0.11704499	-0.40205127	1.3199856	0.37652454	1.2345132	-1.7527122	-1.0160252	0.532886	-1.3131526	0.53592515	1.6270392
0.6368152	-0.35747972	-0.0062386496	1.5206574	0.086874835	0.9074483	-1.3141793	-0.6719945	-0.050632097	-1.5316458	0.5206124	1.3899977
1.0300549	0.46076715	0.3670694	1.4852916	-0.45302337	0.4255858	-1.184177	-0.6729525	-0.59814906	-1.2224413	0.7185089	1.3636576
1.6597437	-0.3345412	0.049386006	1.7185094	-0.6034842	-0.2666605	-0.6240546	-0.53241086	-0.63813573	-0.32375848	0.108464904	0.52218175
1.8250746	-1.1504856	0.56771594	1.3302201	0.15740666	0.22375478	-0.30378118	-0.7018098	-1.331094	-0.43163452	0.08021287	1.0583708
1.4185311	-1.8183348	0.3461801	1.1361743	0.12928495	0.10378056	-0.83286095	-1.1795238	-1.2253103	-0.44452196	0.42230412	0.8264108
1.5537248	-1.6321125	0.33862856	1.6861005	0.15049729	0.059195805	-0.5192955	-1.4510643	-1.5081123	-0.30999368	0.5585355	0.32123238
1.798951	-1.7522752	0.21661374	1.3331167	0.10735734	-0.15218893	-0.72213024	-1.0190197	-1.5042394	-0.6429008	0.49777785	0.33562887
1.363322	-1.0288066	0.090737745	1.9037644	0.14251378	0.018472584	-0.45742762	-0.89726514	-1.4596028	-0.6178059	-0.26615718	0.13754718
1.370549	-0.7168056	0.012390971	1.8345119	-0.46575963	0.037815675	-0.6725011	-0.54833317	-1.4572394	-1.2418413	-0.32818916	0.39217165
1.6995927	-0.3837494	0.23027958	1.7934384	0.44492152	-0.115125105	-0.8928943	-0.22496934	-1.444201	-0.306467	-0.58449733	0.8561133
1.536618	0.7855447	0.1675894	1.5498502	0.120570496	0.42203504	-0.69562644	-0.46346083	-0.7390001	0.41663516	-0.13490662	1.0243809
1.7921594	0.5516487	-0.3550586	1.6078324	-0.32163432	0.5530391	-0.8521084	-0.6110559	-1.2830179	0.638041	0.2526507	0.8301284
1.259049	1.1939543	-0.5119463	0.90926313	-0.87592137	-0.11045768	-0.9538084	-0.73592156	-1.5312176	1.463006	0.04609493	0.9842924
0.80891806	1.4757906	-0.1814342	1.2046356	-0.3783769	-0.26953053	-0.72940785	-1.0062598	-1.3436848	0.95575166	-0.41160226	1.3434498
0.7198159	1.3341047	-0.08530164	0.83435494	0.51580966	-0.4816421	-0.99601716	-0.97433174	-1.4067401	1.0494392	-0.10601336	1.3715134
0.55105317	1.5957549	-0.20659442	0.91424155	0.2823382	-0.7712939	-1.3171129	-0.9517947	-1.4655045	0.9712626	-0.26918948	2.0772078
1.2029386	0.76482093	0.53036535	1.044323	0.501439	-0.15432094	-0.63645583	-0.8318017	-1.4025124	0.5478731	-0.391744	1.3924224
1.3286111	0.800583	0.56066585	1.2806586	0.85031587	0.040982224	-0.48978305	-0.85306597	-1.1046062	0.61293745	-0.41991132	1.6774542
1.725398	0.58073395	-1.1763955	1.0727202	0.8090984	0.8104038	-0.22550896	-0.15135431	-1.0504018	0.09270649	0.14707349	0.586897
1.3789383	0.8921042	-0.96696216	0.95664155	0.65900356	1.4273332	-0.5095495	-0.27866167	-1.0318615	-0.38375187	-0.037545934	1.0345505
0.81537545	-0.06759373	-1.7929965	1.1634661	0.40020737	1.4251331	0.055981442	-0.44828108	-0.33941874	-0.19944899	0.16976635	1.3884367
0.581902	-0.31401697	-2.1568663	1.2847605	0.22398016	1.6217742	0.21796337	-0.7673122	-0.24233127	-0.20782107	0.0744528	1.065027
0.50524694	0.2704597	-1.9629394	1.381673	0.37126976	1.8343942	0.38920105	-0.8066054	-0.2878679	-0.58507675	0.3793755	1.4544475
0.7846653	0.13265833	-1.759679	1.3319954	0.5040358	1.2744405	0.024555137	-0.44367015	-0.72110623	-0.073846646	0.3054864	0.7850685
1.3903705	0.118885815	-1.7816299	1.001398	0.7459969	1.0907192	0.26965743	-0.5099134	-0.56220996	0.26999858	0.19352835	0.6812083
1.4127523	0.27461824	-1.6554362	0.9468185	0.5977636	0.81625336	0.09881462	-0.19722538	-0.5933482	0.12382093	0.38697156	0.5752786
1.8391061	0.34682515	-1.2673528	0.644561	0.40187368	0.45049334	-0.50535274	0.46426967	-0.5929858	0.13551258	0.090446144	0.5627047
1.5917358	0.4187878	-1.5154507	0.015040666	0.89794976	0.66316706	-1.3607287	0.9230502	-0.78924316	0.29521826	-0.1447919	0.69799984
1.5130643	-0.037763357	-1.4518458	0.2667598	1.0006728	0.34865686	-1.7276391	0.97287786	-0.98461825	0.2917076	0.09449193	0.7033544
0.6233865	-0.6153921	-1.4219438	0.3443845	1.0071325	0.17362311	-2.2679539	0.97115046	-0.6274226	1.1197144	-0.44039315	1.3329686
1.0048323	-0.8122913	-1.5164098	-0.020806484	0.814349	0.27749312	-2.4244838	0.37531924	0.20563684	1.06826	-0.43736917	1.4622422
1.8591439	-0.84624165	-1.5868384	-0.28289813	0.4478553	0.58202595	-2.0082245	0.030322053	-0.11031547	0.7859523	-0.37648553	1.3878682
1.99294	-0.49082524	-1.5103929	-0.40010205	0.8770957	0.81863064	-1.740572	-0.037738603	-0.41186094	0.5629307	-0.2015735	0.6190736
2.130021	-0.22652203	-1.3654212	-0.14866853	0.7195155	0.5522929	-1.5195508	0.7699256	-0.66169626	0.053658754	-0.018324088	0.8327585
1.7899708	0.4347372	-1.7163836	0.32595098	0.59555876	0.016470434	-0.80368036	0.86568767	-1.4732776	0.03063416	0.533835	0.7232656
0.7924416	0.5703491	-1.6350394	-0.02509845	0.20928942	-0.31155026	-0.82184833	0.8703889	-1.2684089	-1.4821599	0.74454784	0.8492519
1.0194309	0.63310915	-1.6171557	-0.25654814	-0.18751849	-0.20240955	-1.0125681	0.79937524	-1.2673961	-1.4596107	0.9208245	0.9643963
0.5280705	0.767491	-1.9151447	-0.18909259	-0.35774773	-0.80329305	-0.93411964	0.59001195	-0.6062085	-1.0311171	0.7459504	1.2054037
0.23393665	0.7441496	-2.2329195	-0.44569987	-0.32398602	-0.33078167	-0.8761801	0.5630622	-1.1837451	-1.0530003	1.0391177	1.1676726
0.52588814	0.8634841	-2.0586503	-0.40992716	-0.2115982	-0.44011304	-0.89133275	0.20925142	-0.9903992	-0.6854612	1.0065447	0.82765263
0.8397499	1.0577089	-2.0239205	-0.15641843	0.20480661	-0.22251697	-0.7406996	0.32440704	-1.1151524	-0.41651514	1.0021118	0.69964784
1.4006574	0.7109823	-1.817147	0.19043703	0.6954092	-0.16245249	-1.1929151	0.5214843	-1.6175828	-0.12736154	0.82917327	0.46546322
