-0.6374079 -0.37362003 0.91344994 0.19255866 1.1908088 0.0036559259 1.5983592 0.2711299 -0.5098401 -0.1602531 3.5005345 0.6420338 
-0.16282031 -0.86410654 0.52733946 0.51157933 1.2818216 0.22431152 1.3021251 0.07558954 -0.18478219 0.23631962 3.910736 0.616037 
-0.5454928 -0.32165617 0.8669683 0.46283203 1.1915159 -0.19312595 1.5300528 0.26323834 -0.89383304 -0.16296348 3.716382 0.7375496 
-0.60179037 -0.39296877 1.0191667 0.24706796 1.2489113 -0.29928 1.7293636 0.42824647 -0.58810806 -0.26302525 3.4893453 0.7334248 
-0.56567574 0.20866635 1.0116346 -0.05001563 1.1190246 0.55793965 1.4937558 -0.15451865 -0.5639874 -0.062648036 3.6139488 1.3028566 
-1.3087671 -0.47461066 0.27415916 0.40449154 0.37261385 0.34025276 1.7201911 0.5203889 -0.59505004 0.025384957 2.7945974 0.36477143 
-1.1149678 -0.64955425 0.2734365 0.5219729 -0.39864132 0.40683445 2.2280176 0.23773502 -0.7605472 -0.1530208 3.0166771 0.18974784 
-1.7864841 -0.25583968 0.30294803 0.21336396 0.09975614 0.29355127 1.1832492 0.8066779 -1.0412611 0.4440375 3.296915 0.36591867 
-1.3514973 -0.49933028 0.33542365 0.4157624 0.2966106 0.5513661 1.7616905 0.5425268 -0.8192732 -0.29076198 2.828991 0.19704977 
-1.9089168 -0.29406464 0.23473343 0.39424044 0.28278923 0.40556532 1.7155151 0.4007856 0.23339215 0.02386961 2.958563 0.41670284 
-1.0034306 -0.11204467 -0.56711847 0.5192034 0.9170066 0.44223788 2.104747 0.55614924 -0.7204079 0.4496025 2.0703263 0.056295697 
-1.045518 -0.027324924 -0.7294363 0.5143155 1.1229784 0.45541495 2.2508557 0.5699066 -0.6463562 0.36446813 2.2193232 -0.011313495 
-1.0575757 0.03500088 -0.59535784 0.43576604 1.1519034 0.49691904 2.217984 0.6261035 -0.73810846 0.4801206 2.168124 -0.19454275 
-0.89181846 0.2841241 -1.2032248 0.5262011 0.7425325 0.07089946 2.1652496 0.31863534 -0.7816538 0.47614324 2.2630577 0.02021515 
-1.1032405 -0.16591741 -0.72135776 0.7168529 0.99464625 0.34417072 2.0955102 0.76079404 -0.78236604 0.30878603 2.186166 -0.16195248 
-0.6534774 -0.43730357 -0.36707515 0.8304178 0.7002123 0.014595924 2.3073344 1.2144798 -0.33320716 0.7760981 1.158058 0.32060838 
-0.66254014 -0.39115164 -0.5145865 0.8817325 0.30085695 -0.19648884 2.714175 1.046912 0.20190871 1.1681671 1.2945367 0.68052423 
-0.15973517 -0.5615773 -0.05689123 1.2237254 0.28748912 0.55088603 2.3448865 1.1732789 -0.81177557 1.1418844 1.0966858 0.29355532 
-1.086052 -0.27460438 -0.53103375 1.0616763 0.8129189 0.034599382 2.1482015 1.6521609 -0.2984773 1.0605544 1.2667729 0.9280745 
-0.5787644 -0.7258705 -0.3463241 1.0156498 0.48557 -0.6999701 2.3618898 1.5570638 -0.54494834 0.824145 1.5661713 0.13196224 
-0.24642928 -0.45228493 -0.32232144 0.101281725 0.63299036 0.39265326 2.6612644 1.7843337 0.04237368 -0.07968962 0.8307798 0.31227437 
0.012771642 -0.6203648 -0.18500867 -0.32715282 0.4497717 0.46749035 2.7642534 2.4042273 -0.23882864 0.20414731 1.0655748 0.09595499 
-0.57326484 -0.01149078 -0.72234935 -0.13892962 0.10030464 0.5469549 2.7378242 2.1942754 -0.43698844 -0.1754916 0.705812 0.61869043 
-0.2084494 -0.45037434 -0.20940582 0.15265836 0.7027944 0.43991095 2.9622908 1.690433 0.059562296 -0.19159402 0.92700744 0.22337608 
-0.08050443 -0.35116944 -0.3134962 0.14326158 0.74778056 0.31352785 2.7808855 1.8776952 -0.09629286 -0.26175892 0.826264 0.33858627 
0.33632153 -0.62011266 -0.7391931 -0.05855161 0.6973836 0.55907845 2.351299 1.5081465 0.63947207 -0.4301613 1.1121961 0.96637326 
0.3133584 -0.6186389 -0.8368116 0.0030028883 0.809205 0.41192922 2.3025959 1.7241042 0.736176 -0.610814 1.1540196 0.9954268 
1.07831 -0.5394678 -1.1259851 -0.056903247 0.95278966 0.84399635 2.3761659 1.4759485 0.25316066 -0.21675979 1.3040246 1.2014925 
0.46117994 -0.62026566 -0.69677156 -0.019378278 0.7751501 0.38966814 2.6712055 1.51649 0.71124005 -0.4996151 1.2265913 1.1397072 
0.37228513 -0.9959548 -1.0825415 -0.071515754 -0.060617164 0.6486049 2.4125621 1.5147614 0.81133837 -0.7473965 1.435034 0.93706805 
0.48316592 -0.67010736 -0.3463488 0.24502344 0.7782618 0.9816719 1.4624716 2.1483376 1.328153 -0.06958013 0.83456504 0.99057996 
0.7196721 -0.540378 -0.7075376 0.54029006 0.9784206 0.6320753 1.1017898 2.7680225 1.3013222 -0.008230392 0.82694936 1.0952971 
0.9896409 -1.0535879 -0.08059425 0.05404984 0.3188085 0.93704313 1.579834 2.3597164 1.6292523 0.4888764 1.1016908 1.240351 
0.48996174 -0.9872412 -0.5537371 0.29317197 0.9426445 1.6185061 1.1537334 2.3158472 1.3127722 -0.17862956 1.2990271 0.50815445 
0.43355626 -0.7537177 -0.25476995 0.27186483 0.8047683 0.911891 1.2568743 2.3150492 1.263439 -0.13241383 0.91297746 0.9298292 
0.22608495 0.43273577 -0.46687046 0.2633226 0.59834784 1.4187765 1.456558 1.9624118 1.69492 0.0009985908 0.3921372 1.2344253 
0.34623677 0.8692037 -0.98523545 -0.27768648 0.6462132 1.4773605 1.5220845 2.2157307 2.1289167 0.20823044 0.5591609 0.50611526 
0.15657619 0.4713461 -0.37296098 0.20482421 0.38429445 1.5717307 1.6735274 1.8955246 1.9995791 -0.21598883 0.445163 1.1041654 
0.37861732 0.5730383 -0.5419184 0.31798637 0.58843446 1.6641754 1.5922376 2.0623584 1.7981209 -0.02971159 0.36316168 1.2370439 
0.17900525 0.45273644 -0.4593416 0.32388356 0.37733537 1.5647215 1.5743668 1.9897848 1.884558 -0.051460575 0.41008338 1.2928077 
-0.2565662 1.1125067 0.13530786 0.063744724 1.0625038 1.3586318 1.1635076 1.5498936 1.4934577 0.2179066 0.71844864 1.6491071 
-0.34922305 1.0980346 0.14000016 -0.22052024 1.6820908 1.9387503 0.7386684 1.8828069 1.2506533 0.10421085 1.2365897 1.3522553 
0.103872895 1.1832286 0.15507096 0.27227095 1.2086681 1.4241358 1.0408332 1.3676387 1.4878737 0.14843923 0.67427677 1.7492231 
-0.16808225 1.0902987 0.004285053 -0.52836144 1.0459998 1.2238054 1.0082132 1.2868954 2.0015984 0.0015158895 1.4362073 1.8395098 
-0.24120697 1.1258688 0.027805509 0.53135484 1.4037397 1.0498157 0.68025845 1.570066 2.0623856 1.0067936 1.0623296 1.5101373 
-0.14464758 1.7753855 0.75525093 -0.16183166 0.3203297 0.95991874 0.8009657 1.9902436 0.9978299 0.35776597 0.31654713 1.6325542 
0.041527033 1.7300406 0.92567104 0.015190094 0.37129107 0.8830978 0.8190021 2.0848875 0.95796025 0.35141432 0.2220897 1.7237818 
-0.047897734 1.9900194 0.87599415 -0.7448553 0.32965058 1.055042 1.0450224 2.1567438 1.1520818 1.0162916 0.46377304 0.9987359 
0.18335451 1.5453877 1.0359414 -0.29678932 -0.023187311 1.2384809 0.37220737 2.6194 1.399627 0.40354708 0.5495427 1.5587441 
0.11725532 2.0375986 0.18063991 -0.6063446 0.08731923 0.78473294 0.66882056 2.434975 0.67465717 0.4968189 0.59529454 2.227487 
-1.303544 1.9818974 0.8292807 0.008667121 -0.25295258 0.83594346 0.67438513 1.8775951 0.95845616 -0.029562863 0.7262644 1.1158235 
-1.6865288 2.119749 1.0434628 -0.014740485 -0.29325458 0.4869645 0.8382262 2.085321 1.3346223 -0.3195753 1.0497754 1.0894114 
-1.69765 1.9881119 0.8833575 -0.14581847 -0.40967232 0.4145159 0.73028827 2.2987144 1.128228 -0.19124791 1.0241477 1.1173644 
-1.7300102 2.0625567 1.1116582 0.122450106 -0.17922865 0.5297642 0.7252282 2.1613429 1.251695 -0.25409722 1.0485369 1.0563862 
-1.6800755 1.9570186 0.9250055 0.12787908 -0.39349267 0.574487 0.53851336 2.262132 1.3620514 -0.18522349 1.0460155 0.9470988 
-1.1779011 2.4963589 0.8318793 0.2364997 -0.18865988 1.3925239 0.6546406 0.9329543 -0.15818366 0.15295349 1.1504067 0.97935766 
-1.1198856 3.038664 0.40714085 -0.01595733 -0.22944541 1.3051537 0.45187834 0.9912266 -0.35308832 -0.0018492427 1.4864215 0.8707937 
-1.2053481 2.8605435 0.52764964 0.0142034795 0.07213249 1.4595646 0.6490123 0.9262624 -0.3800843 0.13891172 1.4631788 0.87923706 
-1.3117564 2.8255506 0.45736536 0.20590165 0.034395345 1.4399956 0.6882867 0.96761847 -0.41427332 0.11233907 1.3343283 0.9203271 
-1.2891318 2.9564571 0.17637746 0.031096395 -0.13906948 1.3335464 0.4598615 0.93165386 -0.35944813 0.055693455 1.5736302 1.0162365 
-0.6269889 1.6926968 1.0976588 0.5667484 -0.963235 2.0979059 0.4575199 0.57662135 0.20612177 -0.3653753 1.2938256 0.69380283 
-0.28450665 1.7347686 1.6270837 0.39807144 -1.0843658 2.2378573 0.46444497 0.5608955 0.43743742 -0.734803 1.6851969 0.7953844 
-0.35305855 1.6860079 1.5111192 0.4140032 -1.3168542 2.189893 0.32662892 0.51953083 0.21412136 -0.5865045 1.8262463 0.8301064 
-0.3353525 1.6857661 1.5770078 0.39528653 -1.0620558 2.2736778 0.49521747 0.5266394 0.37491298 -0.7522646 1.7226906 0.74822056 
-0.41016307 1.7078559 1.4887445 0.5367391 -1.3447249 2.0783682 0.35531604 0.4640905 0.3011401 -0.67182326 1.8401861 0.84292 
-0.40588322 1.6201842 0.17922759 1.4583613 -0.99094516 2.2393322 1.2001628 -0.008068085 0.33857378 0.013914429 1.1437215 0.24977048 
-0.303663 1.4463435 0.00070949 1.7321929 -0.7110907 2.6460137 1.3054647 -0.16805291 0.41985595 0.0052808756 1.5261551 0.098640874 
-0.3318899 1.6588603 0.0382778 1.8813688 -0.6003516 2.510957 1.3729136 -0.23693535 0.46239582 0.074824706 1.4372091 0.13331777 
0.04813227 1.4777184 0.20348668 1.9451696 -0.5408183 2.4171093 1.2298254 -0.2572184 0.3388771 0.2222027 1.3678046 0.1306291 
-0.3432681 1.5811045 -0.06918062 1.8252109 -0.7269197 2.5658731 1.355382 -0.2445402 0.3597832 -0.035222735 1.5530205 0.0855778 
-0.17679977 1.1887938 0.79755175 1.9701883 -1.6439301 1.2463326 1.9399999 0.48356602 -0.117300436 -0.035654448 0.70453453 -0.07725225 
-0.44917533 1.2448754 0.72912097 2.1626036 -2.0297434 1.0491545 1.8876803 0.91757685 0.3250494 0.0014754424 0.71689385 -0.40862393 
-0.339066 1.1362122 0.5707287 2.0730708 -2.193127 1.1205747 1.990251 0.90902 -0.031381924 -0.16209076 0.7355139 -0.09218619 
-0.38080108 1.1897146 0.533933 1.9751213 -2.0799148 1.1430631 2.1430953 0.81100154 -0.18446766 -0.110587314 0.8521791 -0.33618677 
-0.3672001 1.183691 0.62937754 2.0556254 -2.062521 1.0586812 2.0108273 0.9176141 0.16195993 -0.034981355 0.64221823 -0.19538893 
0.87763864 0.24005376 0.59024405 2.2993538 -0.7981945 1.5382582 1.6464756 0.35276553 -0.4018135 0.35192275 0.88951576 0.25888315 
0.8904967 0.24693711 0.3379187 2.4223726 -0.67751265 2.2501647 1.4032264 0.24329408 -0.12721811 0.22180139 1.2163706 0.2475567 
1.3416852 0.20266384 0.34584725 2.4420578 -0.7780014 2.0305955 1.7060138 0.45247 -0.14257823 0.15852615 1.0316999 0.16406758 
1.2403469 -0.036974452 0.29395252 2.3961496 -0.926479 2.0227392 1.4397038 0.523956 -0.052114807 0.41514105 1.1426094 0.118968576 
1.2526574 0.23345383 0.38088068 2.6279638 -0.71636117 1.8799464 1.6313132 0.40864715 -0.07023322 0.25964105 1.0250353 0.20543335 
0.41918042 0.41169193 0.95064217 1.7799345 0.11289883 1.0459667 1.6615394 0.96912 -1.0529449 1.1653278 0.7322568 0.20402862 
0.13800955 0.28196877 1.0115317 1.7522187 0.32226884 0.98576665 1.7396924 1.2445909 -0.8875857 1.6643156 0.93001866 0.04266812 
0.26036713 0.26676485 1.0886986 1.7515533 0.2826086 1.0361072 1.7949034 1.1990889 -0.9355808 1.5611193 0.90736556 0.30683276 
0.22368178 0.031015946 1.0158703 1.8417006 0.12602678 0.98881125 1.5129795 1.3795648 -0.98996484 1.6208844 0.9879657 0.25506115 
0.11856833 0.12099554 0.8036327 1.5534666 0.3371268 0.85584694 2.0275455 1.1579498 -0.9990497 1.327234 0.8136117 0.32899207 
1.168619 1.2519919 0.3526085 1.4492248 0.040583607 0.66324174 1.080993 1.2221646 -1.7998772 0.73178494 0.742772 -0.0096873045 
1.4537523 1.7026678 0.021101328 1.8399996 0.067430414 0.3888579 0.9587815 1.7122904 -1.8019671 0.9258656 0.73117805 0.1160257 
1.4807982 1.9254379 0.11696801 1.8633542 0.15352497 0.4342956 1.0609617 1.5148652 -1.7337077 0.9364736 0.715157 0.0005730031 
1.5968772 1.6312417 0.061663494 1.8142885 -0.05241063 0.2780364 0.9217292 1.7278062 -1.6745594 1.1129425 0.6899805 0.11117168 
1.4676802 2.015731 0.25561315 1.7515116 0.3174127 0.4078242 1.1272287 1.5450834 -1.6214586 1.0470432 0.6396955 0.042099185 
1.8024294 0.84103394 0.8602238 0.30172408 -0.0862083 0.7694083 0.91845864 1.2098013 -1.7993633 0.21548288 1.2593844 0.16730386 
2.2597957 1.0746857 0.7695509 -0.10448427 -0.07189161 1.0829935 0.86129725 0.9703366 -1.5983586 0.63630193 1.7139328 0.4938496 
1.9887867 0.96603096 0.90153885 -0.042631485 -0.16873747 0.89612675 1.001633 1.1281093 -1.8687445 0.44500038 1.64345 0.61447173 
1.9568205 0.93301165 1.0698985 0.028594786 -0.025727002 0.8596793 0.67629594 1.0841362 -1.88842 0.64710474 1.8943334 0.48000312 
1.9429966 0.9580784 0.8328196 -0.00055960426 -0.09011617 0.8635186 1.0847352 1.0344641 -1.9909154 0.38304484 1.6855339 0.60336924 
1.8639107 0.86689025 0.8750589 0.09993611 0.6709692 0.9407549 0.68079096 1.8244079 -1.0904826 -0.647472 1.2182484 -0.5962435 
1.8817326 1.1175972 0.7633483 0.17598298 1.2327032 1.0897135 0.6335389 2.1206913 -1.0514671 -0.9115851 1.3223509 -0.3070266 
2.0013397 1.218667 0.7314562 0.19162749 1.2567582 1.1018121 0.7152421 2.0868886 -1.1374931 -0.8915623 1.4316943 -0.38413426 
1.7926253 1.1286486 0.63053644 0.08975496 1.434951 0.99810797 0.38518104 2.2278078 -1.0900472 -0.6497828 1.5051236 -0.40534535 
1.8922268 1.0936098 0.7502744 0.24003685 1.2405611 1.1289943 0.6346495 2.2836354 -1.091909 -0.90453404 1.3529197 -0.452337 
1.4995058 0.57332534 0.60739374 -0.29707044 -0.05133085 0.3750239 0.50021076 1.4534185 -0.7215309 -0.5930449 1.5567684 -1.4305929 
1.5399647 1.2329035 -0.24978833 -0.26999825 -0.3052511 0.42359418 0.75105643 1.6821845 -0.9114611 -0.8865689 1.6079586 -1.7807856 
1.2624184 1.3058307 -0.7267178 -0.32147136 -0.6590734 0.9194755 1.2489728 1.7286357 -0.8698681 -1.0320874 1.4128155 -1.8489052 
0.9531017 1.0873628 -0.9694326 -0.47660685 -0.9794469 1.4465708 1.1338974 1.7889143 -0.80983496 -1.3463216 1.6116658 -1.5624317 
0.6397034 0.71262157 -0.9420754 -0.73895335 -0.9931754 1.6854315 0.76344717 1.6839334 -0.81057817 -1.4536242 2.2307405 -1.3341261 
0.71180177 0.38929206 -0.23895413 -1.0316745 -0.46807432 1.8614017 0.6690718 1.4746752 -0.50652367 -1.39043 2.5696974 -1.1176039 
1.0698379 0.09851391 0.27198502 -1.1021401 -0.09132986 1.5857022 0.61719465 1.4138695 -0.48539013 -0.8577292 2.6420448 -1.2048161 
1.5826238 -0.09239579 0.56584597 -0.66899234 0.034373563 0.9561879 0.70091176 1.2748895 -0.49802735 -0.6866174 2.3591812 -1.442179 
1.0258601 0.59312904 1.1153048 -0.440121 -0.30479804 -0.33343494 0.40752915 1.8066928 -0.0661832 -0.4806784 1.2404484 -1.2886332 
0.949288 0.08598572 1.1609185 0.23006046 -0.43097815 -0.68260163 -0.07380421 2.2561493 -0.09905091 -0.3664913 1.6666018 -1.3989637 
0.36297107 -0.011885091 0.99854267 0.74741006 -0.19778053 -0.7890958 -0.32437366 2.4587922 0.038781755 -0.46634358 1.9925348 -1.4231856 
-0.39773893 0.40555674 0.68172044 0.66817456 -0.1907891 -1.1277527 0.026752856 2.8715398 -0.14718238 -0.1731697 1.9518254 -1.6951447 
-0.97128165 0.89768326 0.84963214 0.68134993 0.02396414 -1.208691 0.42085546 2.7212408 -0.16844293 0.06967362 2.0277226 -1.7807986 
-0.87161285 1.421721 0.9329171 0.43936682 0.3206154 -1.1280503 0.95157605 2.3725774 -0.00056707364 -0.22330247 1.7399832 -1.867886 
-0.4375736 1.5602717 1.2330976 -0.077998795 -0.14558357 -0.7609988 1.1331207 1.7762276 -0.04007342 -0.2402502 1.7170175 -1.9433082 
0.32288045 1.3514028 1.5295159 -0.3538268 -0.17368187 -0.3904308 0.8012482 1.6552101 -0.026776735 -0.4464355 1.5579056 -1.74245 
1.5687255 0.94257283 1.0724659 -0.31370828 -0.66556895 -0.43912917 0.58503807 1.6673166 0.8556981 -0.64381135 0.98095024 -1.0005707 
1.608863 1.3705298 1.1281252 0.2851869 -1.18557 -0.31299433 0.7751741 2.1522703 0.8234104 -0.6399086 0.6274145 -1.1189456 
1.8172567 1.754853 0.98165363 0.7644722 -1.4072703 -0.20816024 0.70015806 2.8385599 0.8466453 -0.51807076 0.4230595 -1.12974 
2.0315986 1.9931121 0.64013255 0.981937 -1.4494945 0.31088698 0.22912253 2.9186532 1.1521193 -0.36343607 0.3817933 -0.9804983 
1.8721923 2.0563564 0.24740809 0.98526955 -1.0546428 0.49341378 -0.18398617 2.7424006 1.5782758 -0.06976825 0.58920646 -1.1384083 
1.8042376 2.0190728 0.25824124 0.7740581 -0.67420036 0.46170437 -0.3964322 2.501948 1.9783773 0.09662608 1.0109483 -1.3187861 
1.8280276 1.5260768 0.49074915 0.33030573 -0.56226367 0.31137007 -0.42593145 1.9928414 2.0253189 0.032881275 1.5075177 -1.4138949 
1.7354476 1.4874237 0.7862421 -0.032812953 -0.38036928 -0.19865239 -0.051892053 1.646724 1.7006063 -0.44278875 1.5256711 -1.392487 
1.845944 0.86141825 0.72529715 -0.25807512 -0.5027508 -1.0403768 1.1236858 1.3396047 0.9356303 -0.32203552 0.9238861 -0.45256466 
2.3615732 0.6972997 0.87108034 0.5188998 0.13121258 -1.2005259 1.6375253 1.5049369 1.0762253 -0.47578865 1.0622271 -0.62448287 
2.3939462 0.4622248 0.49364102 1.2059644 0.44219875 -0.9477454 1.8985994 1.2527314 1.2877648 -0.23994587 1.2653182 -1.0057285 
2.453691 0.6796572 0.18843436 1.4224964 0.54321307 -0.56203604 2.4598393 1.2266111 1.4189786 0.5329833 1.09949 -1.0735321 
2.2227957 1.2031239 0.15587242 0.9877239 0.0895902 -0.30729502 3.0923824 1.0499921 1.3900636 0.7994334 0.939902 -1.2614288 
2.2404552 1.249126 -0.20808324 0.14295714 -0.037943017 -0.36121166 2.6690166 1.046457 1.1741289 1.1741084 1.2468582 -1.2136242 
2.079136 0.9651847 -0.13535175 -0.3732383 -0.4288478 -0.82862616 2.0595925 1.2212598 1.1514707 1.0852128 1.543885 -1.407302 
2.1237247 1.0467608 0.33001968 -0.65488553 -0.51716256 -1.0541217 1.5911536 1.3303438 0.92565435 0.48251677 1.2066448 -0.7475886 
1.5052648 0.8125276 0.60199076 -0.0022897127 -0.9005152 -1.425188 0.93797565 0.9056242 1.0525255 -0.26377395 1.2126359 0.23459722 
1.7216609 1.0977923 0.8909051 0.6092743 -1.5132774 -1.5865054 0.8979984 0.46595687 0.7855665 0.32624623 1.7866348 0.053477753 
1.8429219 0.44725206 1.3922182 0.6735821 -1.684742 -1.2479423 0.99574566 0.49078542 0.7315074 0.65363735 2.0045896 0.41354343 
1.3934697 0.00069203303 1.882054 0.79798555 -1.5884782 -1.0654567 1.3870567 0.48800728 0.9267164 0.9014473 2.1867037 0.79890615 
0.8260859 0.2415698 2.0480492 0.9569527 -1.0870364 -0.8548823 1.2985886 0.60808 1.663037 0.9149372 1.9614354 0.8726441 
0.598046 0.0667384 1.6058171 0.6707034 -0.81558335 -0.9737963 1.2439334 0.7665033 2.2858229 0.6052768 1.9489306 0.6410866 
0.51357454 0.2433855 1.0794791 0.37143102 -1.0522662 -1.2775109 1.2819002 0.86961156 2.3369842 0.13361475 1.8271028 0.30114973 
1.0258803 0.48436865 0.8428549 0.022373796 -1.0040545 -1.5786688 1.164176 1.229432 1.8327605 -0.12747522 1.3802242 0.32730746 
1.2688558 1.1351202 0.008351194 0.054547038 -0.48644933 -1.4597001 0.5988826 0.49367744 0.78022957 -0.7452941 1.6077859 0.61863357 
0.86049473 1.6366414 0.14002258 0.15593015 -0.45250997 -1.2040912 1.2427682 0.11804525 0.83781326 -1.2774172 1.6326741 0.72655046 
0.34744394 1.9111848 -0.007688388 -0.25725213 -0.8231216 -0.94178706 1.7824414 -0.099726506 0.55650556 -1.3514416 1.9257609 0.7946871 
0.1538653 1.9616421 -0.24189346 -1.0350244 -1.1362519 -0.69208395 1.810382 0.13413164 0.5940316 -1.2583206 2.314244 0.8361963 
0.56004924 2.041778 -0.51397365 -1.6545304 -1.223128 -0.42016134 1.5715168 0.44057927 0.5993224 -1.047499 2.635282 1.1604546 
1.1094054 1.5573235 -0.573588 -1.6193398 -1.22274 -0.5273437 1.0101753 0.5481816 0.59148604 -0.74530953 2.7133167 1.1337471 
1.515371 1.3359138 -0.61585146 -1.1881536 -1.1435779 -0.72943664 0.5982921 0.48298594 0.7476299 -0.5060499 2.4920602 0.9790865 
1.7107979 1.1214069 -0.49356318 -0.5067312 -0.7569839 -1.0102743 0.50381047 0.25754926 0.8346749 -0.557178 2.304559 0.76367396 
0.8014163 0.9979082 -0.44884148 0.3825386 -0.22260305 -1.8624351 0.47302884 1.0157632 0.18893173 -0.59455 1.4214582 0.8260898 
0.5295377 1.0882773 -1.3072207 0.7363033 -0.792359 -2.1095777 0.56587577 1.2334253 0.6062651 -0.47818083 1.8233465 0.4969367 
0.21024615 1.4534245 -1.5955563 0.4390076 -0.8890365 -1.9664124 0.47926196 1.5292192 0.52265716 0.053776972 1.7086494 0.3312675 
0.11996953 2.021372 -2.0587273 0.476722 -0.53315383 -1.706299 0.7188905 1.7514977 0.53488857 0.2987615 1.4949962 0.16260646 
0.2833212 2.509936 -1.9425529 0.6848458 0.29553652 -1.7129462 0.520303 1.7909824 0.5905036 0.6007428 1.4771732 0.41137594 
0.97267544 2.6188202 -1.8048506 0.7121902 0.7156056 -1.4555333 0.7019439 1.3110482 0.6861789 0.5201359 1.4591777 1.020088 
1.2738395 2.3244677 -1.2459217 0.45299578 0.83605915 -1.7407856 0.6139092 1.3925092 0.50220364 0.010791203 1.5032916 1.1871961 
1.1190158 1.5716782 -0.69605243 0.39520195 0.5661817 -1.9359218 0.5084857 1.1583636 0.41775307 -0.32681102 1.4819518 1.0443072 
0.45658898 0.81248933 -0.2166552 0.7895436 -0.2385901 -1.4714586 0.06769959 1.2685394 -0.32408065 -0.8593115 1.5010083 1.4442052 
0.86074615 0.55325174 -0.4044912 1.1356364 -0.6903029 -1.1955322 0.2789808 1.5996248 -0.20347214 -0.71093965 1.3354311 2.1458004 
0.8597512 0.41177523 -0.62089586 1.5008388 -1.3276573 -0.71862406 0.2161938 1.5806115 0.13025065 -0.38472065 1.5511029 2.5487802 
0.49951258 0.20062454 -0.65914214 1.3517159 -1.3869047 -0.41410425 0.10950506 1.280442 -0.08134741 0.14807339 2.0262465 2.7563422 
0.14652896 0.4683539 -0.6743678 1.2888789 -0.9732915 -0.52219254 -0.2616938 1.0342443 -0.01517402 0.5825302 2.6231337 2.784939 
-0.07520461 0.70326376 -0.5177336 0.8892731 -0.7127456 -0.9848691 -0.5380894 1.0626905 -0.2688782 0.4108943 3.0759492 2.5796556 
-0.23199801 1.0382901 -0.37027076 0.7840292 -0.41098696 -1.4015669 -0.57751167 1.0869496 -0.45273796 0.12597005 2.9796715 2.146541 
-0.09740931 1.1573428 -0.28973812 0.88745725 -0.2632433 -1.6080356 -0.21866173 1.1041341 -0.6201 -0.44252354 2.3605475 1.7292113 
0.1673278 0.50467604 -0.29751715 1.2943617 0.18082239 -1.0528411 -0.09966823 1.5510296 0.043656357 -1.5179074 1.7868984 1.1493615 
0.37850818 0.78710955 -0.7343402 1.228561 0.35944968 -0.3624194 -0.28022096 1.6001364 -0.23718421 -2.1173978 2.1457999 1.3682771 
0.37551764 1.0198392 -0.32708323 1.2534728 0.69335914 0.23269379 0.049084697 1.1995115 -0.4331842 -2.370905 2.249402 1.8384696 
0.21342216 1.0998162 -0.25059718 1.6851876 1.1019241 0.57061166 0.5984118 1.1793503 -0.6412307 -2.381577 2.144504 1.9846469 
-0.25255102 1.1813447 -0.58633476 2.1877456 1.5559052 0.53342986 0.73376757 1.4969186 -0.5037445 -1.7790424 1.7885716 1.5967265 
-0.40468842 1.1269542 -0.3328282 2.610952 1.3665823 -0.20504965 0.9216903 1.6138543 -0.058822233 -1.4332227 1.5422672 1.594415 
-0.9118458 0.9558281 0.07507368 2.397442 0.7994753 -0.86900455 0.8703148 1.7315298 0.06788119 -1.580262 1.7037696 1.7225337 
-0.6162273 0.677895 -0.12891912 1.8668797 0.47664928 -1.1797196 0.44178832 1.7278394 0.29664573 -1.5422361 1.7300415 1.4718125 
0.077060685 0.16557956 0.5787169 1.474232 -0.097775 -0.90973055 -0.3457846 1.7280825 0.34165028 -1.7093036 2.058253 0.92483974 
0.24064961 0.027381456 0.96573853 1.332606 0.29529065 -0.6978132 -0.7135427 2.003834 0.2825595 -1.3027353 2.0113964 0.6480561 
0.04725417 0.03779739 1.2184322 1.3866079 0.08274408 -0.3805147 -1.0062385 2.4122407 -0.05446985 -0.85591865 2.0732765 0.093135625 
0.045612413 -0.25394797 1.2136036 1.154311 -0.29235238 -0.4110166 -0.4193648 2.6148088 -0.05043496 -0.8534531 1.8097572 -0.67278767 
-0.31396103 -0.86658037 1.046792 1.5697012 -0.70568657 0.040882364 0.10583084 2.517508 0.14609063 -1.0916336 1.9156996 -0.82160115 
-0.37809804 -0.93161625 0.54429173 1.5710413 -0.64557344 -0.114785895 0.4140036 2.424175 0.51420915 -1.7083852 1.9725281 -0.5384438 
-0.018014304 -0.7224838 0.5766975 1.6775931 -0.703421 -0.3425943 0.6483844 1.8888962 0.2717023 -2.221351 2.162676 -0.08650093 
0.26418543 -0.44656852 0.52646834 1.5661403 -0.44489372 -0.7430715 0.28619808 2.0103204 0.20237133 -2.25387 2.23264 0.62976336 
-0.34942666 -0.27884027 0.3833116 -0.1732897 0.34672666 0.81682134 1.5657873 -0.45137805 0.12635612 1.0124774 3.676528 0.7386111 
0.05048248 -0.845714 0.32427514 0.41434717 0.8508018 0.4091217 1.3033653 -0.21828516 0.009507011 0.6841909 3.9554353 0.84137714 
-0.1513475 -0.19409859 0.3461869 -0.07521314 0.3044412 1.0112903 1.6683251 -0.66434324 0.18194573 1.1495999 3.6606622 0.7288275 
-0.44044715 -0.13197988 0.21511811 -0.060781576 0.29667652 0.8710053 1.248226 -0.5081275 0.057691548 1.0831312 3.9322662 0.6794407 
-0.47024903 0.22624096 1.0185314 -0.059418578 0.7720576 0.87771946 1.6428078 -0.44966644 -0.21842979 0.6787564 3.6057308 1.1239462 
-1.1083375 -0.41166112 0.03405701 0.023015441 -0.2802486 0.31314737 1.6480665 0.1335485 -0.24778947 0.6930324 2.9918458 0.41320992 
-0.91338104 -0.6358012 0.14731939 0.20781119 -0.70391196 0.24692474 2.2262852 0.053554107 -0.54002213 0.23454638 3.1222682 0.21837942 
-1.5320276 -0.31040567 0.20213515 0.15873258 -0.22276181 0.114637606 1.0658131 0.5802602 -0.8121629 0.9834176 3.3011768 0.34660205 
-1.2327714 -0.21376945 0.05518526 0.4182328 -0.50142735 0.05615919 1.7818614 -0.09675072 -0.29124564 0.98227113 3.118872 0.38979265 
-1.8123398 -0.36203453 0.07539138 0.34291974 -0.036340497 0.31946412 1.7359521 0.22630078 0.45425352 0.4040629 3.0820098 0.509827 
-0.80350316 0.07206547 -0.5928316 -0.20090924 0.18894103 0.026636891 2.0951562 0.4500111 -0.58860767 1.2082738 2.208205 0.12155636 
-0.86832523 0.24467531 -0.67838085 -0.4467725 0.07386009 -0.1829631 2.2464993 0.4616192 -0.6397169 1.230071 2.3301857 0.092477545 
-0.74899304 0.20691825 -0.85460484 -0.27401376 0.0935206 -0.05660353 2.1343021 0.40349415 -0.58177966 1.3029026 2.2410023 0.013674428 
-0.72474426 0.3755355 -1.2957449 0.09283115 0.424438 0.06592167 2.1487553 0.19439232 -0.83352864 0.7968071 2.3802762 0.12752068 
-0.69198555 0.20750928 -0.41884083 -0.46543506 0.21626432 -0.11619507 2.3626122 0.4479186 -0.4505724 1.2963246 2.1027381 0.15645057 
-0.49141854 -0.51780707 -0.7122032 0.28231922 0.06269363 -0.0140442215 2.0023477 1.2259197 -0.45942327 1.3429296 1.5176214 0.6257127 
-0.5621412 -0.4024483 -0.7938649 0.5920178 -0.058698177 -0.23149171 2.5092008 1.1759639 -0.0067064264 1.5819356 1.5053225 0.88869166 
-0.19504522 -0.530914 -0.57622546 0.8029412 -0.13497505 0.5034208 2.0765088 1.3468521 -0.78342026 1.7382046 1.3814838 0.052530058 
-0.9807647 -0.430481 -0.76234084 0.7980779 0.39276293 -0.055810828 2.012597 1.677292 -0.34713557 1.4471008 1.4959081 1.106914 
-0.45226303 -0.77703375 -0.5188033 0.6677412 0.22004929 -0.78602284 2.1149166 1.6831794 -0.62530714 1.1615614 1.6787397 0.17203398 
-0.11822058 -0.59998757 -0.86817366 -0.6429704 -0.20166127 0.51863015 2.0340638 1.9653679 -0.45376065 0.713067 1.3623574 0.82040274 
0.14223589 -0.6197292 -0.53088576 -0.7958893 0.02847494 0.39427957 2.496317 2.5036073 -0.46257657 0.6065019 1.27793 0.21461016 
-0.4201727 -0.13288322 -0.90157 -0.5082848 -0.39915922 0.631023 2.5001016 2.151846 -0.53950346 0.29254532 0.9622325 0.8590679 
-0.21029225 -0.648262 -0.84591955 -0.73546284 -0.16104338 0.79218745 2.0796258 2.210616 -0.51575506 0.81432647 1.4940087 0.9159181 
-0.1968716 -0.49598482 -0.8494065 -0.8323517 -0.30351028 0.42099726 2.0159876 2.1700363 -0.5890548 0.6218138 1.4426113 0.99967086 
0.34742266 -0.76949066 -1.3542968 -0.4294651 0.20734043 0.5668972 1.6608099 1.8068615 0.41883194 0.20562492 1.4439443 1.007092 
0.41631424 -0.84277606 -1.6527718 -0.22451596 0.22601569 0.7138809 1.670051 1.9114 0.36294407 0.08420525 1.4709066 0.847679 
1.125677 -0.55262816 -1.447318 -0.32020167 0.6385521 0.8393042 2.0817776 1.5783563 0.03179569 0.20145051 1.3820785 1.2037067 
0.5145901 -0.8385007 -1.633918 -0.40633315 0.22038804 0.6292931 1.7247896 1.8349919 0.37422588 0.14197253 1.5615233 1.0022124 
0.35932416 -0.9759253 -1.4739128 -0.42582384 -0.16392224 0.6364106 2.1147213 1.6031913 0.7913391 -0.43678 1.6386807 0.8842506 
0.44847715 -0.7527233 -0.8603529 -0.34321436 0.61754555 0.8675883 0.932299 2.1944826 1.1166699 0.4205844 1.3269587 0.7326071 
0.65783244 -0.6132158 -1.0000699 0.2112667 0.77291566 0.56823546 0.75720257 2.7610624 1.1947416 0.11344217 1.0241842 0.99604297 
0.9099876 -1.1103799 -0.2869914 -0.3885866 0.27012503 0.9146229 1.3952154 2.3577096 1.6282945 0.7236418 1.3658786 0.98592305 
0.39508408 -1.0923543 -0.8397247 0.12925291 0.9060871 1.4982054 0.84563005 2.2546725 1.1631845 0.22686476 1.5986109 0.47948974 
0.48068723 -0.87923074 -0.852037 -0.3093462 0.5046919 0.85874224 0.70362806 2.2091813 1.1777064 0.37009048 1.4435905 0.8560268 
0.13098598 0.23147711 -1.0206444 -1.0476104 0.78626376 0.89071846 0.6133951 2.116325 1.528611 0.69069546 1.5193435 0.5564513 
0.26896858 0.63879603 -1.3168455 -0.71064866 0.56672806 1.3915126 1.1179878 2.3056297 2.0267396 0.45120868 1.0382518 0.31897384 
0.04246961 0.21823084 -1.0100253 -1.1526649 0.9769512 0.8797387 0.7566902 2.17205 1.579526 0.45905644 1.5892556 0.40379068 
0.05815164 0.19492257 -0.8583435 -1.3543756 0.7843399 0.78496885 0.7547504 2.287925 1.7872381 0.6610069 1.7671819 0.40628368 
0.28944483 0.40747216 -1.2002832 -1.1335444 0.951502 0.8097192 0.6677157 2.1634867 1.679076 0.54949003 1.6646668 0.5364885 
-0.22488661 0.6783101 -0.29142076 -0.7258612 0.8561314 1.0878849 0.15324633 1.7081577 1.5177662 1.0181613 1.6633165 1.2787353 
-0.2393688 0.8382697 -0.029558305 -0.5872919 1.486344 1.9858744 0.31248975 2.0091903 1.3659873 0.61201197 1.734845 1.2677878 
-0.19643284 0.6032936 -0.42898688 -0.8349631 0.97285384 0.86642647 0.22255513 1.6672668 1.546022 1.1717006 1.888385 1.2974641 
-0.1928836 0.9270817 -0.16504885 -0.75264806 0.856823 1.166127 0.44634348 1.3778054 2.1370146 0.34836817 1.8085601 1.7499934 
-0.24229029 0.9732797 -0.2068376 -0.0014338845 1.2715547 0.90523875 0.2768645 1.5226383 1.8681222 1.3590225 1.405035 1.259059 
-0.086279646 1.1782196 0.3508521 -0.9784693 -0.08124184 0.90764034 -0.011877197 2.0643623 1.1315818 1.0864615 1.218282 1.2538289 
0.012044202 1.2490355 0.40358382 -1.2275038 -0.02378221 0.7619076 -0.102103665 2.1362536 1.1578529 1.0621133 1.4370745 1.2607868 
-0.06930935 1.635388 0.7369443 -1.1632599 0.026680551 0.99903643 0.719757 2.0349243 1.1740857 1.3444993 0.92757183 0.9557205 
0.20224911 1.2775779 0.9035799 -0.66296834 -0.017093334 1.1206495 -0.016052479 2.7789211 1.5814675 0.73035794 0.9830614 1.4273885 
0.18783018 1.6806228 0.10063682 -0.89080185 -0.06949376 0.76888263 0.13151833 2.4973474 0.74875134 0.87429184 0.9927865 2.0266447 
-1.218772 1.4682677 0.08712148 -0.40313566 -0.8339788 0.9290818 -0.034210138 2.068648 1.0370436 0.6893459 1.1357191 0.75397074 
-1.6754189 1.3456594 0.14635496 -0.26498187 -0.8680615 0.773093 0.04637936 2.3925529 0.96052814 0.9259639 1.3931687 0.7628126 
-1.779469 1.4787036 0.24744074 -0.24662101 -0.6753167 0.7474598 -0.013188428 2.5900218 0.90648466 0.6507514 1.3859231 0.8154524 
-1.7215604 1.285987 0.24303146 -0.21124028 -0.8958241 0.8300563 -0.019244103 2.3912823 0.9424845 0.9846489 1.397656 0.73971134 
-1.6316229 1.3681996 0.23253387 -0.26684254 -1.0045204 0.7595849 0.11063478 2.4540315 1.0066557 0.69891757 1.2959791 0.81735826 
-0.8450584 2.315582 -0.23774582 0.22607173 -0.90053606 1.3508804 -0.4909227 1.1137247 0.95658386 0.9021682 1.4554935 0.5507349 
-0.84745604 3.0681903 -0.429958 0.06779706 -0.9748372 1.4053345 -0.41531214 1.3056064 0.25448275 0.46977904 1.7371598 0.7944694 
-0.7241365 2.9861312 -0.4002405 0.21771477 -0.8880698 1.5196172 -0.66747797 1.332259 0.6341348 0.6391512 1.7466037 0.5477818 
-0.7549904 2.9062684 -0.64180815 -0.06153774 -0.82646734 1.5409962 -0.64723784 1.279962 0.5529696 0.4351039 1.8177617 0.41763368 
-0.8658292 2.9232788 -0.49852455 -0.11411526 -0.66242754 1.521249 -0.47335902 1.1373473 0.40317276 0.48099595 1.8680624 0.43641207 
-0.39248234 1.632763 0.5373965 0.28813097 -1.6494732 1.7616684 -0.09689857 0.48363465 0.591619 0.70116264 1.7168136 0.6019529 
-0.32244667 1.5997192 0.82766414 0.2781676 -2.007016 1.8473098 -0.22586527 0.34457785 0.5377867 0.7059805 2.3932986 0.7037767 
-0.1919192 1.6193612 0.9329905 0.19580923 -1.8378984 1.8643154 -0.18379064 0.29483706 0.48754406 0.43491557 2.3313487 0.7657122 
-0.256918 1.6343293 0.97145045 0.21013172 -1.9951115 1.7524862 -0.21770169 0.41205946 0.6507767 0.67639375 2.3080475 0.78890204 
-0.44792277 1.6997006 0.9642951 0.2587199 -1.9208758 1.8411837 -0.10612709 0.29922956 0.61526686 0.45047182 2.350415 0.55460006 
-0.22815993 1.2719437 -0.39071876 0.46917465 -1.8450286 2.1023757 1.0367725 0.32029882 0.3608593 0.75864017 1.319674 0.16137366 
0.32382983 1.3243314 -0.62632555 0.18454911 -1.9730027 2.2065918 1.5283641 0.24712297 0.74513817 1.1005213 1.4357865 0.1658629 
0.42567003 1.5015684 -0.5508415 0.08855242 -1.8565081 2.1953626 1.5114666 0.36109516 0.4504527 1.0408134 1.250446 0.14747891 
0.65059465 1.3232219 -0.6492064 0.3449046 -1.8889872 2.1294718 1.1564986 0.35297084 0.6131039 1.3111782 1.2584671 0.1607033 
0.28633368 1.3998804 -0.5964216 0.21167712 -2.0779464 2.1405897 1.4706761 0.26813695 0.52001005 1.0717 1.4544239 0.28081977 
-0.061958846 0.97126716 -0.016200984 1.2459502 -2.4897368 1.184693 1.0396538 0.8674272 -0.056351807 0.97291005 1.1602341 -0.6863257 
-0.36531124 0.98942876 -0.03192355 1.4961951 -2.7862198 0.9396078 1.3027948 1.2033257 -0.23473556 0.49376664 1.1036147 -0.61849844 
-0.26020467 1.0669053 0.23726712 1.5058655 -2.7139106 1.1001978 1.3511332 0.972416 -0.14747477 0.4833607 1.2819514 -0.89924693 
-0.4450298 1.0490474 -0.006080273 1.6657408 -2.6850104 0.8832426 1.3650563 0.95512056 -0.019550266 0.8105768 1.1989493 -0.6427487 
-0.44167534 0.8594058 -0.01297884 1.6181207 -2.7351396 1.0733902 1.4299575 1.0660452 -0.11088026 0.49782136 1.2860805 -0.74540913 
0.9374389 0.13264051 -0.39048114 1.352651 -1.9346143 1.358513 0.8631043 1.0337807 -0.042294536 1.5629642 1.2113663 -0.39073175 
1.2552185 -0.00419404 -0.5180619 1.0570264 -1.9119389 1.8999219 0.9127168 0.92492443 0.35145608 1.4244137 1.3464304 -0.2200463 
1.3044094 -0.08235262 -0.575826 1.3559599 -1.9962974 1.7549329 0.986266 1.1687553 0.3006402 1.3995063 1.3357079 -0.43651375 
1.2377145 -0.16638541 -0.3140558 1.5939891 -1.6784973 1.9105449 0.91784406 0.9830471 0.23754348 1.228242 1.266284 -0.2055647 
1.2921597 -0.15001081 -0.48731688 1.3866069 -1.9117678 1.7221601 0.9672465 1.1216015 0.35665634 1.4045721 1.2572201 -0.30965602 
0.42168403 0.22204886 -0.052635852 0.95748895 -0.69729686 0.9316217 0.943387 1.3945422 -0.68248785 2.2906103 1.0847898 -0.43207717 
0.16282599 0.114433326 0.24983853 1.2857542 -0.19598873 0.93807644 1.1518824 1.5401653 -0.49591702 2.5529604 1.2028822 -0.3606884 
0.093437776 0.08748948 0.075955525 1.0771513 -0.42243904 1.1068962 1.181767 1.6090603 -0.6383361 2.5221267 1.3579816 -0.5399743 
0.096679024 0.008033778 0.27485463 1.3282937 -0.3061095 0.9585199 1.105163 1.5997112 -0.5520527 2.4593127 1.2392571 -0.38759336 
-0.017555568 -0.09176014 -0.21893336 0.941026 -0.42040166 0.8860912 1.3085079 1.577525 -0.6255946 2.393732 1.2740984 -0.50692457 
1.019624 0.71074647 -0.61690193 1.1305918 -0.18304035 0.7487854 0.15572408 1.5981294 -1.4332088 1.4913926 1.1953044 -0.31481686 
0.9606461 1.3293518 -0.67714334 1.5990801 -0.36895272 0.39519426 0.14888184 1.8022597 -1.7779472 1.3818922 1.2500848 -0.37573197 
0.883209 1.1241796 -0.82424086 1.618534 -0.41476312 0.61774546 -0.03423528 1.9528685 -1.7620187 1.4819818 1.3276802 -0.18100391 
0.9844907 1.1887411 -0.75804687 1.531622 -0.28923187 0.72874635 0.16227531 1.966266 -1.7837842 1.3482648 1.1616567 -0.07543161 
0.72719336 1.1095673 -0.91369396 1.491127 -0.3722273 0.50858074 0.0754845 1.9220042 -1.8646392 1.3742033 1.347215 -0.23046626 
1.5950813 0.78709567 -0.13663076 0.3913042 0.19805044 0.8693972 -0.5439615 0.9200969 -1.1852221 1.319017 2.2230241 -0.3528046 
1.7064056 1.002176 0.5111777 0.09956643 0.23442252 0.72080386 -0.44501978 1.0975701 -1.5449313 1.3024591 2.5529559 0.30868536 
1.6531492 0.93804276 0.15006603 0.15688378 0.123624064 0.74285746 -0.5170748 0.9495555 -1.3516147 1.5538678 2.6111298 0.03179441 
1.8965386 1.0317776 0.26553708 -0.042346127 0.09555335 0.9170628 -0.27460912 0.9943765 -1.3540636 1.4461403 2.4197326 0.17276095 
1.8973049 0.95481646 0.116371915 0.21137209 0.16665101 0.8812367 -0.56612474 0.9280017 -1.1451092 1.5635768 2.5317967 0.1460711 
1.1103061 1.157251 -0.17299949 0.1806694 1.1605699 0.75929797 -0.2859994 1.193174 -0.8359724 0.57630545 2.0730734 -1.1723346 
1.2274734 1.5638729 -0.29878286 0.1387552 1.7826657 0.8837756 -0.12034887 1.4889141 -0.76769054 0.51743174 2.2130399 -1.0238221 
1.3223376 1.43159 -0.4308601 0.19253753 1.7422146 0.8261609 -0.21879683 1.62639 -0.71464 0.45536655 2.2191162 -1.0592047 
1.37043 1.2617993 -0.12729435 0.1535339 1.8257335 0.85668045 -0.06495557 1.6911116 -0.87923104 0.30485982 2.0704148 -0.8585479 
1.2269928 1.5466282 -0.21606894 0.08784191 1.8144369 0.7919425 -0.16803011 1.4376696 -0.799734 0.46569344 2.3098404 -0.9402073 
1.1039708 0.78245384 0.25216335 0.066695124 0.20557989 0.48017815 0.024471456 0.8395744 -0.66720843 -0.05774608 2.1405246 -1.7629293 
1.3422612 1.4772111 -0.42459273 0.009332971 -0.15794681 0.17949113 0.102635734 1.2217686 -0.9619496 -0.80475307 2.1828744 -1.7734344 
0.71743935 1.6981019 -0.73049295 -0.08796953 -0.038716286 0.27663 0.22221743 1.0368229 -1.3768306 -1.375046 2.747818 -1.5623329 
0.35607892 1.4693153 -1.0210077 -0.38799554 -0.4021398 0.81660277 0.21755533 0.8765825 -1.2400309 -1.497435 3.0958652 -1.3147802 
0.43048504 0.9112674 -1.1270559 -0.6324175 -0.5673132 1.4472532 0.33427718 1.1429875 -0.7575908 -1.5234702 2.8194156 -1.1394924 
0.5896927 0.36582187 -0.7309535 -0.8790926 -0.41232258 1.8439897 0.1801991 1.210851 -0.42060447 -1.0669867 2.9648418 -1.1946404 
0.976991 0.2119016 0.04115405 -0.72385406 -0.013716229 1.7267416 0.31918225 1.0486916 -0.4266307 -0.5939361 2.9542763 -1.4881561 
1.2250888 0.26708177 0.35862884 -0.5116405 0.28967723 1.0802255 0.33338988 0.94275177 -0.49460164 -0.41744298 2.7765186 -1.6931915 
0.60419613 1.0532863 0.693527 0.47051448 0.2145413 0.109120004 -0.071092844 0.40797296 0.10267907 -0.24024248 2.0750651 -1.8719668 
0.43033734 0.485207 0.8107296 1.0226529 0.29197392 -0.23458235 -0.34425962 0.9383227 0.11277558 -0.33250198 2.312104 -1.8972849 
0.21945457 0.0767888 0.8448982 1.459858 0.2831517 -0.6480812 -0.32973933 1.6608642 0.07881515 -0.4386188 2.456013 -1.6890438 
-0.2818102 0.45762646 0.88200074 1.6846368 0.44325784 -1.0450813 0.10251631 1.7541492 -0.19441918 -0.093574636 2.2715464 -1.7589923 
-1.0347061 1.0839723 0.8817239 1.3365362 0.6914959 -0.9838482 0.49903053 2.265741 -0.041650698 -0.20136033 1.9603194 -1.8401201 
-0.8273657 1.6366352 1.340975 0.9215137 0.26914954 -0.85953885 0.7315966 1.9629834 -0.12015846 0.1423512 1.7416066 -1.8878983 
-0.451925 1.7506574 1.3716028 0.16554275 0.3369016 -0.47232273 0.9784365 1.5250964 0.090932466 -0.11628319 1.8435692 -2.090593 
0.2003438 1.6277374 1.3665415 0.009725617 -0.035119887 -0.16874278 0.44068336 1.0225291 0.08422236 -0.10727135 2.0118206 -2.0768785 
1.0286995 1.3414539 0.36191958 0.48719993 0.14371742 0.015532688 0.03993751 0.18723811 1.0928507 -0.17828088 1.9973664 -1.709871 
0.66286653 1.4548215 -0.14012319 0.57003576 0.09786877 0.4920526 0.43012708 0.21430865 1.7482896 -0.3912786 2.1380725 -2.1421766 
0.41274136 1.2100799 -0.3071566 0.7226325 0.14350389 0.96013004 0.63461816 0.6535842 2.218998 -0.20417622 2.2551744 -2.4236193 
0.46590003 1.1060636 -0.16713041 0.8242236 0.018740924 1.4299475 0.49988922 1.2541047 2.4235442 0.0912567 1.9580791 -2.4317646 
0.6937592 1.0547013 0.27984676 0.68134016 -0.3176442 1.5521877 0.34639496 1.6408429 2.7472842 0.33304098 1.9198062 -2.2770364 
1.1687886 1.1798793 0.8973484 0.6126119 -0.24471144 1.2938406 0.035452753 1.6162636 2.7378855 0.17567989 1.8001188 -1.7336901 
1.5794808 1.4111596 0.94734085 0.48055828 -0.32619658 0.79123175 -0.3567828 1.502719 2.2308822 -0.1709497 1.8029877 -1.404405 
1.5140393 1.5811768 0.790226 0.36083978 -0.14881666 0.052281793 -0.2770204 1.0608761 1.6933794 -0.2108216 1.8698504 -1.5902997 
1.3292762 0.9259686 0.22857396 0.67794734 0.23989604 -0.4068443 0.643592 -0.29124376 1.1660068 0.081971034 2.0218728 -1.1937999 
1.8370423 0.6279753 0.3258627 1.3924667 0.62763333 -0.41937193 1.0928756 0.006808471 1.3585088 -0.025354102 1.9495726 -1.2680008 
2.2633276 0.39036822 0.32485223 1.5112073 0.87685645 -0.63140583 1.5296586 0.64206445 1.4579839 0.09131827 1.7047663 -1.0318956 
2.2276647 0.7972191 0.2677158 1.1675508 1.3253297 -0.3989462 2.2671747 0.74586076 1.519848 0.508661 1.4720334 -0.8784064 
2.5064802 0.97608703 0.27896696 0.43782464 1.3162256 0.02320623 2.535126 0.71615875 1.5901101 1.0887257 1.653175 -0.7793396 
2.190321 1.1597656 -0.29612485 0.083936155 0.66993123 -0.36911732 2.2118635 0.75201243 1.3979625 1.5621693 1.6655235 -1.0353712 
1.9728801 1.036364 -0.17388846 -0.3544381 0.05729806 -0.4772979 1.9247346 0.5562424 1.4236501 1.1560287 2.0721216 -1.4558641 
1.582691 1.0401812 -0.07392987 0.1757635 -0.058139134 -0.45833698 1.3094313 -0.120281704 1.2497594 0.8253946 2.2112625 -1.5375218 
0.981271 1.0814273 0.25163922 0.86778927 -0.4742303 -0.9019819 0.59860957 -0.4597067 1.2794409 -0.019588765 2.018313 -0.48238838 
1.4965037 1.4226742 0.80434275 1.1195692 -0.9650489 -1.308009 0.6206317 -0.18744932 0.9304346 0.47566807 2.1213825 -0.23218848 
1.0652293 1.6903783 1.1507167 1.3102974 -0.6396706 -1.2855674 0.5938131 -0.10932659 1.1023228 1.0999546 1.9937154 0.31652316 
0.6478763 1.4663452 1.443051 1.3646381 -0.66743135 -1.1962266 0.67504567 0.15705706 1.505133 1.4813114 2.0135102 0.58991945 
0.4081913 0.94289553 1.6902453 1.0474578 -0.8283895 -0.9534314 1.2191818 0.2115775 1.8773834 1.5270832 2.0976164 0.79276013 
0.29465297 0.448557 1.5570521 0.87010634 -0.6120238 -0.85726994 1.1611083 0.29211006 2.4304402 0.7530394 2.283737 0.5784613 
0.3003119 0.35188895 0.8485721 0.65730596 -0.56369084 -1.1460221 1.017592 0.19161244 2.4300458 0.26000732 2.4357848 0.12024111 
0.67109567 0.6169861 0.48307413 0.88257486 -0.7368664 -0.9248171 1.0117961 -0.28384042 2.1200986 -0.08363444 2.3416784 -0.32964948 
1.0167837 1.2414834 -0.3993248 0.6860641 -0.66979253 -0.9410349 0.53872764 -0.25806946 1.1148033 -0.6857431 1.8279309 0.23400961 
0.8062515 1.7397358 -0.13195081 0.47107983 -0.5519816 -0.90931714 1.2890948 -0.25741825 0.924734 -1.2978518 1.7411014 0.48466352 
0.6356805 1.9498369 -0.23183373 0.29789847 -0.79277384 -0.74518734 1.9948888 -0.3281836 0.51198375 -1.4268299 1.7948418 0.5185882 
1.1395757 1.7446108 -0.46486333 0.45569164 -0.6656228 -0.5173378 2.6372952 -0.57275605 -0.022447016 -1.3947579 2.0141919 0.68700445 
1.7402399 1.3317418 -0.6841798 0.53243184 -0.8217136 -0.17433497 2.6890078 -0.85555506 -0.106784664 -1.2320265 2.5251493 0.80197173 
2.038388 1.2010789 -1.038288 0.40849054 -1.050944 -0.20861855 1.9846038 -0.91259754 -0.044095054 -0.70572186 2.8551624 0.6871879 
2.1765692 0.96458244 -1.038677 0.35180944 -1.0561548 -0.5089605 1.3661416 -0.6118156 0.44661814 -0.5173311 2.605441 0.7233908 
1.7889107 0.97539026 -0.7866306 0.14801906 -0.8875707 -0.82260835 0.7067888 -0.25075537 0.8393278 -0.60401034 2.3795853 0.5442037 
0.64873666 1.0984911 -1.1191759 1.2183089 -0.66123986 -0.77297616 0.23149933 0.20524283 1.3532389 -0.77734774 1.5774009 0.37522292 
0.3316145 1.0741812 -1.7121664 1.067696 -0.7189293 -1.5596385 0.57491136 0.7175639 1.0714351 -0.722321 1.9661814 0.2143402 
0.18226744 1.2106007 -2.326792 0.8431744 -0.39400113 -1.3948983 0.797112 0.9338161 0.9206462 -0.553064 1.8872991 -0.10962583 
0.39001524 1.7174127 -2.6588979 0.9116723 -0.44610956 -1.2147108 0.9809847 1.3000909 0.5867025 -0.022629175 1.5554209 -0.081022896 
0.7957923 1.9711382 -2.8658166 1.2061286 -0.14483848 -0.8681198 0.8398805 1.0675379 0.64727694 0.3482982 1.6075909 0.37462345 
1.272082 2.3661146 -2.4087923 1.1011832 0.2069981 -0.7791021 0.7657344 1.0626358 0.9983517 0.30259424 1.3400335 0.7898049 
1.2045785 2.3457146 -1.8661132 1.4429095 -0.09222984 -0.64291996 0.5382343 0.48615322 1.5949194 0.18882515 1.3764209 0.7780324 
0.94016045 1.8506985 -1.3922162 1.4495713 -0.42178252 -0.671587 0.357352 0.35906044 1.6851758 -0.33460352 1.4178009 0.58503205 
0.50534606 0.68520236 -0.9389316 1.5756298 -0.73353785 -0.23781323 -0.23028721 0.5681208 1.3528007 -1.1375781 1.5688158 0.9641498 
0.5686265 0.7237384 -1.0776007 1.7594851 -1.5515815 -0.114860244 -0.02995487 0.89343506 1.0587205 -0.91627175 1.5030622 1.7293063 
0.5123621 0.46146703 -0.9580585 1.8315883 -1.780866 -0.34880376 0.17591015 1.1954483 0.5331435 -0.47162646 1.7179198 2.2635717 
0.51391405 0.2058972 -0.7787915 1.6499448 -1.66755 -0.24000748 -0.20591073 1.2504237 0.34905288 0.23046695 2.121314 2.478138 
0.26633084 0.12422505 -0.9456679 1.8768102 -1.0342346 -0.18238695 -0.15727606 0.6916571 0.29322177 0.6048782 2.6388617 2.460676 
0.50933874 -0.043053705 -1.2127943 1.8600316 -0.6841496 0.10950322 -0.7825467 0.7037245 0.9061797 0.4222271 2.8044019 1.8849398 
0.52638364 0.06877513 -1.2395093 1.8392045 -0.40683424 0.32689995 -0.81276566 0.46353012 1.2727723 -0.1367864 2.6776493 1.5047003 
0.3925124 0.2298876 -1.0924007 1.8020741 -0.4482619 0.098124 -0.5436558 0.4591909 1.4901676 -0.7018041 2.234119 1.2028863 
0.31962085 0.7987029 -0.6094312 1.9538045 -0.075218424 -0.5674053 -0.45552173 1.0977231 0.51495236 -1.4991754 1.7664064 0.71423304 
0.36790964 1.2272176 -1.116817 1.6198729 0.09987801 -0.08006378 -0.53996813 1.5356181 0.081588104 -1.9219116 1.7822758 0.7917505 
-0.08872233 1.6419111 -1.3654039 1.8678371 0.15863179 0.34492305 -0.39006865 2.1099865 -0.07250669 -1.8426297 1.3541678 0.75222325 
-0.2882976 1.8166788 -1.233813 2.205651 0.5420109 0.55197376 0.16435868 2.3334658 -0.27724952 -1.89462 1.0562884 0.7550839 
-0.25567046 1.437404 -1.0325922 2.5623772 1.2864188 0.579464 0.5328293 1.7410214 -0.22956859 -1.5271193 1.3286495 1.05666 
-0.043633435 1.5194786 -0.551079 3.0629113 1.155184 0.029279403 0.6752352 1.4415785 0.2514245 -1.3916007 1.2699553 1.1259303 
0.5019012 1.4380764 -0.25247395 3.350763 0.6033737 -0.22307104 0.44406098 1.325543 0.4615016 -1.5331216 1.2699997 0.8950201 
0.6371299 1.0862803 -0.41717264 2.9038856 0.23184519 -0.51347476 -0.12726422 1.1863697 0.5020823 -1.3354646 1.4870415 0.7520797 
-0.026953688 0.7114487 0.32837722 2.1683943 -0.59377176 -0.6465675 -0.58212036 1.359175 0.37668043 -1.6544027 2.1948693 0.48481023 
-0.2615353 1.0173146 0.48707733 1.9990486 -0.44105506 -0.532826 -1.0294827 1.5683655 0.21627785 -1.1967003 2.1702461 -0.04112399 
-0.13628602 0.58941483 0.8890393 1.9556592 -0.1839174 -0.12287779 -1.1541488 1.9501609 0.076584816 -0.8710152 2.1630805 -0.4227036 
-0.025298461 0.18449974 0.8871924 2.1011393 -0.07173421 -0.0053621572 -0.47672218 1.7519933 -0.11193874 -0.8623609 2.1800447 -1.3122463 
-0.25993583 -0.58552855 0.71960336 2.208792 -0.56475514 0.19564258 -0.07936827 2.0728812 -0.23092794 -1.0392278 2.368319 -1.1855116 
-0.3806665 -0.59312415 0.18450812 2.2559462 -0.8902307 -0.15436512 0.13942027 1.6539346 -0.14564912 -1.481147 2.6875732 -0.9412827 
-0.13303542 -0.3116357 0.062672175 2.2061074 -1.0786445 -0.47092703 0.36544025 1.5460882 -0.18939877 -1.965732 2.498345 -0.44859913 
-0.14412406 0.38358954 0.31182918 2.3894126 -1.1165975 -0.5734063 -0.033180013 1.2998965 -0.092619255 -2.0231345 2.395414 0.10338014 