0.008593779	-1.5438461	-0.8176392	-0.5853581	-0.18544564	1.2400428	-0.4539898	-0.9669613	-2.065869	0.12128338	0.052092023	0.70369834
0.07118897	-1.1894908	-1.20494	-0.95795757	-0.18814158	1.1718144	-0.58798736	-1.122275	-1.6334232	0.16963558	0.045598146	0.48587447
-0.005539559	-1.7402697	-0.7670908	-0.5586806	0.052684985	1.0839771	-0.3864547	-0.9011658	-2.028518	-0.00571974	0.06228785	0.5378948
0.1351795	-1.6041068	-1.267322	-0.5561649	-0.1291883	1.4699136	-0.8731051	-1.0308679	-1.4599922	0.33078098	-0.5332883	0.38698587
-0.00072475034	-1.6193614	-1.1019043	-0.3424466	0.030264989	1.4056312	-0.7044653	-1.0602454	-1.2447295	-0.06613172	-0.56074774	0.6332652
-0.11865081	-0.7983422	-0.9572541	-0.78006023	-0.01228203	1.1652445	-0.4348899	-1.0529088	-1.3919168	-0.4060545	1.1042747	0.3911806
0.05673899	-0.81420726	-1.093485	-0.90099216	-0.23721531	1.0393056	-0.4674713	-1.111396	-1.5771981	0.04558977	0.9081077	0.4422284
0.026015913	-0.95844793	-0.90662307	-0.53832006	-0.16346139	0.82778573	-0.6125926	-0.98480594	-1.8552607	0.22414163	0.35778078	0.4979116
0.35156083	-0.60756487	-1.1188463	-0.7085116	-0.11102974	0.6990005	-0.8962268	-1.0758408	-1.5314137	0.4897714	1.1298476	0.7492663
0.071120724	-0.26648426	-1.0503716	-0.5809534	-0.22454903	0.50859004	-0.7876854	-1.11274	-1.779889	0.17716932	1.0736225	0.6882323
-0.022156607	-0.4276953	-0.6389561	-0.22545007	0.799102	1.2309748	-0.38382092	-0.4098335	-1.061705	-0.7501146	1.2375116	0.42690623
-0.36259553	-0.29142308	-0.58227646	0.08299641	0.05982311	1.2952981	0.21522164	-0.8129077	-1.6230592	-1.3332384	0.6371969	0.30318272
-0.28821766	-0.82763404	-0.9381119	-0.17237589	-0.27951226	1.2343439	-0.05347218	-1.0146956	-1.1481838	-0.79372114	1.1563995	0.23699993
-0.36997145	-0.49759015	-0.91721445	-0.036812447	0.039233785	1.3131201	-0.06289937	-1.0890448	-1.3350235	-1.0687726	0.8193311	0.28345823
-0.44047987	-0.58596814	-1.3174812	-0.18816917	0.013637065	0.9822017	-0.38442716	-1.3797835	-1.3278332	-0.46594626	0.43657607	0.047147207
-0.013051017	-0.117838256	-0.29390538	0.61472195	0.36063826	1.1932588	-0.73513985	-0.5793623	-1.1208103	-1.0242938	1.9049207	0.49178728
0.15539344	-0.059364323	0.08999304	0.9883027	0.48264912	0.9042131	-0.8305314	-0.22740391	-1.0065362	-0.97785616	1.8767972	0.81682825
-0.3189951	-0.40974423	-0.67396426	0.3002937	1.4047456	1.2740489	-0.9573228	-0.08332688	-1.0312406	-0.6746961	1.463867	0.6584125
-0.007609817	-0.20352225	-0.28166002	0.71060455	0.165167	0.9720681	-0.8757403	-0.49406534	-1.013524	-0.8426257	1.703481	0.5217273
0.040233407	-0.22682084	-0.30969292	0.71314234	0.37850672	1.029181	-0.43375558	-0.38112077	-1.0630575	-0.91427183	1.7015903	0.800142
0.24916066	0.6192705	0.0046276376	1.287081	0.10146907	0.72986627	-0.36803758	-0.6019443	-1.7123255	-1.0205754	1.1373502	0.461178
-0.10315618	0.25448358	0.07591181	1.6526916	0.22116722	0.5443269	-0.91978574	-0.8245537	-1.6826048	-1.2203202	1.0097669	0.7351367
0.103696145	0.24298713	0.11645438	1.5753914	-0.10663093	0.5242046	-0.62381226	-0.9297094	-1.491841	-1.0916027	1.0888838	0.6971124
-0.1738277	0.11562333	0.19979122	1.2720286	0.23452562	0.713495	-0.9237045	-0.7734202	-1.3498257	-1.3965062	1.3089905	0.6177395
-0.048893735	0.41577864	0.015415784	1.6173462	-0.253767	0.35314128	-0.8137599	-0.66845715	-1.6080405	-0.78964376	0.6554298	0.8486078
0.25519127	0.36170065	-0.4127019	0.96539694	-0.13586682	0.34164715	-0.62464786	-0.528783	-1.8546876	-0.54224944	1.1738256	0.17974839
0.17236577	0.7469077	-0.5046436	1.2976005	0.148363	0.31917202	-0.68725336	-0.36554056	-1.7765272	-0.5198468	0.7744662	-0.40245074
0.17364606	0.29641145	-0.56865084	1.2251658	-0.025372649	0.6901935	-1.0151114	-0.6221133	-1.5880073	-0.4623357	0.8003256	-0.42011917
0.11913766	0.24928237	-0.7329297	0.7359356	0.19020456	0.6144905	-0.57189995	-0.17021476	-1.4046711	-0.5469987	1.0915321	-0.026317826
0.27150983	0.43202317	-0.53053474	0.96583927	0.03274335	0.6235622	-0.67547137	-0.4458923	-1.4707723	-0.54555	1.0513344	-0.38103867
0.26150644	0.39583322	-0.9046406	1.2091762	0.18424541	0.4273512	-0.9890013	0.4430186	-2.0354185	0.48840332	0.48521394	0.11225969
-0.26623872	0.34659237	-1.2482196	1.1148198	-0.3188394	-0.32511848	-0.8617606	-0.13459742	-1.9738115	0.8431177	0.5089852	0.08697296
-0.490458	-0.15965024	-1.0224395	1.1602508	-0.25956452	0.22235689	-0.41887772	-0.33959255	-1.8803701	0.78903437	0.64165545	-0.33454013
-0.18907657	0.21123928	-0.92243284	0.97811097	-0.22488861	0.07276187	-0.74427694	-0.560032	-2.022124	0.06968212	0.64728457	-0.12159156
-0.33326954	0.17147881	-0.6866935	1.1515702	-0.3717317	0.048939984	-0.46549213	-0.45306742	-1.9848005	0.08568111	0.6179981	-0.0917828
0.05659562	-0.16600728	-0.70599383	1.5939411	-0.25962964	0.94215125	-0.4841267	0.47241974	-1.6225749	0.8150631	0.3982383	-0.00111771
-0.12140965	-0.26054767	-0.9434655	1.620596	0.06596944	0.90211433	-0.43529007	0.21326058	-1.7451003	0.51492816	0.00049708725	-0.18144637
-0.16960931	-0.3365949	-1.4047097	1.4928414	-0.09416429	0.9579176	-0.6591209	0.27493167	-1.2542883	1.4427983	-0.27455896	-0.23976453
-0.115241475	-0.23761056	-1.0887444	1.4830136	-0.1790558	0.9478628	-0.8418346	0.07459318	-1.4470317	0.90513486	0.2026467	-0.147234
0.2658055	0.008165188	-1.3926427	1.4342498	-0.032910347	0.82944566	-1.0961499	0.11390491	-1.2961553	0.7512664	-0.42206338	-0.13529594
-1.0824009	-0.73633385	-0.61319774	1.9604958	-0.73241854	0.7973778	0.5982861	-0.10624473	-1.3357192	0.29721174	-0.56120723	-0.45993
-0.6238417	-0.8646549	-1.100937	1.5625437	-0.62963575	0.7186786	-0.09412221	-0.46126425	-1.0828726	1.0760286	-0.19160274	-0.11175439
-1.2309946	-1.1171831	-0.7571869	2.1847062	-0.5687007	0.82380325	-0.0365767	-0.3012159	-1.2859348	0.873547	-0.2769859	-0.08374625
-0.9906955	-0.79416066	-0.84311825	1.4505409	-0.33018816	0.855914	0.08650856	-0.63928765	-0.92368615	0.7839696	-0.5627786	-0.32002732
-0.8550449	-0.48295426	-0.80385506	1.6764524	-0.04727164	0.5514853	0.22551966	-0.52417165	-1.1782972	0.9864501	-0.0051105395	0.057279833
-1.0811888	-0.52015555	-1.0243495	1.4519228	-0.7914641	0.74751	-0.25279996	-0.6527125	-1.0525974	0.34079054	-0.5608668	-0.38755238
-0.6693653	-0.443606	-1.0597413	1.3340341	-0.86374193	0.74977785	-0.7893198	-0.62666506	-1.1673672	-0.26176375	-0.7330278	-0.50197816
-1.1871156	-0.51234233	-0.8563377	1.0669591	-0.5664673	0.69288737	-0.5608376	-0.91878456	-0.8036658	0.2476497	-0.8527493	-0.51091266
-0.5590427	-0.6961533	-1.2690907	1.3169854	-1.0442666	0.8974226	-0.8132569	-0.6114086	-1.0544972	-0.09555089	-0.3924294	-0.6037267
-0.83002526	-0.46816328	-1.0555675	1.3234905	-1.0367769	0.73681366	-0.34566304	-0.78132325	-0.8576626	0.059195332	-0.8734368	-0.7400794
-1.2931833	-0.2962309	-0.67177373	1.0731217	0.17283481	0.21973476	-0.83694834	-1.3070074	-1.0071083	-0.18876936	-1.3954065	-0.36768657
-1.2191299	-0.4709912	-0.8758618	1.3554364	0.65011275	0.19715106	-0.62738526	-1.2071873	-0.8568619	0.07513471	-1.3648717	-0.38802186
-1.1348836	-0.55702513	-0.969795	1.4898139	0.72135806	0.23767586	-0.7648298	-1.2672676	-0.91888434	0.013051971	-1.1823343	-0.41935334
-0.90168816	-0.40901023	-0.90895855	1.0810343	0.48538572	0.11155879	-0.9334858	-1.3017102	-0.9407493	-0.13403577	-1.270102	-0.43355224
-0.70383304	-0.55446696	-0.8235886	1.1696986	0.32977593	0.1246323	-0.7461438	-1.4662215	-0.9608843	-0.18214503	-1.0038677	-0.56860584
-1.0837487	0.28351375	-0.22979836	0.47668162	-0.24340875	0.58805037	-0.9924994	-1.1267058	-1.1177475	0.33313164	-1.0924587	0.07709451
-1.6798791	-0.019247042	-0.13581525	0.6772905	-0.008846325	0.32222557	-0.89263463	-0.9513343	-0.9628182	0.05899188	-0.96272045	0.4610578
-2.0910249	-0.27884343	-0.4689919	0.68814355	0.19445463	0.20399056	-1.3209395	-0.8531636	-0.7421451	-0.14594106	-0.55030537	0.35830933
-1.8738029	-0.30258563	-0.68976814	0.9917576	0.025270462	0.44042	-1.037799	-0.60071987	-0.9767479	-0.09099214	-0.19950938	0.34117404
-1.814816	-0.024893988	-0.40570825	0.47970298	0.040911227	0.29934022	-1.2272627	-0.92586255	-0.8035394	-0.20315675	-0.65782964	0.31518513
-1.569329	-0.105853215	0.3733427	0.1019734	0.22436696	0.23068556	-1.7998617	-0.94065654	-0.8845892	0.40804696	-0.8203837	0.27273253
-1.2638017	0.3945725	0.19482535	0.35573554	0.12570456	0.6616962	-1.8250666	-1.4572366	-1.3224123	0.43668643	-0.91164875	0.6923477
-1.1207631	0.2334482	0.45268038	0.09287938	0.20344101	0.53289115	-1.9819416	-1.2291803	-1.1399304	0.49377325	-0.58746797	0.66360927
-0.8177029	0.5107106	0.38915774	0.15115865	-0.04692725	0.8306651	-1.848804	-1.5645267	-1.1522366	0.66944414	-0.5375745	1.252747
-0.9403687	0.48856887	0.064833656	0.28503567	0.24862157	1.0353131	-1.6149598	-1.2977602	-1.1092616	0.66224945	-0.61867845	0.87421066
-1.2025218	-0.19508769	0.3158186	-0.33787298	0.47414663	0.38529733	-2.0570009	-0.3855274	-0.9033445	0.35353532	-0.29855564	-0.2997955
-1.0733562	-0.55536103	0.1544246	0.066604964	0.2668569	-0.08589479	-2.0538394	-0.72580904	-1.0879276	-0.12455924	-0.21731572	-0.049201626
-1.1382939	-0.35272905	0.29219803	-0.1204346	0.26279357	-0.15394978	-1.8978094	-0.72649515	-1.1085823	0.13602947	-0.10994002	-0.10237668
-0.9264832	-0.59356	-0.0002941303	0.17358111	0.25589812	-0.08262031	-2.2234948	-0.6159249	-0.9809665	0.1307617	0.054776467	-0.27184364
-0.92317593	-0.6530923	0.29045627	0.31391037	0.212787	-0.36075097	-1.8034317	-1.075312	-1.3021392	-0.3131791	-0.30573872	0.19109903
-1.5095526	-0.042514537	0.03382308	-0.14863329	0.59756035	0.7012578	-1.6900231	-0.5505124	-0.88578486	0.5716203	-0.4418018	-0.2490636
-1.2997849	-0.1308258	-0.33812135	-0.1329992	0.64896125	0.15894257	-1.6775672	-0.52436596	-0.8015127	0.5778094	0.3558814	-0.25949273
-1.2551976	-0.30746335	-0.8218045	0.18311296	0.70003057	0.40434012	-1.6026222	-0.6904999	-0.8379802	0.6432636	0.6047603	-0.2575872
-1.4197304	-0.15264465	-0.20923501	-0.15587783	1.0690693	0.43971166	-1.3694406	-0.27109042	-0.40084437	0.5447242	0.35463706	0.102452524
-1.1358942	-0.10570605	-0.5633489	0.16081485	0.5417319	0.21468516	-1.3800672	-0.8749191	-0.8155699	0.61688614	0.51933855	0.20277488
-0.85908586	-0.6406738	-0.45477647	0.12448549	1.5460787	0.6689823	-1.4358038	0.18506613	-0.11617482	-0.2585177	0.2699063	0.1655401
-0.60358536	-0.8611413	-0.13471532	0.17592677	0.8905874	0.46110684	-2.2221394	-0.08269143	-0.80061686	-0.3843913	0.08471684	-0.2603174
-0.71504724	-0.609948	-0.43591532	0.397706	0.7924421	0.47321966	-1.9369884	-0.24552593	-0.58028346	0.067812465	0.16464686	-0.16664925
-0.69198275	-0.52143025	-0.33579168	0.2211809	0.7307695	0.44389856	-1.844298	-0.23036225	-0.6594301	0.043433674	0.20858058	-0.1421302
-0.6512722	-0.6234752	-0.2578048	0.29998934	0.66832477	0.42422885	-1.660619	-0.07680299	-0.43090448	0.029693495	0.20030198	-0.28241426
-0.6320091	-0.8894791	-0.9038841	0.8254488	1.7253315	1.1906662	-1.2108408	-0.08389221	0.14866497	-0.31814784	0.85818857	0.536111
-0.59589326	-0.6254663	-1.0463946	0.6932775	1.8655053	1.3450967	-1.1607542	-0.46114594	0.35298625	-0.19994904	0.74388456	1.0168748
-0.78183633	-0.6095738	-0.9295515	0.6944931	1.8868666	1.1951953	-1.4968913	-0.25481033	0.035531398	0.060023703	0.8762598	1.0692885
-0.61349267	-0.52288204	-0.83643085	0.6511021	1.7728138	1.0564953	-1.4556278	-0.14837597	-0.19216499	-0.1265201	0.54138243	0.91866136
-0.5763082	-0.36872956	-0.80490774	0.26624748	1.4318107	1.1664454	-1.2387885	-0.23195304	-0.73683643	-0.5874124	1.477294	0.44013855
-1.5391961	-1.1537105	-0.9047526	0.8799159	1.0084112	0.35394153	-1.101238	-0.47912863	-0.36827484	-0.09923415	0.6075171	-0.11876438
-0.662991	-0.9383612	-0.6541487	0.75893885	1.0058126	0.6319338	-1.5038997	-0.20071384	0.01738339	-0.1538769	0.48729673	-2.3340457e-05
-0.7617195	-1.0931406	-0.7201353	0.7180188	0.761101	0.46067074	-1.5958141	-0.18967444	-0.33133212	-0.19402269	0.32354355	-0.2401884
-0.69737864	-0.93076545	-0.943265	0.8743018	0.6008545	0.5974065	-1.5967034	-0.2793912	-0.23045534	-0.6209158	0.3031964	-0.12544516
-0.66086227	-1.0054058	-0.89342767	0.623033	0.577889	0.44026878	-1.5631326	-0.19812877	-0.25394684	-0.5073566	0.21533103	-0.14822726
-1.3480709	-0.75018317	-1.2970423	0.63017064	0.5982132	-0.3537758	-0.67117053	-0.5308022	-0.047854133	-0.5749207	0.72040784	0.22137581
-1.3646693	-1.03079	-0.92663324	0.56012845	0.78127545	-0.071105935	-0.75347704	-0.63923746	-0.34536862	-0.1972326	0.6229884	0.20057108
-1.4916689	-1.1995683	-1.2512994	0.9669774	0.38870332	-0.23056453	-0.46562365	-0.9769225	-0.47196567	-0.26465276	0.7860325	0.41629878
-1.2638214	-1.05338	-1.1884938	0.6724913	0.33748332	-0.073925085	-0.6164504	-1.0400717	-0.48830348	-0.054476045	0.41265887	0.40522695
-1.2423875	-1.2734355	-1.002078	0.50832427	0.65572184	0.14691192	-0.7308965	-0.8905828	-0.4631294	0.15683196	0.3351903	0.2825985
-0.9431261	0.10210113	-2.3115482	0.7302943	-0.08844139	-0.6507972	-1.230227	-0.7232118	0.042025663	-0.683984	0.84522355	0.41841218
-1.3437581	-0.32278028	-1.6776536	1.2637441	-0.08295949	-0.30006102	-1.0639702	-0.67221254	-0.4647646	-0.8525593	0.96856976	0.3487476
-1.3942174	-0.42796755	-1.5451201	1.2068495	-0.09390381	-0.24951163	-0.88697654	-0.63237315	-0.59846145	-0.8419118	0.6473895	0.1962484
-1.051335	-0.2749754	-1.5922734	0.914597	-0.29072767	-0.37331358	-1.0511955	-0.72299457	-0.6112979	-0.51931816	0.6704552	0.4073196
-1.3454465	-0.30462226	-1.5078064	0.9728553	-0.044622973	-0.3361982	-1.0499907	-0.6115972	-0.61657983	-0.6882092	0.7933557	0.1671972
-0.5675625	-0.77096343	-1.9785782	0.4694491	-0.039316613	-0.76355934	-0.74317825	-0.33165318	0.21920516	-0.42136356	-0.24981955	0.6397213
-0.2778691	0.07774287	-2.5262346	1.0216471	0.5829775	-0.7712252	-0.28343618	-0.8704967	0.10784497	-0.49818343	0.051214144	1.3215815
-0.44402325	-0.23043065	-2.1379945	0.6862148	0.4192544	-0.68900657	-0.49474806	-1.0751305	-0.056463607	-0.25065604	0.28375512	1.0717516
0.20056963	0.14371224	-2.176946	1.1336839	0.73986363	-0.12417219	-0.3161571	-1.2538455	-0.34429392	-0.25893602	-0.19395524	1.1786582
0.67063993	-0.17542644	-1.9915694	1.0421164	0.95471317	-0.028135344	-0.30697882	-1.5314559	-0.44768754	-0.35036647	-0.41910094	1.1560459
-0.15301134	0.19809768	-2.2422154	1.0226558	0.9059232	-0.26625228	-0.12749623	-1.1417419	-0.19526584	-0.17677528	-0.07165238	1.1622866
-0.24916413	-0.027905043	-2.1508799	0.61349607	0.23419778	-0.6196856	-0.52582765	-0.9645648	-0.11577441	-0.15561351	-0.012514466	1.0482882
-0.96914935	-0.016850764	-2.1435542	1.1027918	0.38710296	-0.86829317	-0.5339238	-0.78979546	-0.32960817	-0.3675153	0.3148207	0.8860416
-0.11697232	-0.7865181	-1.5099387	0.7460031	-1.0270056	-0.35621163	-1.5519514	-0.046641707	0.3855615	-0.15363193	-0.058057517	1.1690366
-0.06535145	-0.14476356	-1.3865976	0.22084296	-0.71198255	-0.7008357	-1.9761512	-0.72558296	0.28133368	-0.0027961575	0.30974367	0.99992174
-0.3185029	0.3156179	-1.6874735	0.007544392	-0.82724726	0.04669544	-2.029052	-0.5080099	0.44659296	-0.2950837	0.41035134	0.6402722
0.05194791	0.85210145	-1.5886708	0.09301551	-0.9592465	0.99198616	-2.2695713	-0.8750061	0.40409446	0.05055348	0.0770552	0.16020417
-0.07950041	0.6408773	-2.0366287	0.18338813	-0.69129115	2.015613	-1.7252157	-0.3120667	0.12473816	0.53918725	0.03144505	0.9091116
-0.3223284	0.05187734	-1.9148557	0.103329614	-1.1411494	1.3725675	-1.5361803	-0.11026248	0.09137025	0.30212563	0.26182723	0.91336125
-0.6137224	-0.034534503	-2.0301752	-0.047201157	-1.1602001	0.46825308	-1.4201876	-0.06016738	0.27087942	0.33768433	0.63069695	0.927965
-0.32502243	-0.7569454	-2.0030842	0.28992236	-1.486202	0.3439911	-1.4569246	0.2722438	0.49061772	0.24152344	0.3244238	1.2598878
0.29395387	-0.9603946	-1.1310657	1.0932021	-0.5667204	-0.70330846	-1.5001487	-0.57564634	0.1607257	0.005517377	-0.1748045	1.6897551
-0.037531566	-1.2115508	-1.0414172	0.8362725	-0.6838149	-0.83243805	-1.3475627	-0.69781774	-0.24094	-0.2870273	-0.18447027	1.5229703
0.23984407	-0.87944186	-0.7413583	0.7303916	-0.57833135	-0.42428905	-0.8868567	-0.6901447	-0.403351	-0.44769865	-0.3106679	1.6787477
0.70887285	-0.6758139	-1.1630305	1.1250662	0.28199545	-0.16088781	-0.9601651	-0.9746935	-0.7740442	-0.44700897	-0.5255477	1.1836017
0.82486176	-0.49340448	-1.2963136	0.99492174	0.28023636	0.089528725	-1.0433524	-1.0274925	-0.7766766	-0.5795799	-0.698028	1.2562085
0.7110312	-0.74135363	-1.226578	0.80113906	0.00329718	-0.21756177	-0.97440505	-0.8432911	-0.68093103	-0.55921847	-0.5747491	1.0975219
0.21862902	-0.9682492	-0.8864235	0.89210093	-0.36909345	-0.33066124	-1.2398787	-0.72305566	-0.6590269	-0.40535554	-0.3839991	1.0677575
0.30481875	-0.56490064	-1.1974347	0.6428429	-0.8838312	-0.8459893	-1.486449	-0.5316413	-0.06102019	0.0722397	-0.09976373	1.1025683
0.074586496	-0.87632596	-0.2445449	1.6214991	-0.24024147	-0.8844312	-1.3013036	-0.740197	-0.0058831684	1.2986689	0.8924584	1.2703798
-0.24998592	-0.3969074	-0.47078884	0.6405159	-0.8211479	0.07915951	-1.0821683	-1.2361406	0.2251529	0.9820167	1.022397	1.620243
-0.38642177	-0.2441004	-0.38756475	0.7343588	-0.56107473	0.33951572	-0.8500115	-0.98865676	0.26291668	0.896073	0.7992583	1.2215097
-0.15268317	-0.08599821	-0.2022007	0.81574297	-0.71398664	0.5516941	-0.7972909	-1.0768081	0.17863128	1.1738049	0.8717068	1.710583
-0.6283291	0.205018	-0.22482455	0.61275166	-0.45199943	0.7046334	-0.9265546	-1.5805445	0.045134507	1.300794	1.2337587	1.4618713
-0.28314668	0.14518465	-0.31694385	0.77195543	-0.56222296	0.77168155	-1.0584378	-1.2387952	-0.013763752	1.074018	0.9104935	1.37304
-0.2666663	-0.30782685	-0.36791825	0.6808923	-0.5273706	0.05656027	-0.84826905	-1.076988	0.068429306	0.9399143	0.7949791	1.6333113
-0.20743376	-0.58258426	-0.6560296	0.9476342	-0.57614535	-0.1389265	-1.1557845	-0.90706164	-0.08738598	0.93269134	1.089347	1.7786129
0.6358234	-0.6651845	-0.4586673	1.5319523	-0.18068	-0.8570904	-1.9582309	-0.78925663	0.24127698	1.1810652	0.7833499	-0.5793602
-0.57856995	0.032701828	-0.18645404	2.2723658	0.03548325	-0.667104	-1.7743918	-0.93637496	-0.014166837	0.8479309	-0.42747957	0.68002945
-0.4951138	0.041754574	0.008156102	2.1916854	-0.17101826	-0.24299458	-1.7762809	-0.93244755	-0.0314785	0.6807852	-0.09857942	0.19897495
-0.69710845	0.54659635	-0.28335977	2.2612474	-0.14939778	0.1928525	-1.6338339	-0.9201991	0.012019027	0.76324546	-0.07615242	0.48517424
-0.20123991	0.50985336	-0.6110429	1.8732811	-0.41535398	0.0026327465	-1.8809861	-0.28081703	0.1279346	0.6764172	0.51224697	0.36148334
-0.38247025	0.6355667	-0.54631484	1.3356916	-0.4740071	0.30325425	-1.998441	-0.47120732	0.16590056	0.9906446	1.2733108	0.07790082
-0.12114872	0.10401246	-0.42711282	1.4019567	-0.8888927	0.17939116	-1.8506858	-0.6658528	0.29519984	0.87810063	0.8440577	0.07421653
0.30384958	-0.43608695	-0.4434749	1.1933277	-0.86302245	-0.29654106	-1.9651909	-0.69229347	0.5239083	1.1409276	1.2372438	-0.05521981
0.8739964	-1.3324072	-0.64891183	1.0170835	0.22897148	-0.83396	-1.4445322	-1.1256423	-0.15020898	0.7829593	0.7450994	-0.06343551
0.8512464	-1.6913809	-0.8077791	1.384348	0.2828263	-0.6772821	-1.0805407	-1.2175525	-0.57390857	0.106633	0.65701735	0.086489774
0.73071986	-1.2342453	-0.89291275	1.1247324	0.44756672	-0.3401576	-0.88329655	-1.5252376	-0.7364266	-0.55503446	0.19938879	-0.5958357
0.6874957	-1.1503052	-1.3323869	1.4200563	0.49329644	-0.14468452	-0.7633652	-1.0486591	-0.7404247	-0.52955675	-0.01687092	0.19402117
0.8460817	-1.0086343	-0.96919805	1.3155376	0.5323679	0.04837034	-1.0125146	-0.9551447	-0.72042996	-0.33055568	0.1563068	0.008919352
0.8599512	-0.704029	-1.2819014	1.0572195	0.7216419	0.0601135	-0.61454463	-1.0642719	-0.77006793	-0.36173496	-0.16887593	0.1703655
0.4995118	-1.0237849	-1.0678713	1.214787	0.4117626	-0.18479769	-0.7785621	-1.3008753	-0.94937813	-0.44805372	0.012099188	0.3214749
0.76511097	-0.8253941	-0.7909613	1.2565684	0.23987286	-0.7495025	-1.0162048	-1.2041652	-0.071210116	0.24881957	0.34220552	-0.07907669
0.7918563	-0.15221184	-0.7160717	0.14480962	0.77811074	0.38060898	-1.0021015	-2.1842163	0.270136	1.516448	0.6119803	-0.7391526
0.7994485	-0.031261526	-0.49853188	0.35038427	1.111615	0.34922084	-0.74300766	-2.228632	-0.07521421	1.2702965	0.19428596	-0.3751346
0.6241359	-0.35189	-0.72461885	0.44470316	0.75207543	0.3128508	-0.8642918	-1.6768744	-0.34408578	1.5138724	0.4524457	-0.15836446
0.7479862	0.277591	-0.9695071	0.28338042	1.2066147	0.7661415	-0.9608472	-1.7146698	-0.60296535	1.6379335	0.04453942	-0.08514736
0.5715067	0.40020433	-1.0936024	0.30701724	1.248474	0.8864189	-0.91007054	-1.7230952	-0.9602873	1.2722952	-0.4544456	0.5226447
0.6818352	0.276591	-1.1917701	0.37432632	1.1471851	0.64982504	-0.91292185	-1.4620403	-0.5707488	1.3204395	-0.22053435	0.23891726
0.7722858	-0.22010347	-0.8737016	0.41894993	0.7750964	0.29492348	-0.9853293	-1.6023016	-0.17840451	1.1510321	0.21823458	-0.35053
0.6374721	-0.45347592	-0.5919325	0.44824788	0.7537366	0.14893998	-1.0229136	-1.8498292	-0.1810413	1.5316519	0.1358197	-0.2693021
0.27179438	-0.14786856	-0.07843008	0.35072237	0.33237398	0.40041667	-0.6680107	-2.8038495	0.5581012	0.44457546	0.4636995	-0.9328188
-0.48408997	0.22893734	-0.9340526	0.56991804	-0.5978359	0.8742526	-0.8011255	-1.9871638	0.8485198	1.001282	0.93811345	-0.74323887
-0.551313	0.11268274	-1.0589696	0.54776555	-0.7796518	0.92905587	-0.97556704	-1.8690648	0.35067323	0.75978345	1.382338	-0.6565211
-1.0126183	0.3099362	-0.87168914	0.555915	-0.049060874	0.8495431	-0.6465703	-2.0096066	0.5199769	0.06821098	1.0448953	-0.70460373
-0.88507426	0.61749125	-0.92637914	0.9352754	-0.20521462	0.7920249	-0.38931304	-1.9987112	0.09938731	0.4151484	1.2013407	-0.2991421
-0.62896425	0.5087047	-0.5320453	0.94277185	-0.20175116	0.35851815	-0.2635163	-2.2944946	-0.019402094	0.6492982	0.9529645	-0.058438078
-0.7563129	0.48525506	-0.50795037	0.88240707	0.5374004	0.25137648	-0.2882914	-2.6705613	-0.64601	0.40963897	0.8077917	0.14803207
-0.29066783	0.2451814	0.052983206	0.5881338	0.32757115	0.420912	-0.41700315	-2.8912964	0.3961825	0.107354224	0.6894862	-0.445351
-0.06766814	-0.11595111	-0.2120693	0.36997017	-0.41813794	0.8758425	-1.3121163	-2.12572	0.6915336	-1.0862757	0.042508323	-0.2716113
0.3446999	-0.906658	0.01971804	0.8843278	-0.13835575	1.5671742	-1.5171921	-2.096028	0.49833146	-0.7730907	-0.529173	-0.06695795
0.23475793	-0.98236734	-0.015529734	0.56364965	-0.21572065	1.3827156	-1.2038728	-1.8522079	0.51960343	-0.4686867	-0.21397465	-0.37629357
0.096676044	-0.62461907	-0.17943476	1.0906816	-0.4920068	2.016182	-1.0242829	-1.4369452	0.2837775	-0.14048405	-0.07447613	0.5118516
-0.17501657	-0.6182951	-0.12322073	1.0863801	-0.063677594	2.1670325	-1.149559	-1.3923056	0.1638572	-0.21501029	-0.48472342	0.5997727
-0.096710786	-0.51266134	-0.11044723	1.0355637	-0.5748186	1.8841105	-0.96898484	-1.3049548	0.12183091	-0.057723995	0.0063675814	0.8092802
-0.08104905	-0.81907064	0.12679821	0.80786186	-0.44995317	1.3310302	-1.1465949	-1.633174	0.25598496	-0.32976145	-0.13489296	0.24418564
0.5967204	-0.5875643	0.14389397	0.5214783	0.01280231	0.94771725	-1.214295	-2.2948337	0.17977042	-0.5384705	-0.19967182	-0.358893
0.45779708	0.20075715	-0.9372989	0.47866523	-0.2222632	0.49555343	-1.5258027	-1.7030066	0.35147265	-0.7934527	0.1268103	-0.9603752
0.40478316	0.22513178	-0.81841403	0.043017764	-0.7086367	0.18644658	-1.7844408	-1.831993	-0.069122426	-1.1003814	0.08050227	-0.54130197
0.050253272	0.7909811	-0.823682	-0.5596684	-0.888577	0.46348184	-1.7993709	-1.6260524	0.074046016	-0.48141444	0.2263596	-0.10783635
0.27646273	1.1805804	-1.3948721	0.18276551	-0.4929634	0.5923001	-1.8374379	-1.251467	0.43650913	-0.17310502	0.21141839	0.66791517
0.0902712	1.1641128	-1.4231527	-0.18878037	-0.46399674	-0.0790972	-1.9949028	-0.9233318	-0.014726016	-0.34735876	0.45384032	0.5094216
0.09239497	1.284456	-1.2383634	0.36352322	0.032100644	0.57980686	-1.6352627	-0.99636245	-0.3034812	-0.6525913	-0.31039384	0.22076155
0.48644876	0.6477652	-0.9844367	0.341927	0.09341185	0.30969796	-1.5201975	-1.2742683	0.016592212	-0.9593273	-0.32349595	-0.5424728
0.40335512	0.72985667	-1.210848	0.62802166	0.11910403	0.16421707	-1.6737462	-1.5908555	-0.21771364	-1.237355	-0.19061665	-0.8556859
0.7068927	-1.4379585	-1.2588269	-1.1958497	-0.29292202	1.2198793	-0.68341213	-0.9996325	-1.8219397	1.0341809	0.12495855	1.0587081
0.34775615	-1.6884328	-1.0341177	-0.835396	-0.4091906	1.5939087	-0.72208697	-1.0857304	-1.8243043	0.87926114	-0.22195165	0.6895417
0.4001616	-1.1106559	-1.1599315	-1.2724591	-0.3405476	1.017871	-0.5436693	-1.2260289	-1.7654147	0.645267	0.16195342	0.6600715
0.5389005	-1.8152101	-1.1086364	-0.6843929	-0.513957	1.759387	-1.0811434	-1.0632757	-1.6607431	1.0762599	-0.43206093	0.8251578
0.6227741	-1.8719566	-1.4583905	-0.84172547	-0.018206773	2.0439634	-0.6318126	-1.0367094	-1.5750554	0.6564243	-0.47680813	0.9255239
0.44980633	-0.81301343	-1.4365994	-1.2296755	-0.45144722	1.2690003	-0.113512	-1.7380563	-1.6213429	0.10313536	1.0544977	0.9013811
0.5319606	-0.63830435	-1.3076938	-1.2673965	-0.440068	1.1719983	-0.41311604	-1.5677688	-1.6564078	0.5647224	0.49086255	0.713991
0.34070614	-0.45683143	-1.514541	-1.1012353	-0.29202494	1.0178133	-0.23505047	-1.7125686	-1.7112173	-0.0006388994	0.78951573	0.6598801
0.56094116	-0.8205678	-1.175088	-1.308838	-0.5544605	1.319398	-0.7200534	-1.3625793	-1.9960806	0.5835823	0.8502636	0.68359137
0.38232616	-0.57848734	-1.437631	-1.2142359	-0.3049151	1.0460442	-0.5599106	-1.5054764	-1.9048467	0.48299843	0.986211	0.6880298
0.3690069	-0.77671564	-1.3861935	-0.25457472	-0.013566224	1.7145002	0.09434748	-1.3811384	-1.480381	-0.6373009	1.1097392	0.94911695
0.21477099	-0.4330556	-1.353151	0.095586136	-0.55777717	1.7465849	0.70046264	-1.5974437	-1.4714198	-0.9990109	1.2124915	0.85802937
-0.17501126	-0.6472774	-1.0942084	-0.3874434	-0.27535114	1.8258498	0.14802603	-1.5374403	-1.4053551	-0.78465384	0.9713373	0.7646893
0.18076241	-0.5146659	-1.3199201	-0.51356125	0.008749526	1.3324876	-0.13330078	-1.3307587	-1.3882004	-0.5035826	0.7212229	0.68498147
-0.07398953	-0.5016332	-1.281794	-0.44520268	0.4115079	1.6382134	0.22401394	-1.1414776	-0.8913208	-1.1064706	1.0140771	0.7092566
0.15299414	-0.7262878	-0.8760296	0.37323013	0.4168756	1.5101936	-0.6947299	-0.42939374	-0.7656701	-0.7204204	2.06245	0.91640913
0.19488752	-0.7963002	-0.4836952	0.34176406	0.3654868	1.5053034	-0.8042063	-0.4183186	-0.6220613	-1.1024816	2.4541178	1.2458704
-0.34511575	-0.29811805	-0.49103397	0.3486502	1.6174765	1.8078847	-1.0441058	0.08881421	-0.7258016	-0.83355445	1.3711603	1.0375134
0.10438615	-0.24081337	-0.5011696	0.5603503	0.33035418	1.6423631	-0.91193986	-0.66753644	-1.1864223	-1.057273	2.001481	0.6979245
-0.17280683	-0.3922525	-0.9489696	-0.1924297	0.8552784	1.5655427	-0.41764334	-0.38945994	-1.0685546	-1.069958	1.7015307	0.9867511
0.029013691	0.04715154	-0.18338163	1.0621939	0.33713254	1.2935237	-0.5638136	-0.71519494	-1.1190437	-1.116357	1.8344194	1.4394667
0.06447932	0.074930884	0.27074003	1.0582615	0.25000516	1.565677	-0.15752704	-0.7564602	-1.727791	-1.0883226	1.4697157	1.1201696
0.34776804	0.4003158	0.013999356	1.2806373	0.03251346	1.3399888	-0.37735364	-0.9983873	-1.444908	-1.1189203	1.8297851	1.0071498
0.087033115	0.026540743	-0.37696832	0.11470572	-0.12356096	1.2388445	-0.35413787	-0.8092973	-1.4655716	-0.91020876	1.6588225	0.8280128
0.25270414	0.61795425	-0.17871283	1.0087132	0.2580414	0.8039322	-0.43919092	-0.6540796	-1.8046906	-0.8806685	1.3779004	1.147172
0.3262499	0.6154346	-0.82658523	0.63019973	-0.15467855	0.6999002	-0.11090976	-0.9886679	-1.8661191	-0.56903136	1.781921	-0.758494
0.6119582	0.82451874	-0.6254765	1.3653773	0.27847964	0.8884457	-0.5482849	-0.6323377	-2.10022	-0.11182859	1.4825807	0.22491385
0.7031847	0.4423197	-0.47325137	1.5119298	-0.056053616	1.1486162	-0.66527617	-0.79362714	-2.031282	-0.43704876	1.1854024	-0.025124654
0.43616238	0.6771344	-0.45823416	1.2275708	-0.08067684	0.84261286	-0.53967774	-0.681576	-1.8588196	-0.33378583	1.5721148	-0.07625382
0.8618079	0.73964405	-0.13042256	1.3668677	0.02347659	1.0080963	-0.529909	-0.45715672	-1.6748662	-0.60913396	1.2173265	0.21833493
0.24737674	0.55289316	-1.005355	1.0608679	-0.258221	0.43837154	-0.30379188	-0.21577013	-2.217581	0.19330233	1.2701453	0.25347388
0.7238448	0.64166796	-1.2273412	1.0031083	-0.5278671	0.21148989	-0.5042707	-0.6061055	-2.5457082	0.36279356	1.4042817	0.00486798
0.2721865	0.5180888	-1.309484	0.7613141	-0.25243574	-0.020507906	-0.42019734	-0.16442743	-2.6485431	0.8075456	1.4932958	0.6097946
0.6189137	0.2579392	-1.3007929	0.86990213	-0.3265808	0.3210209	-0.4167288	0.10906068	-2.1631012	0.9607136	1.0225495	0.19283403
0.9860454	0.8748173	-1.3992574	0.82709813	-0.23649122	0.19602995	-0.65778244	-0.17906886	-2.5190253	0.5218596	1.275203	0.17139095
0.50643873	-0.016851181	-1.0602359	1.3241097	-0.5423959	0.9867075	-0.47037822	0.26145217	-2.113051	0.8838133	0.44663438	0.12469715
0.23191503	-0.1621365	-1.1459299	1.3661019	-0.4423105	0.8577871	-0.4090037	0.47480142	-1.9725978	1.089243	0.19497088	0.3751555
0.56452805	-0.02930382	-1.4844216	1.445872	-0.3316233	1.2639029	-0.69523275	0.4163211	-2.110542	1.4792513	0.37768444	0.16950153
0.5328536	0.18110637	-1.4238985	1.1113855	-0.17040105	0.92692566	-0.8229169	0.5035481	-2.2354074	1.0332968	0.64341086	0.323543
0.91908437	0.6156886	-1.4645656	1.0715691	-0.55076903	1.2261988	-0.5229483	-0.07426515	-2.3657396	0.9013411	0.52822703	-0.0333693
0.18187897	0.111383006	-1.5695573	1.4624268	-0.6860305	0.9545755	0.08485755	-0.085845746	-1.9248283	1.3405657	0.4779774	0.026012352
0.009046331	-0.5937341	-0.8818856	1.8017154	-0.5442578	1.4780864	0.13789631	0.21435654	-1.6777211	1.3165948	0.17264906	0.07989603
-0.44457436	-0.309941	-1.2819489	1.5219185	-1.1243466	1.4355873	0.23687863	-0.2722464	-1.3009129	1.1280774	0.13446566	-0.52786887
0.0072773155	-0.6316102	-1.419144	1.6192187	-1.0321794	1.5030239	0.09875915	-0.4252022	-1.6888808	1.2267143	0.66469586	-0.14617571
-0.024260035	-0.65485793	-1.1978875	1.5950875	-0.6319386	1.7790196	0.3256122	-0.11667262	-1.5627093	1.7163992	0.47886074	0.052725427
-0.053087	-0.19490889	-1.396473	0.9537899	-1.3974282	1.3730428	-0.25254852	-1.2553555	-1.4803526	-0.48555753	0.1333742	-0.8739976
0.1641958	-0.83409816	-1.4031996	1.504024	-1.4847492	1.2637999	-0.03263902	-0.8173547	-1.374807	0.011650964	-0.031509124	-0.48371235
-0.20627898	-0.13001864	-1.3048129	1.0446935	-1.7882193	0.9225992	0.022619696	-0.91360813	-1.6039848	0.10440828	-0.07659078	-0.54288673
-0.028095573	-0.3925456	-1.2625366	1.403283	-1.6517067	1.0000472	0.24376634	-0.72418314	-1.566649	0.19277102	0.20443085	-0.3653199
-0.04705102	0.053334083	-1.3227588	1.2483965	-1.4943862	1.1515293	-0.16804262	-0.9105207	-1.5613098	-0.03815917	-0.2862944	-0.60007143
-0.6571681	0.14111179	-1.2817012	1.3513029	-0.6076875	0.9899404	-0.27742603	-1.0473155	-1.5936608	0.14472272	-1.1419289	-0.4946761
-0.9474036	-0.24301293	-1.2085621	1.1428956	-0.043155357	0.9150969	-0.08626322	-1.3431631	-1.6723391	-0.04294486	-1.4340484	-0.7543586
-0.60043466	-0.34071606	-0.96311015	0.8467746	-0.72206247	0.54871637	-0.6146758	-1.444555	-1.4954995	-0.1581392	-1.1084565	-0.80570227
-1.2438544	-0.41216192	-0.97806114	1.1834104	-0.21133691	0.6360641	-0.7115007	-1.3171247	-1.4815477	-0.013869122	-1.1139555	-0.97958493
-0.6685772	0.04038945	-1.3698514	0.9917616	-0.66608614	0.8350474	-0.26780403	-1.3937941	-1.7447046	-0.3692075	-1.3346841	-0.940134
-1.2488256	0.2202282	-0.69548255	0.8211449	-0.5825284	0.6569208	-0.40596187	-1.3420324	-1.4469842	-0.24276364	-1.0832101	-0.066645056
-1.3993266	0.16499639	-0.7814057	0.79165417	-0.31897715	0.7783887	-0.4674212	-1.3150504	-1.2774173	-0.29369104	-1.5102823	0.370449
-1.5367148	0.24095173	-0.39210683	0.7021349	-0.26263595	0.47759706	-0.88512546	-1.3757248	-1.2949524	-0.093401305	-1.3714631	0.42932737
-1.3246111	0.07612588	-0.3775937	0.74364215	-0.6868314	0.8094011	-0.4845327	-1.1702856	-1.4162811	-0.23238547	-1.0348237	0.31727993
-1.72248	0.41650838	-0.50135446	0.8997949	-0.33356327	0.67626375	-0.99401665	-1.275146	-1.4815032	-0.24317372	-1.399527	0.35195124
-1.4995184	0.3691332	-0.25409344	0.39086068	-0.66232896	0.7474574	-0.92391145	-1.1261312	-1.5765035	-0.05271934	-0.9701098	0.3606687
-1.3282096	0.370636	-0.092430025	0.14130473	-0.33045337	0.5643204	-1.2691313	-1.6557255	-1.9524277	0.028380258	-1.0049913	0.9514901
-1.4509443	0.2754519	-0.20412712	0.027017742	-0.19769338	0.6328908	-1.3925077	-1.448361	-1.8633996	0.26454824	-0.86428946	0.7911586
-1.4582784	0.4762532	-0.018161146	0.14194754	-0.41120827	0.8918989	-1.0450053	-1.6456978	-2.1291478	0.04470517	-1.3539613	0.9626818
-1.3952683	0.4490655	0.010385387	0.1925057	-0.4418289	0.7584674	-0.8442045	-1.4025404	-1.8605886	0.037150767	-1.5546745	0.60027796
-1.1803266	0.24915299	0.33773628	-0.32490623	0.2840484	0.70927596	-1.879823	-0.7049397	-1.9102602	0.28668666	-0.6235924	-0.077718705
-1.0879766	-0.5252782	0.62521684	0.3786474	-0.04731039	-0.17987601	-1.600895	-1.5899624	-1.8067967	-0.38455442	-0.33357558	0.2814066
-1.1119449	-0.013759299	0.3665362	-0.019768763	0.2783036	0.015750084	-1.7993145	-1.1202942	-1.7297567	0.071092695	-0.24345876	0.20209795
-1.1519039	0.19877136	0.6660074	0.028766409	0.06883836	0.1126783	-1.6569523	-1.1097777	-1.8733549	-0.014020058	-0.5401329	0.18683605
-0.76265824	-0.26267782	0.3699274	0.12779967	0.22462055	0.24245577	-1.8939683	-0.91787875	-2.2709901	0.06564746	-0.16107118	-0.5441743
-1.094687	-0.18570909	0.03428024	-0.19122162	0.36189163	0.52342	-2.0067163	-0.55281466	-1.4935082	0.4365151	0.006590835	-0.2577732
-1.3387593	0.19986784	0.0065412624	-0.34260845	0.64479697	0.5395949	-1.9142811	-0.78886336	-1.4560457	0.6035429	0.20626935	0.09408174
-1.712766	0.13820124	-0.3465324	-0.21277952	0.5179997	0.64958614	-1.2914344	-0.776279	-1.7475157	0.50994414	-0.011607364	-0.2334293
-1.50583	0.24399844	-0.34429324	-0.40287286	0.44777575	0.5450293	-1.5295786	-0.6275398	-1.6406997	0.6646953	0.16406965	-0.24590778
-1.4184929	0.3724476	0.02532642	-0.17772931	0.6805581	0.38342854	-1.7964456	-0.7902575	-1.7223152	0.645581	0.07753004	-0.23361471
-0.57011944	-0.392756	-0.12703659	0.12673277	1.0067716	0.8942836	-2.2488	-0.2199389	-1.0956076	-0.0068021175	0.34037915	-0.13523588
-0.59186864	-0.44494957	0.23233013	0.046334602	0.8871908	0.66178805	-2.0385742	-0.11664793	-0.97305274	-0.097904116	0.093497925	0.15056272
-0.2418235	-0.15302359	0.35716665	-0.21238807	1.0960999	0.7758039	-2.2691464	-0.1545162	-1.3548357	-0.036761217	0.2053771	0.09324007
-0.52719545	-0.6612716	0.05265414	0.1853773	0.47943413	1.1466156	-2.4667616	0.018765206	-1.6989675	-0.23359665	-0.21171269	-0.70646316
-0.36606875	-0.26733696	0.07206132	-0.021971997	0.9364509	0.97719926	-2.3506196	-0.09162227	-1.3644643	-0.08083249	0.17734194	-0.044344682
-0.48155192	-0.46266776	-0.29978666	-0.41472045	1.4492149	1.130235	-2.0207577	-0.06996824	-0.90907943	-0.17943811	0.6579996	0.38391843
-0.4849662	-0.55132383	-0.7708184	0.2560927	1.9542586	1.610869	-1.6771767	0.06520641	-0.5613822	-0.20069042	1.0593735	0.51777637
-0.7479805	-0.52445054	-0.04801049	0.0041105147	1.1968527	1.401665	-1.0555683	-0.042201087	-1.0736419	-0.22811224	0.9516744	0.09061693
-0.87308234	-0.66153765	-0.3433653	-0.07323948	1.3652991	1.3540515	-1.8710217	0.14285916	-0.88217765	-0.3246239	0.7689735	-0.13353506
-0.09108917	-0.27866757	-0.46240643	0.16309416	1.5453018	1.4253647	-1.392095	0.02023848	-0.9056664	-0.81414163	1.2758533	0.8257554
-1.7348806	-1.6014032	-0.43971273	0.58156615	0.97338	1.1665703	-1.3646684	0.115372896	-0.88712656	-0.09864384	-0.1373177	-0.71176726
-0.56400055	-0.94135195	-0.7638705	0.5331458	0.95284945	1.3433554	-1.6803168	0.16551133	-0.71512085	-0.27716032	0.09098857	-0.52621263
-0.7797073	-1.0493021	-0.7189057	0.4773328	0.78355896	1.1088021	-1.8158504	0.27060422	-0.7668965	0.002391524	0.26198965	-0.7973393
-0.70488596	-0.81509864	-0.5341665	0.6104944	0.9193421	1.3755165	-1.7857664	-0.105857804	-0.96237284	-0.13594168	0.06958821	-0.66444016
-0.9067526	-1.4521343	-0.42668903	0.5627839	0.6370997	1.4231095	-1.602458	0.013144225	-1.2956694	-0.043093726	-0.40455443	-1.162538
-1.5002078	-1.0266175	-0.9256578	0.2513982	0.1534807	0.59556425	-1.4883565	0.35299078	-0.6467371	-0.27049816	0.5757189	-0.68460023
-1.9612114	-1.4973111	-0.48262632	0.39722347	0.62181216	0.73453987	-0.64677864	-0.9807554	-0.972185	0.27871677	0.2644849	0.3093519
-1.7631761	-1.1669983	-0.5992278	0.34026372	0.63111556	0.4556843	-0.9561092	-0.7505566	-0.86373943	0.21047172	0.21278256	0.3093346
-1.9378685	-1.5118027	-0.71081394	0.2674746	0.34566915	0.8643817	-0.8133438	-0.69538236	-1.0272671	0.41162157	-0.24552114	-0.043113507
-1.9846197	-1.2619646	-0.540436	0.37592766	0.32539248	0.7445891	-0.8785162	-0.42074266	-1.2061683	0.09062837	0.47061282	-0.15191136
-1.9043107	-0.97148776	-1.7362516	0.2001448	-0.30222696	-0.4818691	-0.9019573	-0.22038423	-0.41249532	-0.94445956	0.584181	-0.075566955
-1.9268018	-0.76436573	-1.2441263	0.68297344	-0.57528067	-0.17421573	-1.330692	-0.2961799	-0.9634892	-0.7649159	1.0690404	-0.51121885
-1.7417749	-0.40321416	-1.3704883	0.64545673	-0.1240713	-0.49297565	-1.0682899	-0.62707144	-0.97375137	-0.7265383	1.0727161	-0.4673867
-2.0648086	-0.56896466	-1.2167648	0.64387405	-0.47928	-0.1866069	-1.1092395	-0.3510419	-1.1551571	-0.83235264	0.7786343	-0.36803737
-1.6049886	-0.29996896	-1.3292983	0.8231059	-0.41682962	-0.45375526	-1.0606501	-0.33075464	-1.0195565	-1.0888053	0.87195706	-0.49517956
-1.5040214	-1.1692712	-1.5184425	-0.31661895	-0.73662144	-0.686269	-1.1404003	-0.3578171	0.108510904	-0.5019678	0.024502352	0.20391943
-1.7503918	-0.6309555	-2.132361	-0.02724497	-0.023117628	-0.921835	-0.4469911	-0.71621984	-0.33014995	-0.5122286	0.1556003	0.38029975
-1.2045056	-0.21942103	-2.5039718	0.5811709	0.6981937	-0.40216082	-0.34346625	-0.7148044	-0.21260428	-0.695347	0.5627999	0.59829617
-0.5484865	-0.14154595	-2.3688915	0.96576285	1.0190092	-0.3876619	-0.37392482	-1.032931	-0.44643307	-0.45962578	0.25641125	0.86245114
-0.21412955	-0.29541737	-2.5659215	1.3163751	1.0740026	-0.40229177	-0.13265407	-0.9280041	-0.43069205	-0.59067935	0.1777928	1.2057585
-0.65978336	-0.5088966	-2.5606678	0.94813395	0.683086	-0.62436193	-0.1129641	-0.762965	-0.37452373	-0.87268794	-0.12818463	0.6855443
-1.0657738	-0.44239092	-2.4367874	0.37905374	0.7943517	-0.65010047	-0.25930265	-0.8016818	-0.17329225	-0.44323066	0.2819851	0.8358372
-1.5461903	-0.5708389	-2.0520034	0.23472874	0.35934582	-0.95503414	-0.5865799	-0.7107531	-0.54839146	-0.4749128	0.23069598	0.28236243
-1.0467556	-0.5871131	-1.6781956	-0.18395147	-0.50023794	-0.6669134	-1.5075586	-0.21884736	-0.06151346	-0.69748867	0.2450414	0.62398213
-0.6274318	0.37809047	-2.0896902	-0.09383857	-0.77124673	0.55376786	-1.5410055	0.020273648	0.3348521	-0.23949945	0.29531187	0.13966542
-0.34616297	0.7924923	-1.8837306	-0.060412373	-0.4643555	-0.013055253	-1.8335097	-0.6955154	0.6964671	0.028840195	0.44072127	0.82898307
-0.33527333	0.8119389	-1.8764389	-0.092803314	-1.3306246	0.7701062	-2.05832	-0.412181	0.45472687	0.35808393	0.28055403	0.4493583
-0.23027903	0.38781786	-2.3024108	0.111422576	-0.9112842	1.0236318	-1.9409722	-0.28857058	0.55894244	0.4348096	0.5432529	0.52885324
-1.0127628	0.20698477	-2.2437875	-0.11083365	-0.750484	1.5228829	-1.7982128	0.043114964	0.4229416	0.45562688	0.12277329	0.40176347
-0.8231426	-0.72878	-2.2041616	0.2533323	-1.2022407	1.2302778	-1.4940372	0.29373944	0.15553525	0.11969961	0.34509352	0.8457296
-1.1308794	-0.69506437	-2.2527778	0.33257276	-0.6689192	0.83779	-1.0464926	0.28222352	0.33921385	0.07158046	0.6781472	0.6686578
-0.63187045	-1.010544	-1.0117811	0.25995833	-0.413532	-0.85522145	-1.2588599	-0.4641721	0.06479137	-0.48214424	-0.101585746	1.4469215
0.21351278	-0.9098395	-1.5115688	0.6763808	-0.6955204	-0.7727024	-1.2074947	-0.40557504	-0.30017775	-0.72487676	-0.27661556	1.535308
0.6467881	-1.1824483	-1.1832727	0.89461374	-0.7017033	-0.38805392	-1.4777465	-0.65997535	-0.5179427	-0.572629	-0.57424045	1.574349
0.70276284	-0.95715207	-1.0672059	1.1399006	-0.09531527	-0.4405147	-1.3010507	-0.56417483	-0.7894094	-0.74801874	-0.6848848	1.4715756
0.7967967	-0.9517062	-1.2993503	1.145584	-0.04561084	-0.14202556	-1.0848501	-0.6670707	-0.9665637	-0.88346446	-0.7275513	1.6988376
0.5953472	-0.9315977	-1.2199565	1.0507128	-0.36419335	-0.5359162	-1.1676873	-0.7123736	-0.861475	-0.8823238	-0.7916876	1.4700115
0.04000157	-1.186668	-1.1337113	0.7687931	-0.58397293	-0.7599545	-1.5329762	-0.37887233	-0.6243318	-0.98224235	-0.38098845	1.4822744
-0.485943	-1.1024987	-0.637767	0.5740264	-0.33171138	-0.88619256	-1.2648664	-0.42894202	-0.7897486	-0.7211915	-0.17752478	1.5042821
-0.20481053	-0.8495309	-0.63560236	0.38088137	-0.3592012	-1.1853055	-1.4197006	-0.64244914	-0.2767344	0.6930405	1.1887447	0.84780174
-0.4214707	-0.8774263	-0.3498676	0.79347086	-0.32926396	-0.56923664	-0.98140025	-1.3543597	-0.021788694	0.44795978	0.843535	2.1510897
-0.63628376	-0.7965523	-0.16528949	0.6416945	-0.4876607	-0.11701601	-0.9141006	-1.0316337	-0.061017618	1.0555733	1.0698875	1.9490595
-0.5442623	-0.20855762	-0.25284627	0.83560306	-0.76033235	0.31455564	-0.99544513	-1.1770309	-0.0061531374	1.0449387	1.036449	2.3650942
-0.693547	-0.11481338	-0.40337175	0.9125925	-0.33971727	0.15280592	-0.8297795	-1.3400337	-0.1965988	1.2774397	1.0061682	2.0671952
-0.79664934	-0.15303603	-0.24840291	0.44388545	-0.5692406	0.62703586	-1.0541854	-1.2711346	-0.052334957	1.1751354	0.92071724	2.0256245
-0.21817553	-0.5983763	-0.33965486	0.6795455	-0.47115928	-0.06686857	-0.84929013	-1.1469544	0.07172264	1.2264303	0.97166634	1.9582853
-0.05830072	-0.9571045	-0.34976295	0.6034232	-0.612286	-0.6186792	-1.0393015	-0.9236831	-0.02270278	0.8563809	0.51353765	1.3583169
0.3072905	-1.0521758	-0.3509003	1.099711	-0.3001409	-0.964675	-1.5760766	-0.48121953	-0.076275446	1.1351656	0.7225092	0.15367638
0.1731808	-0.39462093	-0.16437313	1.6775687	-0.04473936	-0.48234075	-1.3743747	-1.0508039	0.26133665	1.1315404	0.31627032	0.37302372
-0.22875859	-0.275748	-0.2776617	2.4164257	-0.43119034	-0.63529885	-1.7353545	-0.92151856	-0.26672348	0.9422184	-0.16094144	0.8862423
-0.67003006	0.39784697	-0.16984393	2.451947	-0.367103	-0.31870937	-1.8873384	-0.6102377	-0.16763943	0.77233976	-0.045145743	0.7085795
-0.791434	0.5472239	-0.4483033	2.1567004	-0.017334316	-0.23944265	-1.8740847	-0.17532977	-0.06799038	0.663914	0.2340325	0.47015
-0.32479796	-0.0359491	-0.43789825	1.7574664	-0.53948194	-0.3965007	-1.9729626	-0.45870686	0.32065526	0.66526437	1.0413197	0.13859613
-0.481954	0.14174277	-0.30844435	1.2953583	-0.81245524	0.00080682524	-1.9604751	-0.562647	0.20739119	1.1175677	1.3872557	0.32752603
0.3451612	-0.9455047	-0.042150617	1.1850545	-0.6995862	-0.46687767	-1.7603136	-0.79003876	0.19080439	1.202771	1.2613682	0.017859763
0.8766866	-1.0305997	-0.49954337	0.8399118	0.24436995	-0.85856277	-1.3093979	-1.0639882	-0.13317458	0.8243123	0.47178337	-0.2577794
0.96133673	-1.4722323	-0.59552526	1.6129062	0.31157064	-0.5668999	-0.9021311	-1.0711584	-0.09661217	-0.06328157	0.9382663	-0.20243755
0.8987913	-1.6100588	-0.7786929	1.7105799	0.43044302	-0.7897694	-0.90602887	-0.8573599	-0.52750814	-0.27103627	0.46822435	-0.110375054
0.8441987	-1.2849218	-1.4652187	1.5914826	1.0170506	-0.5824678	-0.976028	-0.5384942	-0.9296148	-0.6477229	-0.25455335	0.20411952
1.114267	-1.3792369	-1.4780668	1.9369094	1.044168	-0.17381445	-0.90680724	-0.74308777	-0.6633103	-0.7283039	-0.13892436	0.6459786
0.9253632	-1.5652227	-1.043626	1.6723974	0.84866655	-0.42584896	-0.81797665	-0.7946011	-0.6835382	-0.49608824	0.37242752	0.20464452
1.0074556	-1.6799514	-0.85884684	1.4816914	0.3822658	-0.85474557	-0.9036047	-0.90225124	-0.46569213	-0.40335298	0.21230562	-0.069446504
1.1448818	-1.5810261	-0.9748523	1.5594909	0.28965253	-0.9665291	-1.0494277	-0.6444854	-0.26338947	-0.043426152	0.9057569	0.15932368
0.85461056	-0.9855322	-0.19612344	0.5315752	0.43458468	-0.35513562	-0.85816836	-2.265541	0.020267291	0.60158616	0.636744	-0.52440834
0.56996167	-0.99492383	-0.58066803	0.53143597	0.45802554	-0.2613541	-1.147139	-1.8013033	-0.43297997	1.4347975	0.49923193	-0.48334697
1.0257261	0.014832698	-1.1834284	0.39703602	1.3127714	0.35600168	-1.0931525	-1.6900434	-0.33071902	1.7485249	-0.11946492	0.6493447
1.2112256	-0.48408914	-0.7286143	0.7195933	1.2801738	-0.14121419	-1.3524901	-1.3222537	-0.35516062	1.5424315	-0.116385445	0.28203708
0.8575911	0.23801559	-1.2767835	0.7567901	1.8313563	0.4836615	-1.2995554	-1.4861077	-0.67662346	1.6114818	-0.5837412	1.1961174
0.9302392	-0.01140558	-0.8769014	0.5996126	1.2740903	0.5937734	-0.9562281	-1.7902124	-0.38634014	1.8573914	0.07767741	-0.15415373
0.7228287	-0.19143046	-1.2988783	0.62733823	1.6706398	0.16851793	-0.97957146	-1.4274606	-0.15992951	1.7979974	-0.21789373	0.43076828
0.78560615	-0.6190413	-0.4848157	0.44655728	0.62734973	-0.037432708	-1.094992	-1.9099032	-0.23969358	1.1231657	0.094379835	-0.6574466
0.48128298	-0.8556954	-0.36635113	0.56106895	0.5297161	0.2499097	-0.9764228	-1.9325594	0.5555749	0.400161	0.10840144	-0.56640893
-0.3264043	-0.47865164	-0.53120106	0.3980082	0.14489043	0.6764864	-0.7147864	-2.2515533	0.494138	0.30971113	0.7384836	-0.8609072
-0.13473818	-0.049165353	-0.82697225	1.0050977	-0.041297935	0.81059414	-0.86016554	-2.0428922	0.87380576	0.7833733	0.96759284	-0.5014113
-0.84696513	0.3579094	-0.7693703	1.0171676	0.038240064	0.520747	-0.5924283	-2.058818	0.72537947	0.78480864	1.358097	-0.6986
-0.95066744	0.6438003	-0.8252724	1.1733105	0.16623382	0.62461156	-0.44079652	-1.8518684	0.32574645	0.9063981	1.348973	-0.033098467
-1.0494474	0.88433164	-0.50590557	1.0389887	0.7738748	0.48531902	-0.30198708	-2.1038504	0.28037736	1.199093	1.1340098	0.09885028
-0.38961524	-0.00533325	-0.36318862	1.0173277	0.45194662	0.2574761	-0.41924453	-2.7745261	0.08275224	0.17831782	0.81469345	-0.105762295
-0.21335225	-0.4418725	-0.18131354	0.9835995	0.37583157	-0.031299658	-0.58639854	-2.3743098	-0.06216546	0.3904652	1.1432916	-0.596108
0.41270083	-0.66226226	-0.28762555	0.6137016	0.17423534	0.8225208	-1.267329	-2.1840336	0.48854157	-0.41577536	-0.079331145	-0.50017226
0.28472206	-0.94682133	-0.21884303	0.7658168	-0.16661339	1.4093648	-1.2827617	-2.0676558	0.66371834	-0.6180941	-0.059525035	-0.0021116408
0.12528482	-0.5743241	-0.08998066	1.1265352	-0.46954873	1.7815294	-1.2638965	-1.6450548	0.590612	-0.14275008	-0.008368373	0.4845666
0.353819	-0.7399019	-0.09614187	1.4058075	-0.22939259	1.7702619	-1.3465314	-1.9342674	0.87789077	-0.30512527	-0.15462774	0.72823495
-0.1658977	-0.7351785	-0.19915403	1.3116289	-0.48562723	2.2922883	-1.1275204	-1.2362589	0.54098266	-0.13031927	-0.24671188	1.0494043
-0.017819393	-0.53677464	-0.49539623	1.6742483	-0.2964614	1.982343	-1.3957111	-1.3066362	0.9980385	-0.04198299	-0.2478752	1.1239719
0.2992162	-0.67754596	-0.14412826	1.1012521	-0.53277457	1.7389151	-1.1197518	-2.0312293	0.6409353	-0.2019528	-0.019149868	0.7834628
0.35704267	-0.40760556	-0.18216637	0.972734	-0.3132985	1.0121207	-1.2860944	-2.1576114	0.5593051	-0.39829302	-0.21010692	0.23898911
0.71492	0.27102473	-0.6223948	0.4849862	-0.23182479	0.48968384	-1.3681855	-2.133052	0.9330354	-0.7540796	-0.058142506	0.19489965
0.57301265	0.36240917	-0.88673717	0.06036629	-0.3066603	0.30121472	-1.7069541	-1.6411524	0.39744145	-0.071834125	0.14022747	-0.3175186
0.45885548	0.89646053	-0.9776122	-0.033174496	-0.61722445	0.5013892	-1.7813456	-1.5878379	0.5070983	-0.4870872	0.22454019	0.029024037
0.07971798	0.9423834	-1.5609554	0.121177375	-0.50540054	0.055572353	-1.945035	-1.0605432	0.5848144	-0.44450185	0.26436925	0.22127599
0.24463008	1.5146599	-1.2718273	0.032962047	-0.47258276	0.22162831	-1.8912988	-1.3044955	0.08993624	0.14989741	0.54528487	0.7471096
1.174866	1.2978746	-1.3013618	0.8208772	0.63407797	0.39078262	-1.5696604	-1.7813219	-0.19746846	-0.774938	-0.29576534	0.47253552
0.7002925	1.0846385	-1.3051502	0.84115094	0.2758393	0.28959954	-1.7997118	-1.5162807	-0.47919124	-0.7580725	-0.1780892	0.76557845
0.8600624	0.6949749	-0.80430096	0.5596677	0.32248625	0.34477806	-1.812456	-1.7673223	0.30439332	-0.83953065	-0.2913664	0.26934564
