1 1
2 2
3 2
4 2
5 2
6 3
7 2
8 2
9 2
10 2
11 3
12 2
13 2
14 2
15 2
16 3
17 2
18 2
19 2
20 2
21 3
22 2
23 2
24 2
25 2
26 3
27 2
28 2
29 2
30 2
31 3
32 2
33 2
34 2
35 2
36 3
37 2
38 2
39 2
40 2
41 3
42 2
43 2
44 2
45 2
46 1
47 2
48 2
49 2
50 2
51 4
52 2
53 2
54 2
55 2
56 4
57 2
58 2
59 2
60 2
61 4
62 2
63 2
64 2
65 2
66 4
67 2
68 2
69 4
70 2
71 4
72 2
73 2
74 2
75 2
76 4
77 4
78 2
79 2
80 2
81 4
82 2
83 2
84 2
85 4
86 4
87 2
88 2
89 2
90 2
91 4
92 2
93 2
94 2
95 2
96 4
97 2
98 2
99 2
100 2
101 4
102 2
103 2
104 2
105 2
106 2
107 2
108 2
109 4
110 2
111 2
112 2
113 2
114 2
115 2
116 2
117 4
118 2
119 2
120 2
121 2
122 2
123 2
124 2
125 4
126 2
127 2
128 2
129 2
130 2
131 2
132 2
133 4
134 2
135 2
136 2
137 2
138 2
139 2
140 2
141 4
142 2
143 2
144 2
145 2
146 2
147 2
148 2
149 4
150 2
151 2
152 2
153 2
154 2
155 2
156 2
157 4
158 2
159 2
160 2
161 2
162 2
163 2
164 2
165 4
166 2
167 2
168 2
169 2
170 2
171 2
172 2
173 2
174 2
175 2
176 2
177 2
178 2
179 2
180 2
