1 4
2 1
3 1
4 1
5 1
6 4
7 1
8 1
9 1
10 1
11 4
12 1
13 1
14 1
15 1
16 4
17 1
18 3
19 1
20 1
21 4
22 1
23 1
24 1
25 1
26 4
27 1
28 1
29 1
30 1
31 4
32 1
33 1
34 1
35 1
36 4
37 1
38 1
39 1
40 1
41 4
42 1
43 1
44 1
45 1
46 4
47 1
48 1
49 1
50 1
51 2
52 1
53 1
54 1
55 1
56 2
57 1
58 1
59 1
60 1
61 2
62 1
63 1
64 1
65 1
66 2
67 1
68 1
69 2
70 1
71 2
72 1
73 1
74 1
75 1
76 2
77 2
78 1
79 1
80 1
81 2
82 1
83 1
84 1
85 2
86 2
87 1
88 1
89 1
90 1
91 2
92 1
93 1
94 1
95 1
96 2
97 1
98 1
99 1
100 1
101 2
102 3
103 3
104 3
105 3
106 3
107 3
108 3
109 2
110 3
111 3
112 3
113 3
114 3
115 3
116 3
117 2
118 3
119 3
120 3
121 3
122 3
123 3
124 3
125 2
126 3
127 3
128 3
129 3
130 3
131 3
132 3
133 2
134 3
135 3
136 3
137 3
138 3
139 3
140 3
141 2
142 3
143 3
144 3
145 3
146 3
147 3
148 3
149 2
150 3
151 3
152 3
153 3
154 3
155 3
156 3
157 2
158 3
159 3
160 3
161 3
162 3
163 3
164 3
165 2
166 3
167 3
168 3
169 3
170 3
171 3
172 3
173 3
174 3
175 3
176 3
177 3
178 3
179 3
180 3
