1 2
2 4
3 4
4 4
5 4
6 2
7 4
8 4
9 4
10 4
11 2
12 4
13 4
14 4
15 4
16 2
17 4
18 1
19 4
20 4
21 2
22 4
23 4
24 4
25 4
26 2
27 4
28 4
29 4
30 4
31 2
32 4
33 4
34 4
35 4
36 2
37 4
38 4
39 4
40 4
41 2
42 4
43 4
44 4
45 4
46 2
47 4
48 4
49 4
50 4
51 2
52 3
53 3
54 3
55 3
56 2
57 3
58 3
59 3
60 3
61 2
62 3
63 3
64 3
65 3
66 2
67 3
68 3
69 2
70 3
71 2
72 3
73 3
74 3
75 3
76 2
77 2
78 3
79 3
80 3
81 2
82 3
83 3
84 3
85 2
86 2
87 3
88 3
89 3
90 3
91 2
92 3
93 3
94 3
95 3
96 2
97 3
98 3
99 3
100 3
101 3
102 1
103 1
104 1
105 1
106 1
107 1
108 1
109 3
110 1
111 1
112 1
113 1
114 1
115 1
116 1
117 3
118 1
119 1
120 1
121 1
122 1
123 1
124 1
125 3
126 1
127 1
128 1
129 1
130 1
131 1
132 1
133 3
134 1
135 1
136 1
137 1
138 1
139 1
140 1
141 3
142 1
143 1
144 1
145 1
146 1
147 1
148 1
149 3
150 1
151 1
152 1
153 1
154 1
155 1
156 1
157 3
158 1
159 1
160 1
161 1
162 1
163 1
164 1
165 3
166 1
167 1
168 1
169 1
170 1
171 1
172 1
173 1
174 1
175 1
176 1
177 1
178 1
179 1
180 1
