1 4
2 3
3 3
4 3
5 3
6 4
7 3
8 3
9 3
10 3
11 4
12 3
13 3
14 3
15 3
16 4
17 3
18 2
19 3
20 3
21 1
22 3
23 3
24 3
25 3
26 4
27 3
28 3
29 3
30 3
31 4
32 3
33 3
34 3
35 3
36 4
37 3
38 3
39 3
40 3
41 4
42 3
43 3
44 3
45 3
46 4
47 3
48 3
49 3
50 3
51 4
52 2
53 2
54 2
55 2
56 4
57 2
58 2
59 2
60 2
61 4
62 2
63 2
64 2
65 2
66 1
67 2
68 2
69 4
70 2
71 1
72 2
73 2
74 2
75 2
76 1
77 4
78 2
79 2
80 2
81 1
82 2
83 2
84 2
85 2
86 1
87 2
88 2
89 2
90 2
91 1
92 2
93 2
94 2
95 2
96 1
97 2
98 2
99 2
100 2
101 1
102 4
103 4
104 4
105 1
106 4
107 4
108 4
109 1
110 1
111 1
112 1
113 1
114 4
115 1
116 4
117 1
118 4
119 4
120 4
121 1
122 4
123 4
124 4
125 1
126 4
127 4
128 4
129 1
130 4
131 4
132 4
133 1
134 4
135 4
136 4
137 1
138 4
139 4
140 4
141 1
142 4
143 4
144 4
145 1
146 4
147 4
148 4
149 1
150 4
151 4
152 4
153 1
154 4
155 4
156 4
157 1
158 4
159 4
160 4
161 1
162 4
163 4
164 4
165 1
166 4
167 4
168 4
169 1
170 4
171 4
172 4
173 1
174 1
175 1
176 1
177 1
178 1
179 1
180 1
