1 2
2 1
3 1
4 1
5 1
6 3
7 1
8 1
9 1
10 1
11 3
12 1
13 1
14 1
15 1
16 3
17 1
18 4
19 1
20 1
21 3
22 1
23 1
24 1
25 1
26 3
27 1
28 1
29 1
30 1
31 3
32 1
33 1
34 1
35 1
36 3
37 1
38 1
39 1
40 1
41 3
42 1
43 1
44 1
45 1
46 3
47 1
48 1
49 1
50 1
51 3
52 2
53 2
54 2
55 2
56 3
57 2
58 2
59 2
60 2
61 3
62 2
63 2
64 2
65 2
66 3
67 2
68 2
69 2
70 2
71 3
72 2
73 2
74 2
75 2
76 3
77 2
78 2
79 2
80 2
81 3
82 2
83 2
84 2
85 2
86 3
87 2
88 2
89 2
90 2
91 3
92 2
93 2
94 2
95 2
96 3
97 2
98 2
99 2
100 2
101 2
102 4
103 4
104 4
105 4
106 4
107 4
108 4
109 2
110 4
111 4
112 4
113 4
114 4
115 4
116 4
117 2
118 4
119 4
120 4
121 4
122 4
123 4
124 4
125 2
126 4
127 4
128 4
129 4
130 4
131 4
132 4
133 2
134 4
135 4
136 4
137 4
138 4
139 4
140 4
141 2
142 4
143 4
144 4
145 4
146 4
147 4
148 4
149 2
150 4
151 4
152 4
153 4
154 4
155 4
156 4
157 2
158 4
159 4
160 4
161 4
162 4
163 4
164 4
165 2
166 4
167 4
168 4
169 4
170 4
171 4
172 4
173 4
174 4
175 4
176 4
177 4
178 4
179 4
180 4
