1 1
2 2
3 2
4 2
5 2
6 1
7 2
8 2
9 2
10 2
11 1
12 2
13 2
14 2
15 2
16 1
17 2
18 2
19 2
20 2
21 1
22 2
23 2
24 2
25 2
26 1
27 2
28 2
29 2
30 2
31 1
32 2
33 2
34 2
35 2
36 1
37 2
38 2
39 2
40 2
41 1
42 2
43 2
44 2
45 2
46 1
47 2
48 2
49 2
50 2
51 4
52 3
53 3
54 3
55 3
56 4
57 3
58 3
59 3
60 3
61 4
62 3
63 3
64 3
65 3
66 4
67 3
68 3
69 3
70 3
71 4
72 3
73 3
74 3
75 3
76 4
77 3
78 3
79 3
80 3
81 4
82 3
83 3
84 3
85 4
86 4
87 3
88 3
89 3
90 3
91 4
92 3
93 3
94 3
95 3
96 4
97 3
98 3
99 3
100 3
101 4
102 2
103 2
104 2
105 2
106 2
107 2
108 2
109 4
110 2
111 2
112 2
113 2
114 2
115 2
116 2
117 4
118 2
119 2
120 2
121 2
122 2
123 2
124 2
125 4
126 2
127 2
128 2
129 2
130 2
131 2
132 2
133 4
134 2
135 2
136 2
137 2
138 2
139 2
140 2
141 4
142 2
143 2
144 2
145 2
146 2
147 2
148 2
149 4
150 2
151 2
152 2
153 2
154 2
155 2
156 2
157 4
158 2
159 2
160 2
161 2
162 2
163 2
164 2
165 4
166 2
167 2
168 2
169 2
170 2
171 2
172 2
173 4
174 2
175 2
176 4
177 2
178 2
179 2
180 2
