1 2
2 4
3 4
4 4
5 4
6 2
7 4
8 4
9 4
10 4
11 2
12 4
13 4
14 4
15 4
16 2
17 4
18 3
19 4
20 4
21 2
22 4
23 4
24 4
25 4
26 2
27 4
28 4
29 4
30 4
31 2
32 4
33 4
34 4
35 4
36 2
37 4
38 4
39 4
40 4
41 2
42 4
43 4
44 4
45 4
46 2
47 4
48 4
49 4
50 4
51 1
52 1
53 1
54 1
55 1
56 1
57 1
58 1
59 1
60 1
61 1
62 1
63 1
64 1
65 1
66 1
67 1
68 1
69 1
70 1
71 1
72 1
73 1
74 1
75 1
76 1
77 1
78 1
79 1
80 1
81 1
82 1
83 1
84 1
85 1
86 1
87 1
88 1
89 1
90 1
91 1
92 1
93 1
94 1
95 1
96 1
97 1
98 1
99 1
100 1
101 1
102 3
103 3
104 3
105 3
106 3
107 3
108 3
109 1
110 3
111 3
112 3
113 3
114 3
115 3
116 3
117 1
118 3
119 3
120 3
121 3
122 3
123 3
124 3
125 1
126 3
127 3
128 3
129 3
130 3
131 3
132 3
133 1
134 3
135 3
136 3
137 3
138 3
139 3
140 3
141 1
142 3
143 3
144 3
145 3
146 3
147 3
148 3
149 1
150 3
151 3
152 3
153 3
154 3
155 3
156 3
157 1
158 3
159 3
160 3
161 3
162 3
163 3
164 3
165 1
166 3
167 3
168 3
169 3
170 3
171 3
172 3
173 3
174 3
175 3
176 3
177 3
178 3
179 3
180 3
