1 1
2 4
3 4
4 4
5 4
6 3
7 4
8 4
9 4
10 4
11 3
12 4
13 4
14 4
15 4
16 3
17 4
18 2
19 4
20 4
21 3
22 4
23 4
24 4
25 4
26 3
27 4
28 4
29 4
30 4
31 3
32 4
33 4
34 4
35 4
36 3
37 4
38 4
39 4
40 4
41 3
42 4
43 4
44 4
45 4
46 3
47 4
48 4
49 4
50 4
51 3
52 1
53 1
54 1
55 1
56 3
57 1
58 1
59 1
60 1
61 3
62 1
63 1
64 1
65 1
66 3
67 1
68 1
69 1
70 1
71 3
72 1
73 1
74 1
75 1
76 3
77 1
78 1
79 1
80 1
81 3
82 1
83 1
84 1
85 1
86 3
87 1
88 1
89 1
90 1
91 3
92 1
93 1
94 1
95 1
96 3
97 1
98 1
99 1
100 1
101 1
102 2
103 2
104 2
105 2
106 2
107 2
108 2
109 1
110 2
111 2
112 2
113 2
114 2
115 2
116 2
117 1
118 2
119 2
120 2
121 2
122 2
123 2
124 2
125 1
126 2
127 2
128 2
129 2
130 2
131 2
132 2
133 1
134 2
135 2
136 2
137 2
138 2
139 2
140 2
141 1
142 2
143 2
144 2
145 2
146 2
147 2
148 2
149 1
150 2
151 2
152 2
153 2
154 2
155 2
156 2
157 1
158 2
159 2
160 2
161 2
162 2
163 2
164 2
165 1
166 2
167 2
168 2
169 2
170 2
171 2
172 2
173 2
174 2
175 2
176 2
177 2
178 2
179 2
180 2
