1 2
2 4
3 4
4 4
5 4
6 3
7 4
8 4
9 4
10 4
11 3
12 4
13 4
14 4
15 4
16 3
17 4
18 1
19 4
20 4
21 3
22 4
23 4
24 4
25 4
26 3
27 4
28 4
29 4
30 4
31 3
32 4
33 4
34 4
35 4
36 3
37 4
38 4
39 4
40 4
41 3
42 4
43 4
44 4
45 4
46 3
47 4
48 4
49 4
50 4
51 3
52 2
53 2
54 2
55 2
56 3
57 2
58 2
59 2
60 2
61 3
62 2
63 2
64 2
65 2
66 3
67 2
68 2
69 2
70 2
71 3
72 2
73 2
74 2
75 2
76 3
77 2
78 2
79 2
80 2
81 3
82 2
83 2
84 2
85 2
86 3
87 2
88 2
89 2
90 2
91 3
92 2
93 2
94 2
95 2
96 3
97 2
98 2
99 2
100 2
101 2
102 1
103 1
104 1
105 1
106 1
107 1
108 1
109 2
110 1
111 1
112 1
113 1
114 1
115 1
116 1
117 2
118 1
119 1
120 1
121 1
122 1
123 1
124 1
125 2
126 1
127 1
128 1
129 1
130 1
131 1
132 1
133 2
134 1
135 1
136 1
137 1
138 1
139 1
140 1
141 2
142 1
143 1
144 1
145 1
146 1
147 1
148 1
149 2
150 1
151 1
152 1
153 1
154 1
155 1
156 1
157 2
158 1
159 1
160 1
161 1
162 1
163 1
164 1
165 2
166 1
167 1
168 1
169 1
170 1
171 1
172 1
173 1
174 1
175 1
176 1
177 1
178 1
179 1
180 1
