1 4
2 3
3 3
4 3
5 3
6 4
7 3
8 3
9 3
10 3
11 4
12 3
13 3
14 3
15 3
16 4
17 3
18 2
19 3
20 3
21 4
22 3
23 3
24 3
25 3
26 4
27 3
28 3
29 3
30 3
31 4
32 3
33 3
34 3
35 3
36 4
37 3
38 3
39 3
40 3
41 4
42 3
43 3
44 3
45 3
46 4
47 3
48 3
49 3
50 3
51 1
52 3
53 3
54 3
55 3
56 1
57 3
58 3
59 3
60 3
61 1
62 3
63 3
64 3
65 3
66 1
67 3
68 3
69 3
70 3
71 1
72 3
73 3
74 3
75 3
76 1
77 3
78 3
79 3
80 3
81 1
82 3
83 3
84 3
85 1
86 1
87 3
88 3
89 3
90 3
91 1
92 3
93 3
94 3
95 3
96 1
97 3
98 3
99 3
100 3
101 1
102 2
103 2
104 2
105 2
106 2
107 2
108 2
109 1
110 2
111 2
112 2
113 2
114 2
115 2
116 2
117 1
118 2
119 2
120 2
121 2
122 2
123 2
124 2
125 1
126 2
127 2
128 2
129 2
130 2
131 2
132 2
133 1
134 2
135 2
136 2
137 2
138 2
139 2
140 2
141 1
142 2
143 2
144 2
145 2
146 2
147 2
148 2
149 1
150 2
151 2
152 2
153 2
154 2
155 2
156 2
157 1
158 2
159 2
160 2
161 2
162 2
163 2
164 2
165 1
166 2
167 2
168 2
169 2
170 2
171 2
172 2
173 2
174 2
175 2
176 2
177 2
178 2
179 2
180 2
