1 4
2 2
3 2
4 2
5 2
6 4
7 2
8 2
9 2
10 2
11 4
12 2
13 2
14 2
15 2
16 4
17 2
18 3
19 2
20 2
21 1
22 2
23 2
24 2
25 2
26 4
27 2
28 2
29 2
30 2
31 4
32 2
33 2
34 2
35 2
36 4
37 2
38 2
39 2
40 2
41 4
42 2
43 2
44 2
45 2
46 4
47 2
48 2
49 2
50 2
51 4
52 3
53 3
54 3
55 3
56 4
57 3
58 3
59 3
60 3
61 4
62 3
63 3
64 3
65 3
66 1
67 3
68 3
69 4
70 3
71 1
72 3
73 3
74 3
75 3
76 1
77 4
78 3
79 3
80 3
81 1
82 3
83 3
84 3
85 3
86 1
87 3
88 3
89 3
90 3
91 1
92 3
93 3
94 3
95 3
96 1
97 3
98 3
99 3
100 3
101 1
102 4
103 4
104 4
105 1
106 4
107 4
108 4
109 1
110 1
111 1
112 1
113 1
114 4
115 1
116 4
117 1
118 4
119 4
120 4
121 1
122 4
123 4
124 4
125 1
126 4
127 4
128 4
129 1
130 4
131 4
132 4
133 1
134 4
135 4
136 4
137 1
138 4
139 4
140 4
141 1
142 4
143 4
144 4
145 1
146 4
147 4
148 4
149 1
150 4
151 4
152 4
153 1
154 4
155 4
156 4
157 1
158 4
159 4
160 4
161 1
162 4
163 4
164 4
165 1
166 4
167 4
168 4
169 1
170 4
171 4
172 4
173 1
174 1
175 1
176 1
177 1
178 1
179 1
180 1
