1 4
2 2
3 2
4 2
5 2
6 4
7 2
8 2
9 2
10 2
11 4
12 2
13 2
14 2
15 2
16 4
17 2
18 3
19 2
20 2
21 4
22 2
23 2
24 2
25 2
26 4
27 2
28 2
29 2
30 2
31 4
32 2
33 2
34 2
35 2
36 4
37 2
38 2
39 2
40 2
41 4
42 2
43 2
44 2
45 2
46 4
47 2
48 2
49 2
50 2
51 1
52 1
53 1
54 1
55 1
56 1
57 2
58 2
59 2
60 2
61 1
62 2
63 2
64 2
65 2
66 1
67 2
68 2
69 1
70 2
71 1
72 2
73 2
74 2
75 2
76 1
77 1
78 2
79 2
80 2
81 1
82 2
83 2
84 2
85 1
86 1
87 2
88 2
89 2
90 2
91 1
92 2
93 2
94 2
95 2
96 1
97 1
98 1
99 1
100 1
101 1
102 3
103 3
104 3
105 3
106 3
107 3
108 3
109 1
110 3
111 3
112 3
113 3
114 3
115 3
116 3
117 1
118 3
119 3
120 3
121 3
122 3
123 3
124 3
125 1
126 3
127 3
128 3
129 3
130 3
131 3
132 3
133 1
134 3
135 3
136 3
137 3
138 3
139 3
140 3
141 1
142 3
143 3
144 3
145 3
146 3
147 3
148 3
149 1
150 3
151 3
152 3
153 3
154 3
155 3
156 3
157 1
158 3
159 3
160 3
161 3
162 3
163 3
164 3
165 1
166 3
167 3
168 3
169 3
170 3
171 3
172 3
173 3
174 3
175 3
176 3
177 3
178 3
179 3
180 3
