1 1
2 2
3 2
4 2
5 2
6 1
7 2
8 2
9 2
10 2
11 1
12 2
13 2
14 2
15 2
16 1
17 2
18 3
19 2
20 2
21 4
22 2
23 2
24 2
25 2
26 1
27 2
28 2
29 2
30 2
31 1
32 2
33 2
34 2
35 2
36 1
37 2
38 2
39 2
40 2
41 1
42 2
43 2
44 2
45 2
46 1
47 2
48 2
49 2
50 2
51 1
52 3
53 3
54 3
55 3
56 1
57 3
58 3
59 3
60 3
61 1
62 3
63 3
64 3
65 3
66 4
67 3
68 3
69 1
70 3
71 4
72 3
73 3
74 3
75 3
76 4
77 1
78 3
79 3
80 3
81 4
82 3
83 3
84 3
85 3
86 4
87 3
88 3
89 3
90 3
91 4
92 3
93 3
94 3
95 3
96 4
97 3
98 3
99 3
100 3
101 4
102 1
103 1
104 1
105 4
106 1
107 1
108 1
109 4
110 4
111 4
112 4
113 4
114 1
115 4
116 1
117 4
118 1
119 1
120 1
121 4
122 1
123 1
124 1
125 4
126 1
127 1
128 1
129 4
130 1
131 1
132 1
133 4
134 1
135 1
136 1
137 4
138 1
139 1
140 1
141 4
142 1
143 1
144 1
145 4
146 1
147 1
148 1
149 4
150 1
151 1
152 1
153 4
154 1
155 1
156 1
157 4
158 1
159 1
160 1
161 4
162 1
163 1
164 1
165 4
166 1
167 1
168 1
169 4
170 1
171 1
172 1
173 4
174 4
175 4
176 4
177 4
178 4
179 4
180 4
