1 2
2 1
3 1
4 1
5 1
6 2
7 1
8 1
9 1
10 1
11 2
12 1
13 1
14 1
15 1
16 2
17 1
18 3
19 1
20 1
21 4
22 1
23 1
24 1
25 1
26 2
27 1
28 1
29 1
30 1
31 2
32 1
33 1
34 1
35 1
36 2
37 1
38 1
39 1
40 1
41 2
42 1
43 1
44 1
45 1
46 2
47 1
48 1
49 1
50 1
51 2
52 3
53 3
54 3
55 3
56 2
57 3
58 3
59 3
60 3
61 2
62 3
63 3
64 3
65 3
66 4
67 3
68 3
69 2
70 3
71 4
72 3
73 3
74 3
75 3
76 4
77 2
78 3
79 3
80 3
81 4
82 3
83 3
84 3
85 3
86 4
87 3
88 3
89 3
90 3
91 4
92 3
93 3
94 3
95 3
96 4
97 3
98 3
99 3
100 3
101 4
102 2
103 2
104 2
105 4
106 2
107 2
108 2
109 4
110 4
111 4
112 4
113 4
114 2
115 4
116 2
117 4
118 2
119 2
120 2
121 4
122 2
123 2
124 2
125 4
126 2
127 2
128 2
129 4
130 2
131 2
132 2
133 4
134 2
135 2
136 2
137 4
138 2
139 2
140 2
141 4
142 2
143 2
144 2
145 4
146 2
147 2
148 2
149 4
150 2
151 2
152 2
153 4
154 2
155 2
156 2
157 4
158 2
159 2
160 2
161 4
162 2
163 2
164 2
165 4
166 2
167 2
168 2
169 4
170 2
171 2
172 2
173 4
174 4
175 4
176 4
177 4
178 4
179 4
180 4
